Log file: /home/cx/robot_deploy/log/2026-08-31_14-30-21.txt
Loaded ONNX policy: /home/cx/mjlab-recovered/logs/rsl_rl/custom_biped_velocity_nolinvel/2026-07-30_23-56-50/2026-07-30_23-56-50.onnx
  input=obs[1,65] output=actions[1,6]
  velocity_command=[0.3, 0.0, 0.0]
  startup=move 4s + hold 1s
Connected to /dev/ttyACM0 at 921600 baud; loop rate 200 Hz.
joint_pos=[0.0, 0.0, 0.0, 0.0, 0.0, 0.0] joint_vel=[0.0, 0.0, 0.0, 0.0, 0.0, 0.0] imu_ang_vel=[0.0015748068690299988, 0.0015828097239136696, -0.0019565336406230927] imu_quat_wxyz=[0.9913249015808105, 0.08468151837587357, -0.03672384098172188, -0.09357038140296936] status=0x0803
ONNX startup: moving from measured joint positions to [10.0, -20.0, 10.0, 10.0, -20.0, 10.0] deg over 4 s.
joint_pos=[0.0, 0.0, 0.0, 0.0, 0.0, 0.0] joint_vel=[0.0, 0.0, 0.0, 0.0, 0.0, 0.0] imu_ang_vel=[-0.0005557220429182053, 0.0010501774959266186, -0.0024891658686101437] imu_quat_wxyz=[0.9913250207901001, 0.08467208594083786, -0.03672115504741669, -0.09357815980911255] status=0x0803
joint_pos=[0.0, 0.0, 0.0, 0.0, 0.0, 0.0] joint_vel=[0.0, 0.0, 0.0, 0.0, 0.0, 0.0] imu_ang_vel=[0.0010421741753816605, 0.0005175452679395676, -0.0035544303245842457] imu_quat_wxyz=[0.9913256764411926, 0.0846698209643364, -0.03672489523887634, -0.09357250481843948] status=0x0803
joint_pos=[0.0, 0.0, 0.0, 0.0, 0.0, 0.0] joint_vel=[0.0, 0.0, 0.0, 0.0, 0.0, 0.0] imu_ang_vel=[0.0005095433443784714, 0.0005175452679395676, -0.0008912696503102779] imu_quat_wxyz=[0.9913254380226135, 0.08467163890600204, -0.036722857505083084, -0.09357424825429916] status=0x0803
joint_pos=[0.0, 0.0, 0.0, 0.0, 0.0, 0.0] joint_vel=[0.0, 0.0, 0.0, 0.0, 0.0, 0.0] imu_ang_vel=[-2.3089349269866943e-05, 0.0010501774959266186, -0.0024891658686101437] imu_quat_wxyz=[0.9913250803947449, 0.08466951549053192, -0.036724843084812164, -0.09357837587594986] status=0x0803
joint_pos=[0.0, 0.0, 0.0, 0.0, 0.0, 0.0] joint_vel=[0.0, 0.0, 0.0, 0.0, 0.0, 0.0] imu_ang_vel=[0.0005095433443784714, 0.0005175452679395676, -0.0014239014126360416] imu_quat_wxyz=[0.9913254976272583, 0.08466953784227371, -0.03672078996896744, -0.09357554465532303] status=0x0803
joint_pos=[0.0, 0.0, 0.0, 0.0, 0.0, 0.0] joint_vel=[0.0, 0.0, 0.0, 0.0, 0.0, 0.0] imu_ang_vel=[-2.3089349269866943e-05, 0.0015828097239136696, -0.0008912696503102779] imu_quat_wxyz=[0.9913250803947449, 0.0846710354089737, -0.03672172129154205, -0.09357880055904388] status=0x0803
joint_pos=[0.0, 0.0, 0.0, 0.0, 0.0, 0.0] joint_vel=[0.0, 0.0, 0.0, 0.0, 0.0, 0.0] imu_ang_vel=[0.0005095433443784714, 0.0005175452679395676, -0.0014239014126360416] imu_quat_wxyz=[0.9913252592086792, 0.0846705213189125, -0.036720845848321915, -0.09357798844575882] status=0x0803
joint_pos=[0.0, 0.0, 0.0, 0.0, 0.0, 0.0] joint_vel=[0.0, 0.0, 0.0, 0.0, 0.0, 0.0] imu_ang_vel=[-2.3089349269866943e-05, 0.0015828097239136696, -0.003021798562258482] imu_quat_wxyz=[0.9913249611854553, 0.08467153459787369, -0.036721594631671906, -0.09357965737581253] status=0x0803
joint_pos=[0.0, 0.0, 0.0, 0.0, 0.0, 0.0] joint_vel=[0.0, 0.0, 0.0, 0.0, 0.0, 0.0] imu_ang_vel=[0.0005095433443784714, 0.0010501774959266186, -0.0024891658686101437] imu_quat_wxyz=[0.9913250207901001, 0.08467049151659012, -0.0367196686565876, -0.09358103573322296] status=0x0803
joint_pos=[0.0, 0.0, 0.0, 0.0, 0.0, 0.0] joint_vel=[0.0, 0.0, 0.0, 0.0, 0.0, 0.0] imu_ang_vel=[0.0015748068690299988, 0.0010501774959266186, -0.0024891658686101437] imu_quat_wxyz=[0.9913250207901001, 0.08466678857803345, -0.03672287240624428, -0.09358242154121399] status=0x0803
joint_pos=[0.0, 0.0, 0.0, 0.0, 0.0, 0.0] joint_vel=[0.0, 0.0, 0.0, 0.0, 0.0, 0.0] imu_ang_vel=[-2.3089349269866943e-05, 0.0010501774959266186, -0.0008912696503102779] imu_quat_wxyz=[0.9913244247436523, 0.08466777205467224, -0.03672259300947189, -0.09358809888362885] status=0x0803
joint_pos=[0.0, 0.0, 0.0, 0.0, 0.0, 0.0] joint_vel=[0.0, 0.0, 0.0, 0.0, 0.0, 0.0] imu_ang_vel=[0.0010421741753816605, 0.0005175452679395676, -0.0008912696503102779] imu_quat_wxyz=[0.991324782371521, 0.08466756343841553, -0.03672068938612938, -0.09358562529087067] status=0x0803
joint_pos=[0.0, 0.0, 0.0, 0.0, 0.0, 0.0] joint_vel=[0.0, 0.0, 0.0, 0.0, 0.0, 0.0] imu_ang_vel=[0.0005095433443784714, -1.5086960047483444e-05, -0.0024891658686101437] imu_quat_wxyz=[0.9913240075111389, 0.08466914296150208, -0.0367291234433651, -0.09358812868595123] status=0x0803
joint_pos=[0.0, 0.0, 0.0, 0.0, 0.0, 0.0] joint_vel=[0.0, 0.0, 0.0, 0.0, 0.0, 0.0] imu_ang_vel=[-0.0005557220429182053, 0.0015828097239136696, -0.0024891658686101437] imu_quat_wxyz=[0.9913247227668762, 0.0846671313047409, -0.03673422336578369, -0.09358089417219162] status=0x0803
joint_pos=[0.0, 0.0, 0.0, 0.0, 0.0, 0.0] joint_vel=[0.0, 0.0, 0.0, 0.0, 0.0, 0.0] imu_ang_vel=[-2.3089349269866943e-05, 0.0005175452679395676, -0.0035544303245842457] imu_quat_wxyz=[0.9913251399993896, 0.08466219156980515, -0.03673485293984413, -0.09358134865760803] status=0x0803
joint_pos=[0.0, 0.0, 0.0, 0.0, 0.0, 0.0] joint_vel=[0.0, 0.0, 0.0, 0.0, 0.0, 0.0] imu_ang_vel=[0.0005095433443784714, -0.0005477191880345345, -0.0019565336406230927] imu_quat_wxyz=[0.9913244247436523, 0.08466288447380066, -0.03673447296023369, -0.09358780831098557] status=0x0803
joint_pos=[0.0, 0.0, 0.0, 0.0, 0.0, 0.0] joint_vel=[0.0, 0.0, 0.0, 0.0, 0.0, 0.0] imu_ang_vel=[0.0010421741753816605, -1.5086960047483444e-05, -0.0019565336406230927] imu_quat_wxyz=[0.9913251996040344, 0.08465922623872757, -0.03673655539751053, -0.09358236938714981] status=0x0803
joint_pos=[0.0, 0.0, 0.0, 0.0, 0.0, 0.0] joint_vel=[0.0, 0.0, 0.0, 0.0, 0.0, 0.0] imu_ang_vel=[-0.0010883528739213943, -1.5086960047483444e-05, -0.0019565336406230927] imu_quat_wxyz=[0.9913243055343628, 0.0846574604511261, -0.03674698248505592, -0.09358938038349152] status=0x0803
joint_pos=[0.0, 0.0, 0.0, 0.0, 0.0, 0.0] joint_vel=[0.0, 0.0, 0.0, 0.0, 0.0, 0.0] imu_ang_vel=[0.0005095433443784714, 0.0005175452679395676, -0.0014239014126360416] imu_quat_wxyz=[0.9913250207901001, 0.08465805649757385, -0.036742910742759705, -0.09358221292495728] status=0x0803
joint_pos=[0.0, 0.0, 0.0, 0.0, 0.0, 0.0] joint_vel=[0.0, 0.0, 0.0, 0.0, 0.0, 0.0] imu_ang_vel=[-2.3089349269866943e-05, -1.5086960047483444e-05, -0.0014239014126360416] imu_quat_wxyz=[0.9913249611854553, 0.08465822041034698, -0.03673994541168213, -0.09358490258455276] status=0x0803
joint_pos=[0.0, 0.0, 0.0, 0.0, 0.0, 0.0] joint_vel=[0.0, 0.0, 0.0, 0.0, 0.0, 0.0] imu_ang_vel=[0.002107439562678337, 0.0015828097239136696, -0.0019565336406230927] imu_quat_wxyz=[0.9913248419761658, 0.08465839177370071, -0.03673833981156349, -0.09358689188957214] status=0x0803
joint_pos=[0.0, 0.0, 0.0, 0.0, 0.0, 0.0] joint_vel=[0.0, 0.0, 0.0, 0.0, 0.0, 0.0] imu_ang_vel=[-2.3089349269866943e-05, 0.002115441719070077, -0.0014239014126360416] imu_quat_wxyz=[0.9913246631622314, 0.08466149866580963, -0.03673760965466499, -0.09358593821525574] status=0x0803
joint_pos=[0.0, 0.0, 0.0, 0.0, 0.0, 0.0] joint_vel=[0.0, 0.0, 0.0, 0.0, 0.0, 0.0] imu_ang_vel=[0.0010421741753816605, 0.0005175452679395676, -0.00035863742232322693] imu_quat_wxyz=[0.991324782371521, 0.0846608579158783, -0.03673861175775528, -0.09358488768339157] status=0x0803
joint_pos=[0.0, 0.0, 0.0, 0.0, 0.0, 0.0] joint_vel=[0.0, 0.0, 0.0, 0.0, 0.0, 0.0] imu_ang_vel=[0.002107439562678337, 0.0010501774959266186, -0.0019565336406230927] imu_quat_wxyz=[0.9913246631622314, 0.08466079831123352, -0.03674176707863808, -0.0935835912823677] status=0x0803
joint_pos=[0.0, 0.0, 0.0, 0.0, 0.0, 0.0] joint_vel=[0.0, 0.0, 0.0, 0.0, 0.0, 0.0] imu_ang_vel=[-2.3089349269866943e-05, 0.002115441719070077, -0.0014239014126360416] imu_quat_wxyz=[0.9913249015808105, 0.08466162532567978, -0.036746010184288025, -0.0935794860124588] status=0x0803
joint_pos=[0.0, 0.0, 0.0, 0.0, 0.0, 0.0] joint_vel=[0.0, 0.0, 0.0, 0.0, 0.0, 0.0] imu_ang_vel=[-0.00037817656993865967, 0.00034000095911324024, -0.0024891658686101437] imu_quat_wxyz=[0.9913248419761658, 0.08466093987226486, -0.036748118698596954, -0.09358073770999908] status=0x0803
joint_pos=[0.0, 0.0, 0.0, 0.0, 0.0, 0.0] joint_vel=[0.0, 0.0, 0.0, 0.0, 0.0, 0.0] imu_ang_vel=[-2.3089349269866943e-05, 0.0005175452679395676, -0.00035863742232322693] imu_quat_wxyz=[0.9913234710693359, 0.08466944843530655, -0.03674938902258873, -0.09358631819486618] status=0x0803
joint_pos=[0.0, 0.0, 0.0, 0.0, 0.0, 0.0] joint_vel=[0.0, 0.0, 0.0, 0.0, 0.0, 0.0] imu_ang_vel=[-0.0016209855675697327, 0.0010501774959266186, -0.0019565336406230927] imu_quat_wxyz=[0.9913237690925598, 0.08466146141290665, -0.03674843907356262, -0.0935901552438736] status=0x0803
joint_pos=[0.0, 0.0, 0.0, 0.0, 0.0, 0.0] joint_vel=[0.0, 0.0, 0.0, 0.0, 0.0, 0.0] imu_ang_vel=[0.0010421741753816605, 0.002115441719070077, -0.0024891658686101437] imu_quat_wxyz=[0.9913240671157837, 0.08466169238090515, -0.03674529120326042, -0.09358927607536316] status=0x0803
joint_pos=[0.0, 0.0, 0.0, 0.0, 0.0, 0.0] joint_vel=[0.0, 0.0, 0.0, 0.0, 0.0, 0.0] imu_ang_vel=[0.0015748068690299988, -1.5086960047483444e-05, -0.0014239014126360416] imu_quat_wxyz=[0.9913237690925598, 0.08466023206710815, -0.036742016673088074, -0.09359417855739594] status=0x0803
joint_pos=[0.0, 0.0, 0.0, 0.0, 0.0, 0.0] joint_vel=[0.0, 0.0, 0.0, 0.0, 0.0, 0.0] imu_ang_vel=[-2.3089349269866943e-05, 0.0010501774959266186, -0.0024891658686101437] imu_quat_wxyz=[0.9913243651390076, 0.08465234935283661, -0.03674084693193436, -0.09359540045261383] status=0x0803
joint_pos=[0.0, 0.0, 0.0, 0.0, 0.0, 0.0] joint_vel=[0.0, 0.0, 0.0, 0.0, 0.0, 0.0] imu_ang_vel=[0.0010421741753816605, 0.0010501774959266186, -0.003021798562258482] imu_quat_wxyz=[0.9913249611854553, 0.08464735001325607, -0.03674428537487984, -0.09359198808670044] status=0x0803
joint_pos=[0.0, 0.0, 0.0, 0.0, 0.0, 0.0] joint_vel=[0.0, 0.0, 0.0, 0.0, 0.0, 0.0] imu_ang_vel=[0.0005095433443784714, 0.0010501774959266186, -0.0014239014126360416] imu_quat_wxyz=[0.991325318813324, 0.08464931696653366, -0.03674158453941345, -0.09358889609575272] status=0x0803
joint_pos=[0.0, 0.0, 0.0, 0.0, 0.0, 0.0] joint_vel=[0.0, 0.0, 0.0, 0.0, 0.0, 0.0] imu_ang_vel=[-2.3089349269866943e-05, 0.0010501774959266186, -0.0008912696503102779] imu_quat_wxyz=[0.9913256168365479, 0.08464600145816803, -0.0367421880364418, -0.09358790516853333] status=0x0803
joint_pos=[0.0, 0.0, 0.0, 0.0, 0.0, 0.0] joint_vel=[0.0, 0.0, 0.0, 0.0, 0.0, 0.0] imu_ang_vel=[0.0005095433443784714, 0.002115441719070077, -0.0014239014126360416] imu_quat_wxyz=[0.9913263916969299, 0.08464375138282776, -0.03674473240971565, -0.09358083456754684] status=0x0803
joint_pos=[0.0, 0.0, 0.0, 0.0, 0.0, 0.0] joint_vel=[0.0, 0.0, 0.0, 0.0, 0.0, 0.0] imu_ang_vel=[-2.3089349269866943e-05, 0.0015828097239136696, -0.0019565336406230927] imu_quat_wxyz=[0.9913263916969299, 0.08464524149894714, -0.03674529865384102, -0.09357941895723343] status=0x0803
joint_pos=[0.0, 0.0, 0.0, 0.0, 0.0, 0.0] joint_vel=[0.0, 0.0, 0.0, 0.0, 0.0, 0.0] imu_ang_vel=[0.0005095433443784714, -1.5086960047483444e-05, -0.003021798562258482] imu_quat_wxyz=[0.9913260340690613, 0.0846465453505516, -0.03675677999854088, -0.09357692301273346] status=0x0803
joint_pos=[0.0, 0.0, 0.0, 0.0, 0.0, 0.0] joint_vel=[0.0, 0.0, 0.0, 0.0, 0.0, 0.0] imu_ang_vel=[-2.3089349269866943e-05, 0.0005175452679395676, -0.0024891658686101437] imu_quat_wxyz=[0.9913256764411926, 0.08465146273374557, -0.03676115348935127, -0.09357498586177826] status=0x0803
joint_pos=[0.0, 0.0, 0.0, 0.0, 0.0, 0.0] joint_vel=[0.0, 0.0, 0.0, 0.0, 0.0, 0.0] imu_ang_vel=[-0.0005557220429182053, 0.0010501774959266186, -0.0019565336406230927] imu_quat_wxyz=[0.9913246035575867, 0.08465847373008728, -0.03675658628344536, -0.09358187764883041] status=0x0803
joint_pos=[0.0, 0.0, 0.0, 0.0, 0.0, 0.0] joint_vel=[0.0, 0.0, 0.0, 0.0, 0.0, 0.0] imu_ang_vel=[-0.0005557220429182053, -0.0005477191880345345, -0.0014239014126360416] imu_quat_wxyz=[0.9913249611854553, 0.08465453237295151, -0.036760713905096054, -0.09357995539903641] status=0x0803
joint_pos=[0.0, 0.0, 0.0, 0.0, 0.0, 0.0] joint_vel=[0.0, 0.0, 0.0, 0.0, 0.0, 0.0] imu_ang_vel=[0.0005095433443784714, 0.0005175452679395676, -0.0019565336406230927] imu_quat_wxyz=[0.9913256168365479, 0.08465074747800827, -0.036752015352249146, -0.09357970207929611] status=0x0803
joint_pos=[0.0, 0.0, 0.0, 0.0, 0.0, 0.0] joint_vel=[0.0, 0.0, 0.0, 0.0, 0.0, 0.0] imu_ang_vel=[0.0005095433443784714, 0.0015828097239136696, -0.004087062086910009] imu_quat_wxyz=[0.9913253784179688, 0.08465039730072021, -0.03675450384616852, -0.09358192980289459] status=0x0803
joint_pos=[0.0, 0.0, 0.0, 0.0, 0.0, 0.0] joint_vel=[0.0, 0.0, 0.0, 0.0, 0.0, 0.0] imu_ang_vel=[-0.0016209855675697327, 0.0015828097239136696, -0.0008912696503102779] imu_quat_wxyz=[0.9913245439529419, 0.08465112745761871, -0.036755580455064774, -0.09358871728181839] status=0x0803
joint_pos=[0.0, 0.0, 0.0, 0.0, 0.0, 0.0] joint_vel=[0.0, 0.0, 0.0, 0.0, 0.0, 0.0] imu_ang_vel=[0.0005095433443784714, 0.0005175452679395676, -0.0019565336406230927] imu_quat_wxyz=[0.9913230538368225, 0.08466074615716934, -0.03675738722085953, -0.09359568357467651] status=0x0803
joint_pos=[0.0, 0.0, 0.0, 0.0, 0.0, 0.0] joint_vel=[0.0, 0.0, 0.0, 0.0, 0.0, 0.0] imu_ang_vel=[-0.002153618261218071, 0.0005175452679395676, -0.0019565336406230927] imu_quat_wxyz=[0.9913218021392822, 0.08465845137834549, -0.03676234185695648, -0.09360935539007187] status=0x0803
joint_pos=[0.0, 0.0, 0.0, 0.0, 0.0, 0.0] joint_vel=[0.0, 0.0, 0.0, 0.0, 0.0, 0.0] imu_ang_vel=[-2.3089349269866943e-05, 0.0010501774959266186, -0.0014239014126360416] imu_quat_wxyz=[0.9913216829299927, 0.08466415107250214, -0.03676338493824005, -0.093605175614357] status=0x0803
joint_pos=[0.0, 0.0, 0.0, 0.0, 0.0, 0.0] joint_vel=[0.0, 0.0, 0.0, 0.0, 0.0, 0.0] imu_ang_vel=[-0.0005557220429182053, 0.0015828097239136696, -0.003021798562258482] imu_quat_wxyz=[0.9913216233253479, 0.08466780185699463, -0.03675704076886177, -0.09360382705926895] status=0x0803
joint_pos=[0.0, 0.0, 0.0, 0.0, 0.0, 0.0] joint_vel=[0.0, 0.0, 0.0, 0.0, 0.0, 0.0] imu_ang_vel=[-0.0010883528739213943, 0.0005175452679395676, -0.0035544303245842457] imu_quat_wxyz=[0.9913216233253479, 0.08467081934213638, -0.03675418719649315, -0.09360288828611374] status=0x0803
joint_pos=[0.0, 0.0, 0.0, 0.0, 0.0, 0.0] joint_vel=[0.0, 0.0, 0.0, 0.0, 0.0, 0.0] imu_ang_vel=[0.0005095433443784714, 0.0005175452679395676, -0.0014239014126360416] imu_quat_wxyz=[0.9913226962089539, 0.08466649800539017, -0.03675863891839981, -0.09359357506036758] status=0x0803
joint_pos=[0.0, 0.0, 0.0, 0.0, 0.0, 0.0] joint_vel=[0.0, 0.0, 0.0, 0.0, 0.0, 0.0] imu_ang_vel=[-2.3089349269866943e-05, 0.0005175452679395676, -0.0024891658686101437] imu_quat_wxyz=[0.9913227558135986, 0.08467014878988266, -0.036761172115802765, -0.0935886949300766] status=0x0803
joint_pos=[0.0, 0.0, 0.0, 0.0, 0.0, 0.0] joint_vel=[0.0, 0.0, 0.0, 0.0, 0.0, 0.0] imu_ang_vel=[0.0010421741753816605, -1.5086960047483444e-05, -0.0008912696503102779] imu_quat_wxyz=[0.9913235902786255, 0.08466305583715439, -0.03676166012883186, -0.09358648955821991] status=0x0803
joint_pos=[0.0, 0.0, 0.0, 0.0, 0.0, 0.0] joint_vel=[0.0, 0.0, 0.0, 0.0, 0.0, 0.0] imu_ang_vel=[0.0005095433443784714, 0.0005175452679395676, -0.0024891658686101437] imu_quat_wxyz=[0.9913243055343628, 0.0846613273024559, -0.03676020726561546, -0.0935811772942543] status=0x0803
joint_pos=[0.0, 0.0, 0.0, 0.0, 0.0, 0.0] joint_vel=[0.0, 0.0, 0.0, 0.0, 0.0, 0.0] imu_ang_vel=[0.0010421741753816605, 0.0010501774959266186, -0.0014239014126360416] imu_quat_wxyz=[0.9913241863250732, 0.08466555178165436, -0.03675936907529831, -0.09357831627130508] status=0x0803
joint_pos=[0.0, 0.0, 0.0, 0.0, 0.0, 0.0] joint_vel=[0.0, 0.0, 0.0, 0.0, 0.0, 0.0] imu_ang_vel=[-2.3089349269866943e-05, 0.0010501774959266186, -0.0008912696503102779] imu_quat_wxyz=[0.9913232326507568, 0.08467016369104385, -0.03676028177142143, -0.09358400851488113] status=0x0803
joint_pos=[0.0, 0.0, 0.0, 0.0, 0.0, 0.0] joint_vel=[0.0, 0.0, 0.0, 0.0, 0.0, 0.0] imu_ang_vel=[0.0010421741753816605, -1.5086960047483444e-05, -0.0019565336406230927] imu_quat_wxyz=[0.9913229942321777, 0.0846719965338707, -0.03676742687821388, -0.09358178824186325] status=0x0803
joint_pos=[0.0, 0.0, 0.0, 0.0, 0.0, 0.0] joint_vel=[0.0, 0.0, 0.0, 0.0, 0.0, 0.0] imu_ang_vel=[-2.3089349269866943e-05, 0.0015828097239136696, -0.0014239014126360416] imu_quat_wxyz=[0.9913226962089539, 0.08467224985361099, -0.0367635153234005, -0.09358672797679901] status=0x0803
joint_pos=[0.0, 0.0, 0.0, 0.0, 0.0, 0.0] joint_vel=[0.0, 0.0, 0.0, 0.0, 0.0, 0.0] imu_ang_vel=[-0.0005557220429182053, 0.0010501774959266186, -0.0014239014126360416] imu_quat_wxyz=[0.9913228154182434, 0.084674172103405, -0.03675857186317444, -0.0935857892036438] status=0x0803
joint_pos=[0.0, 0.0, 0.0, 0.0, 0.0, 0.0] joint_vel=[0.0, 0.0, 0.0, 0.0, 0.0, 0.0] imu_ang_vel=[-0.0005557220429182053, 0.0015828097239136696, -0.0019565336406230927] imu_quat_wxyz=[0.9913228750228882, 0.08467310667037964, -0.036760926246643066, -0.09358479082584381] status=0x0803
joint_pos=[0.0, 0.0, 0.0, 0.0, 0.0, 0.0] joint_vel=[0.0, 0.0, 0.0, 0.0, 0.0, 0.0] imu_ang_vel=[0.0010421741753816605, 0.0010501774959266186, -0.0019565336406230927] imu_quat_wxyz=[0.99132239818573, 0.08467692881822586, -0.03675505891442299, -0.09358822554349899] status=0x0803
joint_pos=[0.0, 0.0, 0.0, 0.0, 0.0, 0.0] joint_vel=[0.0, 0.0, 0.0, 0.0, 0.0, 0.0] imu_ang_vel=[0.0015748068690299988, 0.0010501774959266186, -0.0008912696503102779] imu_quat_wxyz=[0.9913228154182434, 0.08467808365821838, -0.036752935498952866, -0.09358461946249008] status=0x0803
joint_pos=[0.0, 0.0, 0.0, 0.0, 0.0, 0.0] joint_vel=[0.0, 0.0, 0.0, 0.0, 0.0, 0.0] imu_ang_vel=[0.0005095433443784714, 0.0015828097239136696, -0.0008912696503102779] imu_quat_wxyz=[0.9913237690925598, 0.08467001467943192, -0.03675154596567154, -0.09358226507902145] status=0x0803
joint_pos=[0.0, 0.0, 0.0, 0.0, 0.0, 0.0] joint_vel=[0.0, 0.0, 0.0, 0.0, 0.0, 0.0] imu_ang_vel=[0.0005095433443784714, -0.0005477191880345345, -0.003021798562258482] imu_quat_wxyz=[0.9913229942321777, 0.08467058837413788, -0.03675251081585884, -0.09358952939510345] status=0x0803
joint_pos=[0.0, 0.0, 0.0, 0.0, 0.0, 0.0] joint_vel=[0.0, 0.0, 0.0, 0.0, 0.0, 0.0] imu_ang_vel=[-2.3089349269866943e-05, 0.0005175452679395676, -0.0014239014126360416] imu_quat_wxyz=[0.9913231134414673, 0.08466460555791855, -0.03675542771816254, -0.09359263628721237] status=0x0803
joint_pos=[0.0, 0.0, 0.0, 0.0, 0.0, 0.0] joint_vel=[0.0, 0.0, 0.0, 0.0, 0.0, 0.0] imu_ang_vel=[-0.0016209855675697327, 0.0015828097239136696, -0.003021798562258482] imu_quat_wxyz=[0.9913227558135986, 0.08466234058141708, -0.03676195442676544, -0.0935959443449974] status=0x0803
joint_pos=[0.0, 0.0, 0.0, 0.0, 0.0, 0.0] joint_vel=[0.0, 0.0, 0.0, 0.0, 0.0, 0.0] imu_ang_vel=[0.0005095433443784714, 0.0010501774959266186, -0.0024891658686101437] imu_quat_wxyz=[0.9913238883018494, 0.08465669304132462, -0.03675617650151253, -0.09359102696180344] status=0x0803
joint_pos=[0.0, 0.0, 0.0, 0.0, 0.0, 0.0] joint_vel=[0.0, 0.0, 0.0, 0.0, 0.0, 0.0] imu_ang_vel=[0.0010421741753816605, 0.0015828097239136696, -0.0019565336406230927] imu_quat_wxyz=[0.991324245929718, 0.08465910702943802, -0.03675570711493492, -0.09358534961938858] status=0x0803
joint_pos=[0.0, 0.0, 0.0, 0.0, 0.0, 0.0] joint_vel=[0.0, 0.0, 0.0, 0.0, 0.0, 0.0] imu_ang_vel=[-0.0005557220429182053, 0.0005175452679395676, -0.0008912696503102779] imu_quat_wxyz=[0.9913244843482971, 0.08465965837240219, -0.036759600043296814, -0.0935806855559349] status=0x0803
joint_pos=[0.0, 0.0, 0.0, 0.0, 0.0, 0.0] joint_vel=[0.0, 0.0, 0.0, 0.0, 0.0, 0.0] imu_ang_vel=[0.0010421741753816605, 0.0010501774959266186, -0.003021798562258482] imu_quat_wxyz=[0.9913226366043091, 0.0846622884273529, -0.036762453615665436, -0.09359655529260635] status=0x0803
joint_pos=[0.0, 0.0, 0.0, 0.0, 0.0, 0.0] joint_vel=[0.0, 0.0, 0.0, 0.0, 0.0, 0.0] imu_ang_vel=[-2.3089349269866943e-05, -1.5086960047483444e-05, -0.0024891658686101437] imu_quat_wxyz=[0.9913221597671509, 0.08466418832540512, -0.036763351410627365, -0.0936000868678093] status=0x0803
joint_pos=[0.0, 0.0, 0.0, 0.0, 0.0, 0.0] joint_vel=[0.0, 0.0, 0.0, 0.0, 0.0, 0.0] imu_ang_vel=[0.0005095433443784714, 0.002115441719070077, -0.0014239014126360416] imu_quat_wxyz=[0.9913219213485718, 0.08466216176748276, -0.036769162863492966, -0.09360205382108688] status=0x0803
joint_pos=[0.0, 0.0, 0.0, 0.0, 0.0, 0.0] joint_vel=[0.0, 0.0, 0.0, 0.0, 0.0, 0.0] imu_ang_vel=[-0.0005557220429182053, 0.0010501774959266186, -0.0008912696503102779] imu_quat_wxyz=[0.9913216233253479, 0.0846603736281395, -0.036773961037397385, -0.09360422939062119] status=0x0803
joint_pos=[0.0, 0.0, 0.0, 0.0, 0.0, 0.0] joint_vel=[0.0, 0.0, 0.0, 0.0, 0.0, 0.0] imu_ang_vel=[-2.3089349269866943e-05, 0.0015828097239136696, -0.0014239014126360416] imu_quat_wxyz=[0.9913219809532166, 0.08465468138456345, -0.036770787090063095, -0.09360726922750473] status=0x0803
joint_pos=[0.0, 0.0, 0.0, 0.0, 0.0, 0.0] joint_vel=[0.0, 0.0, 0.0, 0.0, 0.0, 0.0] imu_ang_vel=[0.0005095433443784714, 0.0010501774959266186, -0.0019565336406230927] imu_quat_wxyz=[0.9913227558135986, 0.0846460685133934, -0.03677636757493019, -0.09360481053590775] status=0x0803
joint_pos=[0.0, 0.0, 0.0, 0.0, 0.0, 0.0] joint_vel=[0.0, 0.0, 0.0, 0.0, 0.0, 0.0] imu_ang_vel=[0.0005095433443784714, 0.0010501774959266186, -0.0019565336406230927] imu_quat_wxyz=[0.9913226366043091, 0.0846470445394516, -0.03677547350525856, -0.09360495209693909] status=0x0803
joint_pos=[0.0, 0.0, 0.0, 0.0, 0.0, 0.0] joint_vel=[0.0, 0.0, 0.0, 0.0, 0.0, 0.0] imu_ang_vel=[0.0010421741753816605, 0.0015828097239136696, -0.0014239014126360416] imu_quat_wxyz=[0.9913228154182434, 0.08464515954256058, -0.03677299991250038, -0.09360674023628235] status=0x0803
joint_pos=[0.0, 0.0, 0.0, 0.0, 0.0, 0.0] joint_vel=[0.0, 0.0, 0.0, 0.0, 0.0, 0.0] imu_ang_vel=[0.00246252678334713, 0.001050177263095975, -0.001423901878297329] imu_quat_wxyz=[0.9913231134414673, 0.08464567363262177, -0.03676886484026909, -0.09360465407371521] status=0x0803
joint_pos=[0.0, 0.0, 0.0, 0.0, 0.0, 0.0] joint_vel=[0.0, 0.0, 0.0, 0.0, 0.0, 0.0] imu_ang_vel=[0.0005095433443784714, 0.0005175452679395676, -0.0019565336406230927] imu_quat_wxyz=[0.9913225769996643, 0.08465054631233215, -0.036772068589925766, -0.09360400587320328] status=0x0803
joint_pos=[0.0, 0.0, 0.0, 0.0, 0.0, 0.0] joint_vel=[0.0, 0.0, 0.0, 0.0, 0.0, 0.0] imu_ang_vel=[-0.0005557220429182053, 0.0015828097239136696, -0.0019565336406230927] imu_quat_wxyz=[0.9913218021392822, 0.08465690910816193, -0.0367758683860302, -0.09360465407371521] status=0x0803
joint_pos=[0.0, 0.0, 0.0, 0.0, 0.0, 0.0] joint_vel=[0.0, 0.0, 0.0, 0.0, 0.0, 0.0] imu_ang_vel=[0.0005095433443784714, 0.0015828097239136696, -0.0024891658686101437] imu_quat_wxyz=[0.99132239818573, 0.08465366065502167, -0.03677366301417351, -0.0936020091176033] status=0x0803
joint_pos=[0.0, 0.0, 0.0, 0.0, 0.0, 0.0] joint_vel=[0.0, 0.0, 0.0, 0.0, 0.0, 0.0] imu_ang_vel=[-2.3089349269866943e-05, 0.002115441719070077, -0.0014239014126360416] imu_quat_wxyz=[0.9913221001625061, 0.08465135842561722, -0.036775853484869, -0.09360741078853607] status=0x0803
joint_pos=[0.0, 0.0, 0.0, 0.0, 0.0, 0.0] joint_vel=[0.0, 0.0, 0.0, 0.0, 0.0, 0.0] imu_ang_vel=[-2.3089349269866943e-05, 0.0010501774959266186, -0.0014239014126360416] imu_quat_wxyz=[0.9913221001625061, 0.08465384691953659, -0.03677638620138168, -0.09360432624816895] status=0x0803
joint_pos=[0.0, 0.0, 0.0, 0.0, 0.0, 0.0] joint_vel=[0.0, 0.0, 0.0, 0.0, 0.0, 0.0] imu_ang_vel=[0.0005095433443784714, -1.5086960047483444e-05, -0.0035544303245842457] imu_quat_wxyz=[0.9913225769996643, 0.0846504345536232, -0.036775026470422745, -0.09360246360301971] status=0x0803
joint_pos=[0.0, 0.0, 0.0, 0.0, 0.0, 0.0] joint_vel=[0.0, 0.0, 0.0, 0.0, 0.0, 0.0] imu_ang_vel=[-2.3089349269866943e-05, -1.5086960047483444e-05, -0.0014239014126360416] imu_quat_wxyz=[0.9913234710693359, 0.08465217053890228, -0.03677868843078613, -0.09359120577573776] status=0x0803
joint_pos=[0.0, 0.0, 0.0, 0.0, 0.0, 0.0] joint_vel=[0.0, 0.0, 0.0, 0.0, 0.0, 0.0] imu_ang_vel=[0.0005095433443784714, -1.5086960047483444e-05, -0.0014239014126360416] imu_quat_wxyz=[0.9913232326507568, 0.0846492350101471, -0.036774296313524246, -0.09359753876924515] status=0x0803
joint_pos=[0.0, 0.0, 0.0, 0.0, 0.0, 0.0] joint_vel=[0.0, 0.0, 0.0, 0.0, 0.0, 0.0] imu_ang_vel=[0.0010421741753816605, 0.0005175452679395676, -0.0019565336406230927] imu_quat_wxyz=[0.9913234710693359, 0.0846497118473053, -0.03677169606089592, -0.0935964360833168] status=0x0803
joint_pos=[0.0, 0.0, 0.0, 0.0, 0.0, 0.0] joint_vel=[0.0, 0.0, 0.0, 0.0, 0.0, 0.0] imu_ang_vel=[0.0005095433443784714, 0.0010501774959266186, -0.00035863742232322693] imu_quat_wxyz=[0.9913229942321777, 0.08465049415826797, -0.036768682301044464, -0.0936005637049675] status=0x0803
joint_pos=[0.0, 0.0, 0.0, 0.0, 0.0, 0.0] joint_vel=[0.0, 0.0, 0.0, 0.0, 0.0, 0.0] imu_ang_vel=[0.0010421741753816605, 0.0010501774959266186, -0.0014239014126360416] imu_quat_wxyz=[0.991321861743927, 0.08465126901865005, -0.03677549585700035, -0.09360997378826141] status=0x0803
joint_pos=[0.0, 0.0, 0.0, 0.0, 0.0, 0.0] joint_vel=[0.0, 0.0, 0.0, 0.0, 0.0, 0.0] imu_ang_vel=[-0.0016209855675697327, 0.002648073947057128, -0.003021798562258482] imu_quat_wxyz=[0.99132239818573, 0.08464591205120087, -0.03677806630730629, -0.09360834211111069] status=0x0803
joint_pos=[0.0, 0.0, 0.0, 0.0, 0.0, 0.0] joint_vel=[0.0, 0.0, 0.0, 0.0, 0.0, 0.0] imu_ang_vel=[0.0010421741753816605, 0.00034000095911324024, -0.0024891658686101437] imu_quat_wxyz=[0.9913220405578613, 0.08464926481246948, -0.03677092865109444, -0.09361178427934647] status=0x0803
joint_pos=[0.0, 0.0, 0.0, 0.0, 0.0, 0.0] joint_vel=[0.0, 0.0, 0.0, 0.0, 0.0, 0.0] imu_ang_vel=[-2.3089349269866943e-05, 0.002115441719070077, -0.0019565336406230927] imu_quat_wxyz=[0.9913215041160583, 0.08464724570512772, -0.0367700420320034, -0.09361941367387772] status=0x0803
joint_pos=[0.0, 0.0, 0.0, 0.0, 0.0, 0.0] joint_vel=[0.0, 0.0, 0.0, 0.0, 0.0, 0.0] imu_ang_vel=[-2.3089349269866943e-05, -1.5086960047483444e-05, -0.0019565336406230927] imu_quat_wxyz=[0.99132239818573, 0.08464425057172775, -0.03676190972328186, -0.09361568838357925] status=0x0803
joint_pos=[0.0, 0.0, 0.0, 0.0, 0.0, 0.0] joint_vel=[0.0, 0.0, 0.0, 0.0, 0.0, 0.0] imu_ang_vel=[0.0005095433443784714, 0.0005175452679395676, -0.0014239014126360416] imu_quat_wxyz=[0.9913221001625061, 0.0846465453505516, -0.036763742566108704, -0.09361603111028671] status=0x0803
joint_pos=[0.0, 0.0, 0.0, 0.0, 0.0, 0.0] joint_vel=[0.0, 0.0, 0.0, 0.0, 0.0, 0.0] imu_ang_vel=[0.002640070393681526, 0.0010501774959266186, -0.0014239014126360416] imu_quat_wxyz=[0.9913227558135986, 0.08463863283395767, -0.036765363067388535, -0.09361570328474045] status=0x0803
joint_pos=[0.0, 0.0, 0.0, 0.0, 0.0, 0.0] joint_vel=[0.0, 0.0, 0.0, 0.0, 0.0, 0.0] imu_ang_vel=[-0.0010883528739213943, 0.0005175452679395676, -0.0019565336406230927] imu_quat_wxyz=[0.9913219809532166, 0.08464368432760239, -0.036762937903404236, -0.0936204195022583] status=0x0803
joint_pos=[0.0, 0.0, 0.0, 0.0, 0.0, 0.0] joint_vel=[0.0, 0.0, 0.0, 0.0, 0.0, 0.0] imu_ang_vel=[0.0005095433443784714, 0.002115441719070077, -0.0008912696503102779] imu_quat_wxyz=[0.9913225769996643, 0.08464138954877853, -0.036763764917850494, -0.09361602365970612] status=0x0803
joint_pos=[0.0, 0.0, 0.0, 0.0, 0.0, 0.0] joint_vel=[0.0, 0.0, 0.0, 0.0, 0.0, 0.0] imu_ang_vel=[-0.002153618261218071, 0.0010501774959266186, -0.00035863742232322693] imu_quat_wxyz=[0.9913219213485718, 0.08465056121349335, -0.0367635115981102, -0.09361464530229568] status=0x0803
joint_pos=[0.0, 0.0, 0.0, 0.0, 0.0, 0.0] joint_vel=[0.0, 0.0, 0.0, 0.0, 0.0, 0.0] imu_ang_vel=[0.0010421741753816605, 0.0010501774959266186, -0.0008912696503102779] imu_quat_wxyz=[0.9913221597671509, 0.08465126156806946, -0.03676345944404602, -0.0936112031340599] status=0x0803
joint_pos=[0.0, 0.0, 0.0, 0.0, 0.0, 0.0] joint_vel=[0.0, 0.0, 0.0, 0.0, 0.0, 0.0] imu_ang_vel=[-2.3089349269866943e-05, -1.5086960047483444e-05, -0.0019565336406230927] imu_quat_wxyz=[0.9913225769996643, 0.08464933186769485, -0.03676294535398483, -0.09360900521278381] status=0x0803
joint_pos=[0.0, 0.0, 0.0, 0.0, 0.0, 0.0] joint_vel=[0.0, 0.0, 0.0, 0.0, 0.0, 0.0] imu_ang_vel=[-2.3089349269866943e-05, -1.5086960047483444e-05, -0.0008912696503102779] imu_quat_wxyz=[0.9913222789764404, 0.08465012907981873, -0.03676294907927513, -0.09361091256141663] status=0x0803
joint_pos=[0.0, 0.0, 0.0, 0.0, 0.0, 0.0] joint_vel=[0.0, 0.0, 0.0, 0.0, 0.0, 0.0] imu_ang_vel=[-2.3089349269866943e-05, 0.0005175452679395676, -0.0019565336406230927] imu_quat_wxyz=[0.9913216829299927, 0.084652379155159, -0.03675933927297592, -0.0936170145869255] status=0x0803
joint_pos=[0.0, 0.0, 0.0, 0.0, 0.0, 0.0] joint_vel=[0.0, 0.0, 0.0, 0.0, 0.0, 0.0] imu_ang_vel=[0.0010421741753816605, 0.0005175452679395676, -0.0014239014126360416] imu_quat_wxyz=[0.9913209676742554, 0.08465386927127838, -0.03676474466919899, -0.09362092614173889] status=0x0803
joint_pos=[0.0, 0.0, 0.0, 0.0, 0.0, 0.0] joint_vel=[0.0, 0.0, 0.0, 0.0, 0.0, 0.0] imu_ang_vel=[0.0005095433443784714, 0.0010501774959266186, -0.0019565336406230927] imu_quat_wxyz=[0.9913212060928345, 0.0846535935997963, -0.03676241263747215, -0.09362005442380905] status=0x0803
joint_pos=[0.0, 0.0, 0.0, 0.0, 0.0, 0.0] joint_vel=[0.0, 0.0, 0.0, 0.0, 0.0, 0.0] imu_ang_vel=[-2.3089349269866943e-05, 0.0005175452679395676, -0.0014239014126360416] imu_quat_wxyz=[0.9913212060928345, 0.08465401083230972, -0.036765098571777344, -0.0936184749007225] status=0x0803
joint_pos=[0.0, 0.0, 0.0, 0.0, 0.0, 0.0] joint_vel=[0.0, 0.0, 0.0, 0.0, 0.0, 0.0] imu_ang_vel=[-2.3089349269866943e-05, 0.0010501774959266186, 0.00017399480566382408] imu_quat_wxyz=[0.9913216829299927, 0.08465483784675598, -0.036769136786460876, -0.09361132979393005] status=0x0803
joint_pos=[0.0, 0.0, 0.0, 0.0, 0.0, 0.0] joint_vel=[0.0, 0.0, 0.0, 0.0, 0.0, 0.0] imu_ang_vel=[0.0005095433443784714, -1.5086960047483444e-05, -0.003021798562258482] imu_quat_wxyz=[0.9913224577903748, 0.08465451002120972, -0.03677082061767578, -0.0936017706990242] status=0x0803
joint_pos=[0.0, 0.0, 0.0, 0.0, 0.0, 0.0] joint_vel=[0.0, 0.0, 0.0, 0.0, 0.0, 0.0] imu_ang_vel=[-0.0005557220429182053, -0.0005477191880345345, -0.00035863742232322693] imu_quat_wxyz=[0.9913229942321777, 0.08465173840522766, -0.036774393171072006, -0.09359798580408096] status=0x0803
joint_pos=[0.0, 0.0, 0.0, 0.0, 0.0, 0.0] joint_vel=[0.0, 0.0, 0.0, 0.0, 0.0, 0.0] imu_ang_vel=[-2.3089349269866943e-05, -0.0010803514160215855, -0.0024891658686101437] imu_quat_wxyz=[0.9913223385810852, 0.0846548080444336, -0.036775678396224976, -0.09360121935606003] status=0x0803
joint_pos=[0.0, 0.0, 0.0, 0.0, 0.0, 0.0] joint_vel=[0.0, 0.0, 0.0, 0.0, 0.0, 0.0] imu_ang_vel=[0.0005095433443784714, 0.0015828097239136696, -0.0024891658686101437] imu_quat_wxyz=[0.9913223385810852, 0.08465664088726044, -0.03678334876894951, -0.09359638392925262] status=0x0803
joint_pos=[0.0, 0.0, 0.0, 0.0, 0.0, 0.0] joint_vel=[0.0, 0.0, 0.0, 0.0, 0.0, 0.0] imu_ang_vel=[0.002107439562678337, 0.0005175452679395676, -0.0008912696503102779] imu_quat_wxyz=[0.9913224577903748, 0.0846577137708664, -0.03678088262677193, -0.09359554201364517] status=0x0803
joint_pos=[0.0, 0.0, 0.0, 0.0, 0.0, 0.0] joint_vel=[0.0, 0.0, 0.0, 0.0, 0.0, 0.0] imu_ang_vel=[-2.3089349269866943e-05, 0.0015828097239136696, -0.0014239014126360416] imu_quat_wxyz=[0.9913229942321777, 0.08465367555618286, -0.036781925708055496, -0.09359337389469147] status=0x0803
joint_pos=[0.0, 0.0, 0.0, 0.0, 0.0, 0.0] joint_vel=[0.0, 0.0, 0.0, 0.0, 0.0, 0.0] imu_ang_vel=[0.0015748068690299988, 0.0015828097239136696, -0.0019565336406230927] imu_quat_wxyz=[0.9913234114646912, 0.0846523717045784, -0.03678456321358681, -0.09358857572078705] status=0x0803
joint_pos=[0.0, 0.0, 0.0, 0.0, 0.0, 0.0] joint_vel=[0.0, 0.0, 0.0, 0.0, 0.0, 0.0] imu_ang_vel=[0.0005095433443784714, 0.0015828097239136696, -0.003021798562258482] imu_quat_wxyz=[0.9913226366043091, 0.08466088026762009, -0.03678173944354057, -0.09359060227870941] status=0x0803
joint_pos=[0.0, 0.0, 0.0, 0.0, 0.0, 0.0] joint_vel=[0.0, 0.0, 0.0, 0.0, 0.0, 0.0] imu_ang_vel=[-0.0005557220429182053, 0.002115441719070077, -0.0008912696503102779] imu_quat_wxyz=[0.9913231134414673, 0.0846586525440216, -0.03677899017930031, -0.09358897060155869] status=0x0803
joint_pos=[0.0, 0.0, 0.0, 0.0, 0.0, 0.0] joint_vel=[0.0, 0.0, 0.0, 0.0, 0.0, 0.0] imu_ang_vel=[-2.3089349269866943e-05, -1.5086960047483444e-05, -0.0019565336406230927] imu_quat_wxyz=[0.9913223385810852, 0.0846588984131813, -0.03678199648857117, -0.09359485656023026] status=0x0803
joint_pos=[0.0, 0.0, 0.0, 0.0, 0.0, 0.0] joint_vel=[0.0, 0.0, 0.0, 0.0, 0.0, 0.0] imu_ang_vel=[-0.0016209855675697327, -1.5086960047483444e-05, -0.0024891658686101437] imu_quat_wxyz=[0.9913226366043091, 0.08466146886348724, -0.03677978366613388, -0.09359122812747955] status=0x0803
joint_pos=[0.0, 0.0, 0.0, 0.0, 0.0, 0.0] joint_vel=[0.0, 0.0, 0.0, 0.0, 0.0, 0.0] imu_ang_vel=[0.0015748068690299988, -1.5086960047483444e-05, -0.00035863742232322693] imu_quat_wxyz=[0.9913234710693359, 0.08465629816055298, -0.036773521453142166, -0.09358815103769302] status=0x0803
joint_pos=[0.0, 0.0, 0.0, 0.0, 0.0, 0.0] joint_vel=[0.0, 0.0, 0.0, 0.0, 0.0, 0.0] imu_ang_vel=[0.0005095433443784714, 0.002115441719070077, -0.0014239014126360416] imu_quat_wxyz=[0.9913240671157837, 0.08465215563774109, -0.03677232190966606, -0.09358757734298706] status=0x0803
joint_pos=[0.0, 0.0, 0.0, 0.0, 0.0, 0.0] joint_vel=[0.0, 0.0, 0.0, 0.0, 0.0, 0.0] imu_ang_vel=[-2.3089349269866943e-05, -0.0005477191880345345, -0.0008912696503102779] imu_quat_wxyz=[0.9913246631622314, 0.08465170860290527, -0.036773402243852615, -0.09358029067516327] status=0x0803
joint_pos=[0.0, 0.0, 0.0, 0.0, 0.0, 0.0] joint_vel=[0.0, 0.0, 0.0, 0.0, 0.0, 0.0] imu_ang_vel=[-2.3089349269866943e-05, -1.5086960047483444e-05, -0.0024891658686101437] imu_quat_wxyz=[0.9913254380226135, 0.08465009182691574, -0.036775555461645126, -0.09357267618179321] status=0x0803
joint_pos=[0.0, 0.0, 0.0, 0.0, 0.0, 0.0] joint_vel=[0.0, 0.0, 0.0, 0.0, 0.0, 0.0] imu_ang_vel=[-0.0010883528739213943, 0.0005175452679395676, -0.0024891658686101437] imu_quat_wxyz=[0.9913250803947449, 0.08464539051055908, -0.0367705337703228, -0.09358207881450653] status=0x0803
joint_pos=[0.0, 0.0, 0.0, 0.0, 0.0, 0.0] joint_vel=[0.0, 0.0, 0.0, 0.0, 0.0, 0.0] imu_ang_vel=[-0.0010883528739213943, 0.0010501774959266186, -0.0014239014126360416] imu_quat_wxyz=[0.9913249015808105, 0.08464706689119339, -0.03676898777484894, -0.09358344227075577] status=0x0803
joint_pos=[0.0, 0.0, 0.0, 0.0, 0.0, 0.0] joint_vel=[0.0, 0.0, 0.0, 0.0, 0.0, 0.0] imu_ang_vel=[0.0015748068690299988, 0.0010501774959266186, -0.0014239014126360416] imu_quat_wxyz=[0.9913250803947449, 0.08464252203702927, -0.036766014993190765, -0.09358735382556915] status=0x0803
joint_pos=[0.0, 0.0, 0.0, 0.0, 0.0, 0.0] joint_vel=[0.0, 0.0, 0.0, 0.0, 0.0, 0.0] imu_ang_vel=[-0.0005557220429182053, 0.0005175452679395676, -0.0019565336406230927] imu_quat_wxyz=[0.9913254380226135, 0.08463819324970245, -0.03676452860236168, -0.09358810633420944] status=0x0803
joint_pos=[0.0, 0.0, 0.0, 0.0, 0.0, 0.0] joint_vel=[0.0, 0.0, 0.0, 0.0, 0.0, 0.0] imu_ang_vel=[-0.0010883528739213943, 0.0010501774959266186, -0.0019565336406230927] imu_quat_wxyz=[0.991325855255127, 0.08463319391012192, -0.03676968067884445, -0.09358585625886917] status=0x0803
joint_pos=[0.0, 0.0, 0.0, 0.0, 0.0, 0.0] joint_vel=[0.0, 0.0, 0.0, 0.0, 0.0, 0.0] imu_ang_vel=[-2.3089349269866943e-05, 0.002648073947057128, -0.0008912696503102779] imu_quat_wxyz=[0.9913262128829956, 0.08463158458471298, -0.03677351400256157, -0.09358254075050354] status=0x0803
joint_pos=[0.0, 0.0, 0.0, 0.0, 0.0, 0.0] joint_vel=[0.0, 0.0, 0.0, 0.0, 0.0, 0.0] imu_ang_vel=[-0.0010883528739213943, -0.0007252632640302181, -0.001778989564627409] imu_quat_wxyz=[0.9913263320922852, 0.08462266623973846, -0.036772213876247406, -0.09358873963356018] status=0x0803
joint_pos=[0.0, 0.0, 0.0, 0.0, 0.0, 0.0] joint_vel=[0.0, 0.0, 0.0, 0.0, 0.0, 0.0] imu_ang_vel=[-0.0005557220429182053, 0.0010501774959266186, -0.0019565336406230927] imu_quat_wxyz=[0.9913261532783508, 0.08462760597467422, -0.03676814213395119, -0.09358836710453033] status=0x0803
joint_pos=[0.0, 0.0, 0.0, 0.0, 0.0, 0.0] joint_vel=[0.0, 0.0, 0.0, 0.0, 0.0, 0.0] imu_ang_vel=[0.0010421741753816605, 0.0015828097239136696, -0.0019565336406230927] imu_quat_wxyz=[0.9913264513015747, 0.08462153375148773, -0.036771830171346664, -0.09358875453472137] status=0x0803
joint_pos=[0.0, 0.0, 0.0, 0.0, 0.0, 0.0] joint_vel=[0.0, 0.0, 0.0, 0.0, 0.0, 0.0] imu_ang_vel=[-2.3089349269866943e-05, 0.0010501774959266186, -0.003021798562258482] imu_quat_wxyz=[0.9913260340690613, 0.08462350070476532, -0.0367744043469429, -0.09359098225831985] status=0x0803
joint_pos=[0.0, 0.0, 0.0, 0.0, 0.0, 0.0] joint_vel=[0.0, 0.0, 0.0, 0.0, 0.0, 0.0] imu_ang_vel=[0.0015748068690299988, 0.0010501774959266186, -0.0019565336406230927] imu_quat_wxyz=[0.9913256764411926, 0.08462411165237427, -0.036779481917619705, -0.09359269589185715] status=0x0803
joint_pos=[0.0, 0.0, 0.0, 0.0, 0.0, 0.0] joint_vel=[0.0, 0.0, 0.0, 0.0, 0.0, 0.0] imu_ang_vel=[-2.3089349269866943e-05, -1.5086960047483444e-05, -0.0024891658686101437] imu_quat_wxyz=[0.9913243651390076, 0.08462633192539215, -0.03678377345204353, -0.09360194951295853] status=0x0803
joint_pos=[0.0, 0.0, 0.0, 0.0, 0.0, 0.0] joint_vel=[0.0, 0.0, 0.0, 0.0, 0.0, 0.0] imu_ang_vel=[0.0005095433443784714, 0.0010501774959266186, -0.0014239014126360416] imu_quat_wxyz=[0.9913251399993896, 0.08462315797805786, -0.036784667521715164, -0.09359701722860336] status=0x0803
joint_pos=[0.0, 0.0, 0.0, 0.0, 0.0, 0.0] joint_vel=[0.0, 0.0, 0.0, 0.0, 0.0, 0.0] imu_ang_vel=[-0.0010883528739213943, -1.5086960047483444e-05, -0.0014239014126360416] imu_quat_wxyz=[0.9913254380226135, 0.08462343364953995, -0.036781154572963715, -0.0935942754149437] status=0x0803
joint_pos=[0.0, 0.0, 0.0, 0.0, 0.0, 0.0] joint_vel=[0.0, 0.0, 0.0, 0.0, 0.0, 0.0] imu_ang_vel=[-0.0010883528739213943, 0.002115441719070077, -0.0008912696503102779] imu_quat_wxyz=[0.9913252592086792, 0.08462318778038025, -0.03678248077630997, -0.09359565377235413] status=0x0803
joint_pos=[0.0, 0.0, 0.0, 0.0, 0.0, 0.0] joint_vel=[0.0, 0.0, 0.0, 0.0, 0.0, 0.0] imu_ang_vel=[-0.0010883528739213943, 0.0005175452679395676, -0.0008912696503102779] imu_quat_wxyz=[0.991325855255127, 0.08462056517601013, -0.0367804653942585, -0.093593068420887] status=0x0803
joint_pos=[0.0, 0.0, 0.0, 0.0, 0.0, 0.0] joint_vel=[0.0, 0.0, 0.0, 0.0, 0.0, 0.0] imu_ang_vel=[0.0005095433443784714, 0.0010501774959266186, -0.0024891658686101437] imu_quat_wxyz=[0.9913253784179688, 0.084625244140625, -0.036787088960409164, -0.09359180182218552] status=0x0803
joint_pos=[0.0, 0.0, 0.0, 0.0, 0.0, 0.0] joint_vel=[0.0, 0.0, 0.0, 0.0, 0.0, 0.0] imu_ang_vel=[0.0015748068690299988, 0.002648073947057128, -0.0008912696503102779] imu_quat_wxyz=[0.9913249611854553, 0.08463119715452194, -0.036784473806619644, -0.0935906171798706] status=0x0803
joint_pos=[0.0, 0.0, 0.0, 0.0, 0.0, 0.0] joint_vel=[0.0, 0.0, 0.0, 0.0, 0.0, 0.0] imu_ang_vel=[0.0005095433443784714, 0.0010501774959266186, -0.0024891658686101437] imu_quat_wxyz=[0.9913261532783508, 0.08462849259376526, -0.03677817061543465, -0.0935833528637886] status=0x0803
joint_pos=[0.0, 0.0, 0.0, 0.0, 0.0, 0.0] joint_vel=[0.0, 0.0, 0.0, 0.0, 0.0, 0.0] imu_ang_vel=[0.0005095433443784714, 0.0010501774959266186, -0.0014239014126360416] imu_quat_wxyz=[0.991326093673706, 0.08463014662265778, -0.03677959740161896, -0.09358213096857071] status=0x0803
joint_pos=[0.0, 0.0, 0.0, 0.0, 0.0, 0.0] joint_vel=[0.0, 0.0, 0.0, 0.0, 0.0, 0.0] imu_ang_vel=[-0.0005557220429182053, 0.0015828097239136696, -0.0024891658686101437] imu_quat_wxyz=[0.9913257956504822, 0.08463381230831146, -0.03678009286522865, -0.09358260035514832] status=0x0803
joint_pos=[0.0, 0.0, 0.0, 0.0, 0.0, 0.0] joint_vel=[0.0, 0.0, 0.0, 0.0, 0.0, 0.0] imu_ang_vel=[-0.0010883528739213943, -1.5086960047483444e-05, -0.0024891658686101437] imu_quat_wxyz=[0.991326093673706, 0.08462925255298615, -0.036781515926122665, -0.09358170628547668] status=0x0803
joint_pos=[0.0, 0.0, 0.0, 0.0, 0.0, 0.0] joint_vel=[0.0, 0.0, 0.0, 0.0, 0.0, 0.0] imu_ang_vel=[0.0010421741753816605, 0.002115441719070077, -0.0019565336406230927] imu_quat_wxyz=[0.9913260340690613, 0.08462060242891312, -0.03677975758910179, -0.09359194338321686] status=0x0803
joint_pos=[0.0, 0.0, 0.0, 0.0, 0.0, 0.0] joint_vel=[0.0, 0.0, 0.0, 0.0, 0.0, 0.0] imu_ang_vel=[0.0010421741753816605, 0.002648073947057128, -0.0024891658686101437] imu_quat_wxyz=[0.9913255572319031, 0.08462356775999069, -0.03677571192383766, -0.09359540790319443] status=0x0803
joint_pos=[0.0, 0.0, 0.0, 0.0, 0.0, 0.0] joint_vel=[0.0, 0.0, 0.0, 0.0, 0.0, 0.0] imu_ang_vel=[-0.0016209855675697327, 0.0005175452679395676, -0.0014239014126360416] imu_quat_wxyz=[0.9913250207901001, 0.08462321758270264, -0.0367773175239563, -0.09360046684741974] status=0x0803
joint_pos=[0.0, 0.0, 0.0, 0.0, 0.0, 0.0] joint_vel=[0.0, 0.0, 0.0, 0.0, 0.0, 0.0] imu_ang_vel=[0.0015748068690299988, -1.5086960047483444e-05, -0.0014239014126360416] imu_quat_wxyz=[0.9913251996040344, 0.08462227880954742, -0.0367731899023056, -0.09360204637050629] status=0x0803
joint_pos=[0.0, 0.0, 0.0, 0.0, 0.0, 0.0] joint_vel=[0.0, 0.0, 0.0, 0.0, 0.0, 0.0] imu_ang_vel=[-0.0016209855675697327, 0.0005175452679395676, -0.003021798562258482] imu_quat_wxyz=[0.991324245929718, 0.08462852984666824, -0.03677491098642349, -0.09360533952713013] status=0x0803
joint_pos=[0.0, 0.0, 0.0, 0.0, 0.0, 0.0] joint_vel=[0.0, 0.0, 0.0, 0.0, 0.0, 0.0] imu_ang_vel=[-0.0005557220429182053, 0.0005175452679395676, -0.0014239014126360416] imu_quat_wxyz=[0.9913243651390076, 0.08463109284639359, -0.036774128675460815, -0.09360233694314957] status=0x0803
joint_pos=[0.0, 0.0, 0.0, 0.0, 0.0, 0.0] joint_vel=[0.0, 0.0, 0.0, 0.0, 0.0, 0.0] imu_ang_vel=[0.0015748068690299988, 0.0010501774959266186, -0.0019565336406230927] imu_quat_wxyz=[0.991324782371521, 0.08462907373905182, -0.036775361746549606, -0.09359923005104065] status=0x0803
joint_pos=[0.0, 0.0, 0.0, 0.0, 0.0, 0.0] joint_vel=[0.0, 0.0, 0.0, 0.0, 0.0, 0.0] imu_ang_vel=[-0.0010883528739213943, -1.5086960047483444e-05, 0.0007066270336508751] imu_quat_wxyz=[0.9913237690925598, 0.08463361114263535, -0.03677831217646599, -0.09360384941101074] status=0x0803
joint_pos=[0.0, 0.0, 0.0, 0.0, 0.0, 0.0] joint_vel=[0.0, 0.0, 0.0, 0.0, 0.0, 0.0] imu_ang_vel=[0.0006870869547128677, 0.0014052658807486296, -0.002134077250957489] imu_quat_wxyz=[0.9913243651390076, 0.08463089913129807, -0.03677687048912048, -0.09360036998987198] status=0x0803
joint_pos=[0.0, 0.0, 0.0, 0.0, 0.0, 0.0] joint_vel=[0.0, 0.0, 0.0, 0.0, 0.0, 0.0] imu_ang_vel=[0.0005095433443784714, 0.0005175452679395676, -0.0024891658686101437] imu_quat_wxyz=[0.9913243651390076, 0.08462872356176376, -0.03677642345428467, -0.09360286593437195] status=0x0803
joint_pos=[0.0, 0.0, 0.0, 0.0, 0.0, 0.0] joint_vel=[0.0, 0.0, 0.0, 0.0, 0.0, 0.0] imu_ang_vel=[0.0010421741753816605, -0.0005477191880345345, -0.0014239014126360416] imu_quat_wxyz=[0.9913249611854553, 0.08462321013212204, -0.03677571564912796, -0.09360285848379135] status=0x0803
joint_pos=[0.0, 0.0, 0.0, 0.0, 0.0, 0.0] joint_vel=[0.0, 0.0, 0.0, 0.0, 0.0, 0.0] imu_ang_vel=[0.0005095433443784714, -0.0010803514160215855, -0.0024891658686101437] imu_quat_wxyz=[0.991324245929718, 0.084630586206913, -0.03677396476268768, -0.09360319375991821] status=0x0803
joint_pos=[0.0, 0.0, 0.0, 0.0, 0.0, 0.0] joint_vel=[0.0, 0.0, 0.0, 0.0, 0.0, 0.0] imu_ang_vel=[0.0015748068690299988, 0.0005175452679395676, -0.0024891658686101437] imu_quat_wxyz=[0.9913250803947449, 0.08462879061698914, -0.036774929612874985, -0.09359677135944366] status=0x0803
joint_pos=[0.0, 0.0, 0.0, 0.0, 0.0, 0.0] joint_vel=[0.0, 0.0, 0.0, 0.0, 0.0, 0.0] imu_ang_vel=[-0.0005557220429182053, -1.5086960047483444e-05, -0.0019565336406230927] imu_quat_wxyz=[0.9913250803947449, 0.08463139832019806, -0.036775700747966766, -0.09359338879585266] status=0x0803
joint_pos=[0.0, 0.0, 0.0, 0.0, 0.0, 0.0] joint_vel=[0.0, 0.0, 0.0, 0.0, 0.0, 0.0] imu_ang_vel=[-2.3089349269866943e-05, -0.0010803514160215855, -0.0019565336406230927] imu_quat_wxyz=[0.991326630115509, 0.08462328463792801, -0.03677592799067497, -0.09358453005552292] status=0x0803
joint_pos=[0.0, 0.0, 0.0, 0.0, 0.0, 0.0] joint_vel=[0.0, 0.0, 0.0, 0.0, 0.0, 0.0] imu_ang_vel=[0.0015748068690299988, 0.0010501774959266186, -0.0014239014126360416] imu_quat_wxyz=[0.991327702999115, 0.08461912721395493, -0.03676505759358406, -0.09358149766921997] status=0x0803
joint_pos=[0.0, 0.0, 0.0, 0.0, 0.0, 0.0] joint_vel=[0.0, 0.0, 0.0, 0.0, 0.0, 0.0] imu_ang_vel=[-0.0005557220429182053, 0.0015828097239136696, -0.0014239014126360416] imu_quat_wxyz=[0.9913269281387329, 0.08461973071098328, -0.03677138313651085, -0.09358569234609604] status=0x0803
joint_pos=[0.0, 0.0, 0.0, 0.0, 0.0, 0.0] joint_vel=[0.0, 0.0, 0.0, 0.0, 0.0, 0.0] imu_ang_vel=[-2.3089349269866943e-05, 0.0010501774959266186, -0.003021798562258482] imu_quat_wxyz=[0.9913265705108643, 0.08461904525756836, -0.0367676243185997, -0.09359194338321686] status=0x0803
joint_pos=[0.0, 0.0, 0.0, 0.0, 0.0, 0.0] joint_vel=[0.0, 0.0, 0.0, 0.0, 0.0, 0.0] imu_ang_vel=[0.0005095433443784714, 0.0005175452679395676, -0.0014239014126360416] imu_quat_wxyz=[0.9913255572319031, 0.08462764322757721, -0.03676414117217064, -0.09359615296125412] status=0x0803
joint_pos=[0.0, 0.0, 0.0, 0.0, 0.0, 0.0] joint_vel=[0.0, 0.0, 0.0, 0.0, 0.0, 0.0] imu_ang_vel=[0.0010421741753816605, 0.0010501774959266186, -0.0008912696503102779] imu_quat_wxyz=[0.9913253784179688, 0.08463093638420105, -0.03676246106624603, -0.09359551221132278] status=0x0803
joint_pos=[0.0, 0.0, 0.0, 0.0, 0.0, 0.0] joint_vel=[0.0, 0.0, 0.0, 0.0, 0.0, 0.0] imu_ang_vel=[-2.3089349269866943e-05, 0.0005175452679395676, -0.0014239014126360416] imu_quat_wxyz=[0.991325855255127, 0.08462706953287125, -0.03676671162247658, -0.09359237551689148] status=0x0803
joint_pos=[0.0, 0.0, 0.0, 0.0, 0.0, 0.0] joint_vel=[0.0, 0.0, 0.0, 0.0, 0.0, 0.0] imu_ang_vel=[-2.3089349269866943e-05, 0.0005175452679395676, -0.0008912696503102779] imu_quat_wxyz=[0.9913257360458374, 0.08462764322757721, -0.03676469251513481, -0.09359404444694519] status=0x0803
joint_pos=[0.0, 0.0, 0.0, 0.0, 0.0, 0.0] joint_vel=[0.0, 0.0, 0.0, 0.0, 0.0, 0.0] imu_ang_vel=[0.0005095433443784714, 0.0015828097239136696, -0.00035863742232322693] imu_quat_wxyz=[0.9913256168365479, 0.0846339538693428, -0.03676525875926018, -0.0935894101858139] status=0x0803
joint_pos=[0.0, 0.0, 0.0, 0.0, 0.0, 0.0] joint_vel=[0.0, 0.0, 0.0, 0.0, 0.0, 0.0] imu_ang_vel=[0.0005095433443784714, 0.002115441719070077, -0.0024891658686101437] imu_quat_wxyz=[0.9913260340690613, 0.08463435620069504, -0.036765675991773605, -0.09358424693346024] status=0x0803
joint_pos=[0.0, 0.0, 0.0, 0.0, 0.0, 0.0] joint_vel=[0.0, 0.0, 0.0, 0.0, 0.0, 0.0] imu_ang_vel=[-2.3089349269866943e-05, -1.5086960047483444e-05, -0.0014239014126360416] imu_quat_wxyz=[0.9913262724876404, 0.08462785184383392, -0.036764174699783325, -0.09358849376440048] status=0x0803
joint_pos=[0.0, 0.0, 0.0, 0.0, 0.0, 0.0] joint_vel=[0.0, 0.0, 0.0, 0.0, 0.0, 0.0] imu_ang_vel=[-2.3089349269866943e-05, -1.5086960047483444e-05, -0.0024891658686101437] imu_quat_wxyz=[0.9913263320922852, 0.08462736010551453, -0.0367642305791378, -0.09358873218297958] status=0x0803
joint_pos=[0.0, 0.0, 0.0, 0.0, 0.0, 0.0] joint_vel=[0.0, 0.0, 0.0, 0.0, 0.0, 0.0] imu_ang_vel=[-0.0005557220429182053, 0.0010501774959266186, -0.0008912696503102779] imu_quat_wxyz=[0.9913261532783508, 0.08462825417518616, -0.03676734119653702, -0.09358790516853333] status=0x0803
joint_pos=[0.0, 0.0, 0.0, 0.0, 0.0, 0.0] joint_vel=[0.0, 0.0, 0.0, 0.0, 0.0, 0.0] imu_ang_vel=[0.0010421741753816605, 0.0031807059422135353, -0.00035863742232322693] imu_quat_wxyz=[0.9913268685340881, 0.08462433516979218, -0.03676134720444679, -0.09358704835176468] status=0x0803
joint_pos=[0.0, 0.0, 0.0, 0.0, 0.0, 0.0] joint_vel=[0.0, 0.0, 0.0, 0.0, 0.0, 0.0] imu_ang_vel=[-2.3089349269866943e-05, 0.0010501774959266186, -0.0014239014126360416] imu_quat_wxyz=[0.9913272261619568, 0.08462782204151154, -0.0367584191262722, -0.09358063340187073] status=0x0803
joint_pos=[0.0, 0.0, 0.0, 0.0, 0.0, 0.0] joint_vel=[0.0, 0.0, 0.0, 0.0, 0.0, 0.0] imu_ang_vel=[0.0010421741753816605, 0.0010501774959266186, -0.0024891658686101437] imu_quat_wxyz=[0.991327702999115, 0.08462895452976227, -0.03675582632422447, -0.09357535094022751] status=0x0803
joint_pos=[0.0, 0.0, 0.0, 0.0, 0.0, 0.0] joint_vel=[0.0, 0.0, 0.0, 0.0, 0.0, 0.0] imu_ang_vel=[0.0005095433443784714, -1.5086960047483444e-05, -0.0024891658686101437] imu_quat_wxyz=[0.991327702999115, 0.08462949097156525, -0.03675497695803642, -0.09357497841119766] status=0x0803
joint_pos=[0.0, 0.0, 0.0, 0.0, 0.0, 0.0] joint_vel=[0.0, 0.0, 0.0, 0.0, 0.0, 0.0] imu_ang_vel=[-0.0016209855675697327, 0.0005175452679395676, -0.0014239014126360416] imu_quat_wxyz=[0.9913280010223389, 0.08462661504745483, -0.036751195788383484, -0.09357652813196182] status=0x0803
joint_pos=[0.0, 0.0, 0.0, 0.0, 0.0, 0.0] joint_vel=[0.0, 0.0, 0.0, 0.0, 0.0, 0.0] imu_ang_vel=[-0.002153618261218071, 0.0010501774959266186, -0.0024891658686101437] imu_quat_wxyz=[0.9913280010223389, 0.08462544530630112, -0.036755286157131195, -0.09357549995183945] status=0x0803
joint_pos=[0.0, 0.0, 0.0, 0.0, 0.0, 0.0] joint_vel=[0.0, 0.0, 0.0, 0.0, 0.0, 0.0] imu_ang_vel=[0.0010421741753816605, 0.002115441719070077, -0.0019565336406230927] imu_quat_wxyz=[0.9913284182548523, 0.08462069183588028, -0.036757711321115494, -0.09357499331235886] status=0x0803
joint_pos=[0.0, 0.0, 0.0, 0.0, 0.0, 0.0] joint_vel=[0.0, 0.0, 0.0, 0.0, 0.0, 0.0] imu_ang_vel=[0.0006870869547128677, 0.0014052654150873423, -0.001778989564627409] imu_quat_wxyz=[0.9913280606269836, 0.0846177265048027, -0.03675872087478638, -0.09358139336109161] status=0x0803
joint_pos=[0.0, 0.0, 0.0, 0.0, 0.0, 0.0] joint_vel=[0.0, 0.0, 0.0, 0.0, 0.0, 0.0] imu_ang_vel=[0.0005095433443784714, 0.0010501774959266186, -0.0014239014126360416] imu_quat_wxyz=[0.9913284182548523, 0.08461577445268631, -0.0367596335709095, -0.09357782453298569] status=0x0803
joint_pos=[0.0, 0.0, 0.0, 0.0, 0.0, 0.0] joint_vel=[0.0, 0.0, 0.0, 0.0, 0.0, 0.0] imu_ang_vel=[-0.0005557220429182053, 0.0005175452679395676, -0.0008912696503102779] imu_quat_wxyz=[0.9913277626037598, 0.08461978286504745, -0.036764707416296005, -0.09357981383800507] status=0x0803
joint_pos=[0.0, 0.0, 0.0, 0.0, 0.0, 0.0] joint_vel=[0.0, 0.0, 0.0, 0.0, 0.0, 0.0] imu_ang_vel=[0.0010421741753816605, 0.0010501774959266186, -0.0019565336406230927] imu_quat_wxyz=[0.9913283586502075, 0.08461391180753708, -0.03676598519086838, -0.09357835352420807] status=0x0803
joint_pos=[0.0, 0.0, 0.0, 0.0, 0.0, 0.0] joint_vel=[0.0, 0.0, 0.0, 0.0, 0.0, 0.0] imu_ang_vel=[-2.3089349269866943e-05, 0.0010501774959266186, -0.0024891658686101437] imu_quat_wxyz=[0.991328239440918, 0.0846162661910057, -0.03676828369498253, -0.0935773178935051] status=0x0803
joint_pos=[0.0, 0.0, 0.0, 0.0, 0.0, 0.0] joint_vel=[0.0, 0.0, 0.0, 0.0, 0.0, 0.0] imu_ang_vel=[-2.3089349269866943e-05, 0.002648073947057128, -0.0014239014126360416] imu_quat_wxyz=[0.991327166557312, 0.0846223458647728, -0.036766793578863144, -0.09358328580856323] status=0x0803
joint_pos=[0.0, 0.0, 0.0, 0.0, 0.0, 0.0] joint_vel=[0.0, 0.0, 0.0, 0.0, 0.0, 0.0] imu_ang_vel=[-2.3089349269866943e-05, -1.5086960047483444e-05, -0.0014239014126360416] imu_quat_wxyz=[0.9913265109062195, 0.08462760597467422, -0.03676457330584526, -0.09358569979667664] status=0x0803
joint_pos=[0.0, 0.0, 0.0, 0.0, 0.0, 0.0] joint_vel=[0.0, 0.0, 0.0, 0.0, 0.0, 0.0] imu_ang_vel=[0.0005095433443784714, -1.5086960047483444e-05, -0.0014239014126360416] imu_quat_wxyz=[0.991325855255127, 0.08462809771299362, -0.03676728159189224, -0.09359128773212433] status=0x0803
joint_pos=[0.0, 0.0, 0.0, 0.0, 0.0, 0.0] joint_vel=[0.0, 0.0, 0.0, 0.0, 0.0, 0.0] imu_ang_vel=[-2.3089349269866943e-05, 0.0005175452679395676, -0.0019565336406230927] imu_quat_wxyz=[0.9913261532783508, 0.0846218392252922, -0.03676769882440567, -0.09359366446733475] status=0x0803
joint_pos=[0.0, 0.0, 0.0, 0.0, 0.0, 0.0] joint_vel=[0.0, 0.0, 0.0, 0.0, 0.0, 0.0] imu_ang_vel=[0.0010421741753816605, -1.5086960047483444e-05, -0.0024891658686101437] imu_quat_wxyz=[0.991325855255127, 0.0846208930015564, -0.036770399659872055, -0.09359725564718246] status=0x0803
joint_pos=[0.0, 0.0, 0.0, 0.0, 0.0, 0.0] joint_vel=[0.0, 0.0, 0.0, 0.0, 0.0, 0.0] imu_ang_vel=[0.0015748068690299988, 0.0005175452679395676, -0.0014239014126360416] imu_quat_wxyz=[0.991325855255127, 0.08462359756231308, -0.036774519830942154, -0.09359285235404968] status=0x0803
joint_pos=[0.0, 0.0, 0.0, 0.0, 0.0, 0.0] joint_vel=[0.0, 0.0, 0.0, 0.0, 0.0, 0.0] imu_ang_vel=[0.0005095433443784714, 0.0010501774959266186, -0.00035863742232322693] imu_quat_wxyz=[0.991326093673706, 0.08462129533290863, -0.03677618131041527, -0.0935915932059288] status=0x0803
joint_pos=[0.0, 0.0, 0.0, 0.0, 0.0, 0.0] joint_vel=[0.0, 0.0, 0.0, 0.0, 0.0, 0.0] imu_ang_vel=[-2.3089349269866943e-05, 0.0015828097239136696, -0.0019565336406230927] imu_quat_wxyz=[0.9913264513015747, 0.0846184492111206, -0.036773230880498886, -0.09359143674373627] status=0x0803
joint_pos=[0.0, 0.0, 0.0, 0.0, 0.0, 0.0] joint_vel=[0.0, 0.0, 0.0, 0.0, 0.0, 0.0] imu_ang_vel=[0.0005095433443784714, 0.0015828097239136696, -0.0014239014126360416] imu_quat_wxyz=[0.9913264513015747, 0.08461911231279373, -0.036778081208467484, -0.09358913451433182] status=0x0803
joint_pos=[0.0, 0.0, 0.0, 0.0, 0.0, 0.0] joint_vel=[0.0, 0.0, 0.0, 0.0, 0.0, 0.0] imu_ang_vel=[0.0015748068690299988, 0.0010501774959266186, -0.00035863742232322693] imu_quat_wxyz=[0.9913266897201538, 0.08462011069059372, -0.03677370399236679, -0.09358753263950348] status=0x0803
joint_pos=[0.0, 0.0, 0.0, 0.0, 0.0, 0.0] joint_vel=[0.0, 0.0, 0.0, 0.0, 0.0, 0.0] imu_ang_vel=[-2.3089349269866943e-05, 0.0010501774959266186, -0.0019565336406230927] imu_quat_wxyz=[0.9913269877433777, 0.0846252590417862, -0.03677466884255409, -0.09357956796884537] status=0x0803
joint_pos=[0.0, 0.0, 0.0, 0.0, 0.0, 0.0] joint_vel=[0.0, 0.0, 0.0, 0.0, 0.0, 0.0] imu_ang_vel=[0.0005095433443784714, 0.0015828097239136696, -0.0008912696503102779] imu_quat_wxyz=[0.9913272261619568, 0.08462489396333694, -0.036775145679712296, -0.0935773104429245] status=0x0803
joint_pos=[0.0, 0.0, 0.0, 0.0, 0.0, 0.0] joint_vel=[0.0, 0.0, 0.0, 0.0, 0.0, 0.0] imu_ang_vel=[0.0005095433443784714, -1.5086960047483444e-05, -0.0014239014126360416] imu_quat_wxyz=[0.9913275837898254, 0.08462637662887573, -0.03677570819854736, -0.09357199817895889] status=0x0803
joint_pos=[0.0, 0.0, 0.0, 0.0, 0.0, 0.0] joint_vel=[0.0, 0.0, 0.0, 0.0, 0.0, 0.0] imu_ang_vel=[-0.0005557220429182053, 0.002648073947057128, -0.003021798562258482] imu_quat_wxyz=[0.9913278818130493, 0.08462625741958618, -0.03677436336874962, -0.09356894344091415] status=0x0803
joint_pos=[0.0, 0.0, 0.0, 0.0, 0.0, 0.0] joint_vel=[0.0, 0.0, 0.0, 0.0, 0.0, 0.0] imu_ang_vel=[-0.0005557220429182053, 0.0005175452679395676, -0.0019565336406230927] imu_quat_wxyz=[0.9913279414176941, 0.08462552726268768, -0.03677217662334442, -0.09356982260942459] status=0x0803
joint_pos=[0.0, 0.0, 0.0, 0.0, 0.0, 0.0] joint_vel=[0.0, 0.0, 0.0, 0.0, 0.0, 0.0] imu_ang_vel=[-0.0005557220429182053, 0.0015828097239136696, -0.0024891658686101437] imu_quat_wxyz=[0.9913285374641418, 0.08462012559175491, -0.036774154752492905, -0.09356717020273209] status=0x0803
joint_pos=[0.0, 0.0, 0.0, 0.0, 0.0, 0.0] joint_vel=[0.0, 0.0, 0.0, 0.0, 0.0, 0.0] imu_ang_vel=[-0.0016209855675697327, 0.0015828097239136696, -0.0019565336406230927] imu_quat_wxyz=[0.9913282990455627, 0.0846211388707161, -0.036772407591342926, -0.0935695469379425] status=0x0803
joint_pos=[0.0, 0.0, 0.0, 0.0, 0.0, 0.0] joint_vel=[0.0, 0.0, 0.0, 0.0, 0.0, 0.0] imu_ang_vel=[-0.0010883528739213943, 0.0015828097239136696, -0.0024891658686101437] imu_quat_wxyz=[0.9913278818130493, 0.08462842553853989, -0.03676757588982582, -0.09357023239135742] status=0x0803
joint_pos=[0.0, 0.0, 0.0, 0.0, 0.0, 0.0] joint_vel=[0.0, 0.0, 0.0, 0.0, 0.0, 0.0] imu_ang_vel=[-2.3089349269866943e-05, 0.0015828097239136696, -0.0035544303245842457] imu_quat_wxyz=[0.9913285374641418, 0.08462365716695786, -0.03676241263747215, -0.09356830269098282] status=0x0803
joint_pos=[0.0, 0.0, 0.0, 0.0, 0.0, 0.0] joint_vel=[0.0, 0.0, 0.0, 0.0, 0.0, 0.0] imu_ang_vel=[0.0015748068690299988, 0.0010501774959266186, -0.00035863742232322693] imu_quat_wxyz=[0.9913285970687866, 0.08461836725473404, -0.0367557555437088, -0.09357625991106033] status=0x0803
ONNX startup: move command complete; waiting for measured joints to enter +/-2 deg.
joint_pos=[0.0, 0.0, 0.0, 0.0, 0.0, 0.0] joint_vel=[0.0, 0.0, 0.0, 0.0, 0.0, 0.0] imu_ang_vel=[-2.3089349269866943e-05, 0.0015828097239136696, -0.0014239014126360416] imu_quat_wxyz=[0.9913282990455627, 0.08461657166481018, -0.036758847534656525, -0.09357931464910507] status=0x0803
joint_pos=[0.0, 0.0, 0.0, 0.0, 0.0, 0.0] joint_vel=[0.0, 0.0, 0.0, 0.0, 0.0, 0.0] imu_ang_vel=[0.0005095433443784714, 0.0015828097239136696, -0.0008912696503102779] imu_quat_wxyz=[0.9913281798362732, 0.08462019264698029, -0.03675856813788414, -0.09357703477144241] status=0x0803
joint_pos=[0.0, 0.0, 0.0, 0.0, 0.0, 0.0] joint_vel=[0.0, 0.0, 0.0, 0.0, 0.0, 0.0] imu_ang_vel=[-0.0005557220429182053, 0.0015828097239136696, -0.0019565336406230927] imu_quat_wxyz=[0.9913281202316284, 0.08461913466453552, -0.036752574145793915, -0.09358062595129013] status=0x0803
joint_pos=[0.0, 0.0, 0.0, 0.0, 0.0, 0.0] joint_vel=[0.0, 0.0, 0.0, 0.0, 0.0, 0.0] imu_ang_vel=[-0.0005557220429182053, 0.0005175452679395676, -0.0024891658686101437] imu_quat_wxyz=[0.9913281798362732, 0.08462066948413849, -0.03674973547458649, -0.09358030557632446] status=0x0803
joint_pos=[0.0, 0.0, 0.0, 0.0, 0.0, 0.0] joint_vel=[0.0, 0.0, 0.0, 0.0, 0.0, 0.0] imu_ang_vel=[0.0010421741753816605, 0.0005175452679395676, -0.0035544303245842457] imu_quat_wxyz=[0.9913293123245239, 0.084617480635643, -0.03674367070198059, -0.0935741513967514] status=0x0803
joint_pos=[0.0, 0.0, 0.0, 0.0, 0.0, 0.0] joint_vel=[0.0, 0.0, 0.0, 0.0, 0.0, 0.0] imu_ang_vel=[-2.3089349269866943e-05, 0.0010501774959266186, -0.0014239014126360416] imu_quat_wxyz=[0.9913285970687866, 0.08462121337652206, -0.03674108535051346, -0.0935792550444603] status=0x0803
joint_pos=[0.0, 0.0, 0.0, 0.0, 0.0, 0.0] joint_vel=[0.0, 0.0, 0.0, 0.0, 0.0, 0.0] imu_ang_vel=[-2.3089349269866943e-05, 0.0015828097239136696, -0.0014239014126360416] imu_quat_wxyz=[0.9913281798362732, 0.08462727814912796, -0.03673907741904259, -0.09357813000679016] status=0x0803
joint_pos=[0.0, 0.0, 0.0, 0.0, 0.0, 0.0] joint_vel=[0.0, 0.0, 0.0, 0.0, 0.0, 0.0] imu_ang_vel=[-0.0005557220429182053, -1.5086960047483444e-05, -0.0024891658686101437] imu_quat_wxyz=[0.9913294315338135, 0.08462114632129669, -0.036739494651556015, -0.09357048571109772] status=0x0803
joint_pos=[0.0, 0.0, 0.0, 0.0, 0.0, 0.0] joint_vel=[0.0, 0.0, 0.0, 0.0, 0.0, 0.0] imu_ang_vel=[-0.0005557220429182053, 0.0010501774959266186, -0.0019565336406230927] imu_quat_wxyz=[0.9913286566734314, 0.0846264585852623, -0.03673919662833214, -0.09357492625713348] status=0x0803
joint_pos=[0.0, 0.0, 0.0, 0.0, 0.0, 0.0] joint_vel=[0.0, 0.0, 0.0, 0.0, 0.0, 0.0] imu_ang_vel=[-0.0010883528739213943, -1.5086960047483444e-05, -0.0019565336406230927] imu_quat_wxyz=[0.9913289546966553, 0.08462027460336685, -0.03673776611685753, -0.09357746690511703] status=0x0803
joint_pos=[0.0, 0.0, 0.0, 0.0, 0.0, 0.0] joint_vel=[0.0, 0.0, 0.0, 0.0, 0.0, 0.0] imu_ang_vel=[0.0015748068690299988, 0.0010501774959266186, -0.0008912696503102779] imu_quat_wxyz=[0.9913281798362732, 0.08462602645158768, -0.036744095385074615, -0.0935777798295021] status=0x0803
joint_pos=[0.0, 0.0, 0.0, 0.0, 0.0, 0.0] joint_vel=[0.0, 0.0, 0.0, 0.0, 0.0, 0.0] imu_ang_vel=[-2.3089349269866943e-05, 0.0010501774959266186, -0.0035544303245842457] imu_quat_wxyz=[0.9913272261619568, 0.0846298336982727, -0.036740951240062714, -0.09358584135770798] status=0x0803
