Log file: /home/cx/robot_deploy/log/2026-07-15_17-44-03.txt
Connected to /dev/ttyACM0 at 921600 baud; loop rate 200 Hz.
joint_pos=[0.0, 0.0, 0.0, 0.0, 0.0, 0.0] imu_ang_vel=[0.0, 0.0, 0.0] imu_quat_wxyz=[-0.7170407176017761, 0.09152224659919739, 0.053665559738874435, 0.6889094710350037]
joint_pos=[0.0, 0.0, 0.0, 0.0, 0.0, 0.0] imu_ang_vel=[0.0, 0.0, 0.0] imu_quat_wxyz=[-0.7170407176017761, 0.09152224659919739, 0.053665559738874435, 0.6889094710350037]
joint_pos=[0.0, 0.0, 0.0, 0.0, 0.0, 0.0] imu_ang_vel=[0.0, 0.0, 0.0] imu_quat_wxyz=[-0.7169647216796875, 0.09164313971996307, 0.05369948595762253, 0.6889698505401611]
joint_pos=[0.0, 0.0, 0.0, 0.0, 0.0, 0.0] imu_ang_vel=[0.0, 0.0, 0.0] imu_quat_wxyz=[-0.7169647216796875, 0.09164313971996307, 0.05369948595762253, 0.6889698505401611]
joint_pos=[0.0, 0.0, 0.0, 0.0, 0.0, 0.0] imu_ang_vel=[0.0, 0.0, 0.0] imu_quat_wxyz=[-0.7169817090034485, 0.09163780510425568, 0.05360982194542885, 0.6889598369598389]
joint_pos=[0.0, 0.0, 0.0, 0.0, 0.0, 0.0] imu_ang_vel=[0.0, 0.0, 0.0] imu_quat_wxyz=[-0.7169817090034485, 0.09163780510425568, 0.05360982194542885, 0.6889598369598389]
joint_pos=[0.0, 0.0, 0.0, 0.0, 0.0, 0.0] imu_ang_vel=[0.0, 0.0, 0.0] imu_quat_wxyz=[-0.7170073390007019, 0.09158246964216232, 0.053536053746938705, 0.6889463067054749]
joint_pos=[0.0, 0.0, 0.0, 0.0, 0.0, 0.0] imu_ang_vel=[0.0, 0.0, 0.0] imu_quat_wxyz=[-0.7170073390007019, 0.09158246964216232, 0.053536053746938705, 0.6889463067054749]
joint_pos=[0.0, 0.0, 0.0, 0.0, 0.0, 0.0] imu_ang_vel=[0.0, 0.0, 0.0] imu_quat_wxyz=[-0.7169435620307922, 0.09167280048131943, 0.05357519909739494, 0.6889976263046265]
joint_pos=[0.0, 0.0, 0.0, 0.0, 0.0, 0.0] imu_ang_vel=[0.0, 0.0, 0.0] imu_quat_wxyz=[-0.7169435620307922, 0.09167280048131943, 0.05357519909739494, 0.6889976263046265]
joint_pos=[0.0, 0.0, 0.0, 0.0, 0.0, 0.0] imu_ang_vel=[0.0, 0.0, 0.0] imu_quat_wxyz=[-0.7168602347373962, 0.09174495935440063, 0.053674858063459396, 0.6890668869018555]
joint_pos=[0.0, 0.0, 0.0, 0.0, 0.0, 0.0] imu_ang_vel=[0.0, 0.0, 0.0] imu_quat_wxyz=[-0.7168602347373962, 0.09174495935440063, 0.053674858063459396, 0.6890668869018555]
joint_pos=[0.0, 0.0, 0.0, 0.0, 0.0, 0.0] imu_ang_vel=[0.0, 0.0, 0.0] imu_quat_wxyz=[-0.7169415950775146, 0.09157747030258179, 0.05356595665216446, 0.6890130043029785]
joint_pos=[0.0, 0.0, 0.0, 0.0, 0.0, 0.0] imu_ang_vel=[0.0, 0.0, 0.0] imu_quat_wxyz=[-0.7169415950775146, 0.09157747030258179, 0.05356595665216446, 0.6890130043029785]
joint_pos=[0.0, 0.0, 0.0, 0.0, 0.0, 0.0] imu_ang_vel=[0.0, 0.0, 0.0] imu_quat_wxyz=[-0.717012882232666, 0.091440849006176, 0.05353008583188057, 0.6889597773551941]
joint_pos=[0.0, 0.0, 0.0, 0.0, 0.0, 0.0] imu_ang_vel=[0.0, 0.0, 0.0] imu_quat_wxyz=[-0.717012882232666, 0.091440849006176, 0.05353008583188057, 0.6889597773551941]
joint_pos=[0.0, 0.0, 0.0, 0.0, 0.0, 0.0] imu_ang_vel=[0.0, 0.0, 0.0] imu_quat_wxyz=[-0.7169901728630066, 0.09148934483528137, 0.053573235869407654, 0.6889736652374268]
joint_pos=[0.0, 0.0, 0.0, 0.0, 0.0, 0.0] imu_ang_vel=[0.0, 0.0, 0.0] imu_quat_wxyz=[-0.7169901728630066, 0.09148934483528137, 0.053573235869407654, 0.6889736652374268]
joint_pos=[0.0, 0.0, 0.0, 0.0, 0.0, 0.0] imu_ang_vel=[0.0, 0.0, 0.0] imu_quat_wxyz=[-0.7170169353485107, 0.09142123907804489, 0.053512509912252426, 0.6889594793319702]
joint_pos=[0.0, 0.0, 0.0, 0.0, 0.0, 0.0] imu_ang_vel=[0.0, 0.0, 0.0] imu_quat_wxyz=[-0.7170169353485107, 0.09142123907804489, 0.053512509912252426, 0.6889594793319702]
joint_pos=[0.0, 0.0, 0.0, 0.0, 0.0, 0.0] imu_ang_vel=[0.0, 0.0, 0.0] imu_quat_wxyz=[-0.7170765995979309, 0.09138824790716171, 0.05347307771444321, 0.688904881477356]
joint_pos=[0.0, 0.0, 0.0, 0.0, 0.0, 0.0] imu_ang_vel=[0.0, 0.0, 0.0] imu_quat_wxyz=[-0.7170765995979309, 0.09138824790716171, 0.05347307771444321, 0.688904881477356]
joint_pos=[0.0, 0.0, 0.0, 0.0, 0.0, 0.0] imu_ang_vel=[0.0, 0.0, 0.0] imu_quat_wxyz=[-0.7172326445579529, 0.09118311107158661, 0.05333319306373596, 0.6887804865837097]
joint_pos=[0.0, 0.0, 0.0, 0.0, 0.0, 0.0] imu_ang_vel=[0.0, 0.0, 0.0] imu_quat_wxyz=[-0.7172326445579529, 0.09118311107158661, 0.05333319306373596, 0.6887804865837097]
joint_pos=[0.0, 0.0, 0.0, 0.0, 0.0, 0.0] imu_ang_vel=[0.0, 0.0, 0.0] imu_quat_wxyz=[-0.7173100709915161, 0.09109117090702057, 0.05327397957444191, 0.6887165904045105]
joint_pos=[0.0, 0.0, 0.0, 0.0, 0.0, 0.0] imu_ang_vel=[0.0, 0.0, 0.0] imu_quat_wxyz=[-0.7173100709915161, 0.09109117090702057, 0.05327397957444191, 0.6887165904045105]
joint_pos=[0.0, 0.0, 0.0, 0.0, 0.0, 0.0] imu_ang_vel=[0.0, 0.0, 0.0] imu_quat_wxyz=[-0.717407763004303, 0.09096106141805649, 0.0532272532582283, 0.6886355876922607]
joint_pos=[0.0, 0.0, 0.0, 0.0, 0.0, 0.0] imu_ang_vel=[0.0, 0.0, 0.0] imu_quat_wxyz=[-0.717407763004303, 0.09096106141805649, 0.0532272532582283, 0.6886355876922607]
joint_pos=[0.0, 0.0, 0.0, 0.0, 0.0, 0.0] imu_ang_vel=[0.0, 0.0, 0.0] imu_quat_wxyz=[-0.7177362442016602, 0.09049374610185623, 0.052847519516944885, 0.6883842349052429]
joint_pos=[0.0, 0.0, 0.0, 0.0, 0.0, 0.0] imu_ang_vel=[0.0, 0.0, 0.0] imu_quat_wxyz=[-0.7177362442016602, 0.09049374610185623, 0.052847519516944885, 0.6883842349052429]
joint_pos=[0.0, 0.0, 0.0, 0.0, 0.0, 0.0] imu_ang_vel=[0.0, 0.0, 0.0] imu_quat_wxyz=[-0.7180091142654419, 0.09017615020275116, 0.052612967789173126, 0.6881590485572815]
joint_pos=[0.0, 0.0, 0.0, 0.0, 0.0, 0.0] imu_ang_vel=[0.0, 0.0, 0.0] imu_quat_wxyz=[-0.7180091142654419, 0.09017615020275116, 0.052612967789173126, 0.6881590485572815]
joint_pos=[0.0, 0.0, 0.0, 0.0, 0.0, 0.0] imu_ang_vel=[0.0, 0.0, 0.0] imu_quat_wxyz=[-0.7180012464523315, 0.09035928547382355, 0.05278930813074112, 0.688129723072052]
joint_pos=[0.0, 0.0, 0.0, 0.0, 0.0, 0.0] imu_ang_vel=[0.0, 0.0, 0.0] imu_quat_wxyz=[-0.7180012464523315, 0.09035928547382355, 0.05278930813074112, 0.688129723072052]
joint_pos=[0.0, 0.0, 0.0, 0.0, 0.0, 0.0] imu_ang_vel=[0.0, 0.0, 0.0] imu_quat_wxyz=[-0.7177215218544006, 0.09089253842830658, 0.05325564742088318, 0.6883154511451721]
joint_pos=[0.0, 0.0, 0.0, 0.0, 0.0, 0.0] imu_ang_vel=[0.0, 0.0, 0.0] imu_quat_wxyz=[-0.7177215218544006, 0.09089253842830658, 0.05325564742088318, 0.6883154511451721]
joint_pos=[0.0, 0.0, 0.0, 0.0, 0.0, 0.0] imu_ang_vel=[0.0, 0.0, 0.0] imu_quat_wxyz=[-0.7174787521362305, 0.091305211186409, 0.05357326939702034, 0.6884891986846924]
joint_pos=[0.0, 0.0, 0.0, 0.0, 0.0, 0.0] imu_ang_vel=[0.0, 0.0, 0.0] imu_quat_wxyz=[-0.7174787521362305, 0.091305211186409, 0.05357326939702034, 0.6884891986846924]
joint_pos=[0.0, 0.0, 0.0, 0.0, 0.0, 0.0] imu_ang_vel=[0.0, 0.0, 0.0] imu_quat_wxyz=[-0.7174711227416992, 0.09136994928121567, 0.0535464733839035, 0.6884907484054565]
joint_pos=[0.0, 0.0, 0.0, 0.0, 0.0, 0.0] imu_ang_vel=[0.0, 0.0, 0.0] imu_quat_wxyz=[-0.7174711227416992, 0.09136994928121567, 0.0535464733839035, 0.6884907484054565]
joint_pos=[0.0, 0.0, 0.0, 0.0, 0.0, 0.0] imu_ang_vel=[0.0, 0.0, 0.0] imu_quat_wxyz=[-0.7174827456474304, 0.09133163094520569, 0.05350854620337486, 0.6884865760803223]
joint_pos=[0.0, 0.0, 0.0, 0.0, 0.0, 0.0] imu_ang_vel=[0.0, 0.0, 0.0] imu_quat_wxyz=[-0.7174827456474304, 0.09133163094520569, 0.05350854620337486, 0.6884865760803223]
joint_pos=[0.0, 0.0, 0.0, 0.0, 0.0, 0.0] imu_ang_vel=[0.0, 0.0, 0.0] imu_quat_wxyz=[-0.7174660563468933, 0.09134089201688766, 0.05353505536913872, 0.6885007619857788]
joint_pos=[0.0, 0.0, 0.0, 0.0, 0.0, 0.0] imu_ang_vel=[0.0, 0.0, 0.0] imu_quat_wxyz=[-0.7174660563468933, 0.09134089201688766, 0.05353505536913872, 0.6885007619857788]
joint_pos=[0.0, 0.0, 0.0, 0.0, 0.0, 0.0] imu_ang_vel=[0.0, 0.0, 0.0] imu_quat_wxyz=[-0.7174583077430725, 0.09136748313903809, 0.053560521453619, 0.6885032653808594]
joint_pos=[0.0, 0.0, 0.0, 0.0, 0.0, 0.0] imu_ang_vel=[0.0, 0.0, 0.0] imu_quat_wxyz=[-0.7174583077430725, 0.09136748313903809, 0.053560521453619, 0.6885032653808594]
joint_pos=[0.0, 0.0, 0.0, 0.0, 0.0, 0.0] imu_ang_vel=[0.0, 0.0, 0.0] imu_quat_wxyz=[-0.7174139618873596, 0.09143073856830597, 0.05363030359148979, 0.688535749912262]
joint_pos=[0.0, 0.0, 0.0, 0.0, 0.0, 0.0] imu_ang_vel=[0.0, 0.0, 0.0] imu_quat_wxyz=[-0.7174139618873596, 0.09143073856830597, 0.05363030359148979, 0.688535749912262]
joint_pos=[0.0, 0.0, 0.0, 0.0, 0.0, 0.0] imu_ang_vel=[0.0, 0.0, 0.0] imu_quat_wxyz=[-0.717536211013794, 0.09125495702028275, 0.05343671888113022, 0.6884466409683228]
joint_pos=[0.0, 0.0, 0.0, 0.0, 0.0, 0.0] imu_ang_vel=[0.0, 0.0, 0.0] imu_quat_wxyz=[-0.717536211013794, 0.09125495702028275, 0.05343671888113022, 0.6884466409683228]
joint_pos=[0.0, 0.0, 0.0, 0.0, 0.0, 0.0] imu_ang_vel=[0.0, 0.0, 0.0] imu_quat_wxyz=[-0.7176992297172546, 0.09104113280773163, 0.05325831472873688, 0.6883189082145691]
joint_pos=[0.0, 0.0, 0.0, 0.0, 0.0, 0.0] imu_ang_vel=[0.0, 0.0, 0.0] imu_quat_wxyz=[-0.7176992297172546, 0.09104113280773163, 0.05325831472873688, 0.6883189082145691]
joint_pos=[0.0, 0.0, 0.0, 0.0, 0.0, 0.0] imu_ang_vel=[0.0, 0.0, 0.0] imu_quat_wxyz=[-0.717775821685791, 0.0909690409898758, 0.053229015320539474, 0.6882508397102356]
joint_pos=[0.0, 0.0, 0.0, 0.0, 0.0, 0.0] imu_ang_vel=[0.0, 0.0, 0.0] imu_quat_wxyz=[-0.717775821685791, 0.0909690409898758, 0.053229015320539474, 0.6882508397102356]
joint_pos=[0.0, 0.0, 0.0, 0.0, 0.0, 0.0] imu_ang_vel=[0.0, 0.0, 0.0] imu_quat_wxyz=[-0.7178863883018494, 0.09084092080593109, 0.05316057801246643, 0.6881577372550964]
joint_pos=[0.0, 0.0, 0.0, 0.0, 0.0, 0.0] imu_ang_vel=[0.0, 0.0, 0.0] imu_quat_wxyz=[-0.7178863883018494, 0.09084092080593109, 0.05316057801246643, 0.6881577372550964]
joint_pos=[0.0, 0.0, 0.0, 0.0, 0.0, 0.0] imu_ang_vel=[0.0, 0.0, 0.0] imu_quat_wxyz=[-0.7179417014122009, 0.09083940833806992, 0.053172603249549866, 0.6880992650985718]
joint_pos=[0.0, 0.0, 0.0, 0.0, 0.0, 0.0] imu_ang_vel=[0.0, 0.0, 0.0] imu_quat_wxyz=[-0.7179417014122009, 0.09083940833806992, 0.053172603249549866, 0.6880992650985718]
joint_pos=[0.0, 0.0, 0.0, 0.0, 0.0, 0.0] imu_ang_vel=[0.0, 0.0, 0.0] imu_quat_wxyz=[-0.7178564071655273, 0.09106074273586273, 0.0533318817615509, 0.6881466507911682]
joint_pos=[0.0, 0.0, 0.0, 0.0, 0.0, 0.0] imu_ang_vel=[0.0, 0.0, 0.0] imu_quat_wxyz=[-0.7178564071655273, 0.09106074273586273, 0.0533318817615509, 0.6881466507911682]
joint_pos=[0.0, 0.0, 0.0, 0.0, 0.0, 0.0] imu_ang_vel=[0.0, 0.0, 0.0] imu_quat_wxyz=[-0.7178053259849548, 0.091194286942482, 0.053468670696020126, 0.6881716251373291]
joint_pos=[0.0, 0.0, 0.0, 0.0, 0.0, 0.0] imu_ang_vel=[0.0, 0.0, 0.0] imu_quat_wxyz=[-0.7178053259849548, 0.091194286942482, 0.053468670696020126, 0.6881716251373291]
joint_pos=[0.0, 0.0, 0.0, 0.0, 0.0, 0.0] imu_ang_vel=[0.0, 0.0, 0.0] imu_quat_wxyz=[-0.7178627848625183, 0.09110505878925323, 0.05342318117618561, 0.6881270408630371]
joint_pos=[0.0, 0.0, 0.0, 0.0, 0.0, 0.0] imu_ang_vel=[0.0, 0.0, 0.0] imu_quat_wxyz=[-0.7178627848625183, 0.09110505878925323, 0.05342318117618561, 0.6881270408630371]
joint_pos=[0.0, 0.0, 0.0, 0.0, 0.0, 0.0] imu_ang_vel=[0.0, 0.0, 0.0] imu_quat_wxyz=[-0.7178661227226257, 0.09115827828645706, 0.0534653514623642, 0.6881132125854492]
joint_pos=[0.0, 0.0, 0.0, 0.0, 0.0, 0.0] imu_ang_vel=[0.0, 0.0, 0.0] imu_quat_wxyz=[-0.7178661227226257, 0.09115827828645706, 0.0534653514623642, 0.6881132125854492]
joint_pos=[0.0, 0.0, 0.0, 0.0, 0.0, 0.0] imu_ang_vel=[0.0, 0.0, 0.0] imu_quat_wxyz=[-0.7177351117134094, 0.09134891629219055, 0.053665582090616226, 0.6882091164588928]
joint_pos=[0.0, 0.0, 0.0, 0.0, 0.0, 0.0] imu_ang_vel=[0.0, 0.0, 0.0] imu_quat_wxyz=[-0.7177351117134094, 0.09134891629219055, 0.053665582090616226, 0.6882091164588928]
joint_pos=[0.0, 0.0, 0.0, 0.0, 0.0, 0.0] imu_ang_vel=[0.0, 0.0, 0.0] imu_quat_wxyz=[-0.7175740599632263, 0.0915767028927803, 0.05386500805616379, 0.688331127166748]
joint_pos=[0.0, 0.0, 0.0, 0.0, 0.0, 0.0] imu_ang_vel=[0.0, 0.0, 0.0] imu_quat_wxyz=[-0.7175740599632263, 0.0915767028927803, 0.05386500805616379, 0.688331127166748]
joint_pos=[0.0, 0.0, 0.0, 0.0, 0.0, 0.0] imu_ang_vel=[0.0, 0.0, 0.0] imu_quat_wxyz=[-0.7175777554512024, 0.09150220453739166, 0.05381011590361595, 0.6883413195610046]
joint_pos=[0.0, 0.0, 0.0, 0.0, 0.0, 0.0] imu_ang_vel=[0.0, 0.0, 0.0] imu_quat_wxyz=[-0.7175777554512024, 0.09150220453739166, 0.05381011590361595, 0.6883413195610046]
joint_pos=[0.0, 0.0, 0.0, 0.0, 0.0, 0.0] imu_ang_vel=[0.0, 0.0, 0.0] imu_quat_wxyz=[-0.7176390290260315, 0.0913887768983841, 0.05371011793613434, 0.688300371170044]
joint_pos=[0.0, 0.0, 0.0, 0.0, 0.0, 0.0] imu_ang_vel=[0.0, 0.0, 0.0] imu_quat_wxyz=[-0.7176390290260315, 0.0913887768983841, 0.05371011793613434, 0.688300371170044]
joint_pos=[0.0, 0.0, 0.0, 0.0, 0.0, 0.0] imu_ang_vel=[0.0, 0.0, 0.0] imu_quat_wxyz=[-0.7177814245223999, 0.09119218587875366, 0.053509198129177094, 0.6881936192512512]
joint_pos=[0.0, 0.0, 0.0, 0.0, 0.0, 0.0] imu_ang_vel=[0.0, 0.0, 0.0] imu_quat_wxyz=[-0.7177814245223999, 0.09119218587875366, 0.053509198129177094, 0.6881936192512512]
joint_pos=[0.0, 0.0, 0.0, 0.0, 0.0, 0.0] imu_ang_vel=[0.0, 0.0, 0.0] imu_quat_wxyz=[-0.7179194092750549, 0.09098748117685318, 0.053351595997810364, 0.6880889534950256]
joint_pos=[0.0, 0.0, 0.0, 0.0, 0.0, 0.0] imu_ang_vel=[0.0, 0.0, 0.0] imu_quat_wxyz=[-0.7179194092750549, 0.09098748117685318, 0.053351595997810364, 0.6880889534950256]
joint_pos=[0.0, 0.0, 0.0, 0.0, 0.0, 0.0] imu_ang_vel=[0.0, 0.0, 0.0] imu_quat_wxyz=[-0.7181172370910645, 0.09073739498853683, 0.05313224345445633, 0.6879324913024902]
joint_pos=[0.0, 0.0, 0.0, 0.0, 0.0, 0.0] imu_ang_vel=[0.0, 0.0, 0.0] imu_quat_wxyz=[-0.7181172370910645, 0.09073739498853683, 0.05313224345445633, 0.6879324913024902]
joint_pos=[0.0, 0.0, 0.0, 0.0, 0.0, 0.0] imu_ang_vel=[0.0, 0.0, 0.0] imu_quat_wxyz=[-0.718341052532196, 0.09048663079738617, 0.05291048437356949, 0.6877490878105164]
joint_pos=[0.0, 0.0, 0.0, 0.0, 0.0, 0.0] imu_ang_vel=[0.0, 0.0, 0.0] imu_quat_wxyz=[-0.718341052532196, 0.09048663079738617, 0.05291048437356949, 0.6877490878105164]
joint_pos=[0.0, 0.0, 0.0, 0.0, 0.0, 0.0] imu_ang_vel=[0.0, 0.0, 0.0] imu_quat_wxyz=[-0.7184482216835022, 0.09044178575277328, 0.05284837260842323, 0.687647819519043]
joint_pos=[0.0, 0.0, 0.0, 0.0, 0.0, 0.0] imu_ang_vel=[0.0, 0.0, 0.0] imu_quat_wxyz=[-0.7184482216835022, 0.09044178575277328, 0.05284837260842323, 0.687647819519043]
joint_pos=[0.0, 0.0, 0.0, 0.0, 0.0, 0.0] imu_ang_vel=[0.0, 0.0, 0.0] imu_quat_wxyz=[-0.7185491919517517, 0.0904056578874588, 0.05283435806632042, 0.6875481009483337]
joint_pos=[0.0, 0.0, 0.0, 0.0, 0.0, 0.0] imu_ang_vel=[0.0, 0.0, 0.0] imu_quat_wxyz=[-0.7185491919517517, 0.0904056578874588, 0.05283435806632042, 0.6875481009483337]
joint_pos=[0.0, 0.0, 0.0, 0.0, 0.0, 0.0] imu_ang_vel=[0.0, 0.0, 0.0] imu_quat_wxyz=[-0.7187114953994751, 0.09031850099563599, 0.05270429700613022, 0.6873998641967773]
joint_pos=[0.0, 0.0, 0.0, 0.0, 0.0, 0.0] imu_ang_vel=[0.0, 0.0, 0.0] imu_quat_wxyz=[-0.7187114953994751, 0.09031850099563599, 0.05270429700613022, 0.6873998641967773]
joint_pos=[0.0, 0.0, 0.0, 0.0, 0.0, 0.0] imu_ang_vel=[0.0, 0.0, 0.0] imu_quat_wxyz=[-0.7186764478683472, 0.09051143378019333, 0.05288871005177498, 0.6873969435691833]
joint_pos=[0.0, 0.0, 0.0, 0.0, 0.0, 0.0] imu_ang_vel=[0.0, 0.0, 0.0] imu_quat_wxyz=[-0.7186764478683472, 0.09051143378019333, 0.05288871005177498, 0.6873969435691833]
joint_pos=[0.0, 0.0, 0.0, 0.0, 0.0, 0.0] imu_ang_vel=[0.0, 0.0, 0.0] imu_quat_wxyz=[-0.7183752655982971, 0.09106655418872833, 0.05342905595898628, 0.6875967383384705]
joint_pos=[0.0, 0.0, 0.0, 0.0, 0.0, 0.0] imu_ang_vel=[0.0, 0.0, 0.0] imu_quat_wxyz=[-0.7183752655982971, 0.09106655418872833, 0.05342905595898628, 0.6875967383384705]
joint_pos=[0.0, 0.0, 0.0, 0.0, 0.0, 0.0] imu_ang_vel=[0.0, 0.0, 0.0] imu_quat_wxyz=[-0.7180699110031128, 0.09151346236467361, 0.053832363337278366, 0.6878247857093811]
joint_pos=[0.0, 0.0, 0.0, 0.0, 0.0, 0.0] imu_ang_vel=[0.0, 0.0, 0.0] imu_quat_wxyz=[-0.7180699110031128, 0.09151346236467361, 0.053832363337278366, 0.6878247857093811]
joint_pos=[0.0, 0.0, 0.0, 0.0, 0.0, 0.0] imu_ang_vel=[0.0, 0.0, 0.0] imu_quat_wxyz=[-0.7180467247962952, 0.09149415791034698, 0.05382341518998146, 0.6878522634506226]
joint_pos=[0.0, 0.0, 0.0, 0.0, 0.0, 0.0] imu_ang_vel=[0.0, 0.0, 0.0] imu_quat_wxyz=[-0.7180467247962952, 0.09149415791034698, 0.05382341518998146, 0.6878522634506226]
joint_pos=[0.0, 0.0, 0.0, 0.0, 0.0, 0.0] imu_ang_vel=[0.0, 0.0, 0.0] imu_quat_wxyz=[-0.7181795835494995, 0.09125743806362152, 0.053627435117959976, 0.6877603530883789]
joint_pos=[0.0, 0.0, 0.0, 0.0, 0.0, 0.0] imu_ang_vel=[0.0, 0.0, 0.0] imu_quat_wxyz=[-0.7181795835494995, 0.09125743806362152, 0.053627435117959976, 0.6877603530883789]
joint_pos=[0.0, 0.0, 0.0, 0.0, 0.0, 0.0] imu_ang_vel=[0.0, 0.0, 0.0] imu_quat_wxyz=[-0.7183494567871094, 0.09100761264562607, 0.05339851975440979, 0.6876336932182312]
joint_pos=[0.0, 0.0, 0.0, 0.0, 0.0, 0.0] imu_ang_vel=[0.0, 0.0, 0.0] imu_quat_wxyz=[-0.7183494567871094, 0.09100761264562607, 0.05339851975440979, 0.6876336932182312]
joint_pos=[0.0, 0.0, 0.0, 0.0, 0.0, 0.0] imu_ang_vel=[0.0, 0.0, 0.0] imu_quat_wxyz=[-0.7184041738510132, 0.09102553874254227, 0.05334321781992912, 0.687578558921814]
joint_pos=[0.0, 0.0, 0.0, 0.0, 0.0, 0.0] imu_ang_vel=[0.0, 0.0, 0.0] imu_quat_wxyz=[-0.7184041738510132, 0.09102553874254227, 0.05334321781992912, 0.687578558921814]
joint_pos=[0.0, 0.0, 0.0, 0.0, 0.0, 0.0] imu_ang_vel=[0.0, 0.0, 0.0] imu_quat_wxyz=[-0.7183624505996704, 0.09115614742040634, 0.053402435034513474, 0.6876001954078674]
joint_pos=[0.0, 0.0, 0.0, 0.0, 0.0, 0.0] imu_ang_vel=[0.0, 0.0, 0.0] imu_quat_wxyz=[-0.7183624505996704, 0.09115614742040634, 0.053402435034513474, 0.6876001954078674]
joint_pos=[0.0, 0.0, 0.0, 0.0, 0.0, 0.0] imu_ang_vel=[0.0, 0.0, 0.0] imu_quat_wxyz=[-0.7182653546333313, 0.09134707599878311, 0.053555287420749664, 0.6876644492149353]
joint_pos=[0.0, 0.0, 0.0, 0.0, 0.0, 0.0] imu_ang_vel=[0.0, 0.0, 0.0] imu_quat_wxyz=[-0.7182653546333313, 0.09134707599878311, 0.053555287420749664, 0.6876644492149353]
joint_pos=[0.0, 0.0, 0.0, 0.0, 0.0, 0.0] imu_ang_vel=[0.0, 0.0, 0.0] imu_quat_wxyz=[-0.7181351184844971, 0.09148520976305008, 0.05373627692461014, 0.6877679228782654]
joint_pos=[0.0, 0.0, 0.0, 0.0, 0.0, 0.0] imu_ang_vel=[0.0, 0.0, 0.0] imu_quat_wxyz=[-0.7181351184844971, 0.09148520976305008, 0.05373627692461014, 0.6877679228782654]
joint_pos=[0.0, 0.0, 0.0, 0.0, 0.0, 0.0] imu_ang_vel=[0.0, 0.0, 0.0] imu_quat_wxyz=[-0.7180970907211304, 0.09153275936841965, 0.053797926753759384, 0.6877965331077576]
joint_pos=[0.0, 0.0, 0.0, 0.0, 0.0, 0.0] imu_ang_vel=[0.0, 0.0, 0.0] imu_quat_wxyz=[-0.7180970907211304, 0.09153275936841965, 0.053797926753759384, 0.6877965331077576]
joint_pos=[0.0, 0.0, 0.0, 0.0, 0.0, 0.0] imu_ang_vel=[0.0, 0.0, 0.0] imu_quat_wxyz=[-0.7180617451667786, 0.09156603366136551, 0.05387386679649353, 0.6878231167793274]
joint_pos=[0.0, 0.0, 0.0, 0.0, 0.0, 0.0] imu_ang_vel=[0.0, 0.0, 0.0] imu_quat_wxyz=[-0.7180617451667786, 0.09156603366136551, 0.05387386679649353, 0.6878231167793274]
joint_pos=[0.0, 0.0, 0.0, 0.0, 0.0, 0.0] imu_ang_vel=[0.0, 0.0, 0.0] imu_quat_wxyz=[-0.7179309129714966, 0.09169921278953552, 0.0540289469063282, 0.6879296898841858]
joint_pos=[0.0, 0.0, 0.0, 0.0, 0.0, 0.0] imu_ang_vel=[0.0, 0.0, 0.0] imu_quat_wxyz=[-0.7179309129714966, 0.09169921278953552, 0.0540289469063282, 0.6879296898841858]
joint_pos=[0.0, 0.0, 0.0, 0.0, 0.0, 0.0] imu_ang_vel=[0.0, 0.0, 0.0] imu_quat_wxyz=[-0.7177064418792725, 0.0919928103685379, 0.05423440411686897, 0.688108503818512]
joint_pos=[0.0, 0.0, 0.0, 0.0, 0.0, 0.0] imu_ang_vel=[0.0, 0.0, 0.0] imu_quat_wxyz=[-0.7177064418792725, 0.0919928103685379, 0.05423440411686897, 0.688108503818512]
joint_pos=[0.0, 0.0, 0.0, 0.0, 0.0, 0.0] imu_ang_vel=[0.0, 0.0, 0.0] imu_quat_wxyz=[-0.7174983620643616, 0.09220543503761292, 0.05438314378261566, 0.6882853507995605]
joint_pos=[0.0, 0.0, 0.0, 0.0, 0.0, 0.0] imu_ang_vel=[0.0, 0.0, 0.0] imu_quat_wxyz=[-0.7174983620643616, 0.09220543503761292, 0.05438314378261566, 0.6882853507995605]
joint_pos=[0.0, 0.0, 0.0, 0.0, 0.0, 0.0] imu_ang_vel=[0.0, 0.0, 0.0] imu_quat_wxyz=[-0.7174182534217834, 0.09218214452266693, 0.05433718487620354, 0.6883755922317505]
joint_pos=[0.0, 0.0, 0.0, 0.0, 0.0, 0.0] imu_ang_vel=[0.0, 0.0, 0.0] imu_quat_wxyz=[-0.7174182534217834, 0.09218214452266693, 0.05433718487620354, 0.6883755922317505]
joint_pos=[0.0, 0.0, 0.0, 0.0, 0.0, 0.0] imu_ang_vel=[0.0, 0.0, 0.0] imu_quat_wxyz=[-0.7174829244613647, 0.09198074787855148, 0.054104290902614594, 0.6883533596992493]
joint_pos=[0.0, 0.0, 0.0, 0.0, 0.0, 0.0] imu_ang_vel=[0.0, 0.0, 0.0] imu_quat_wxyz=[-0.7174829244613647, 0.09198074787855148, 0.054104290902614594, 0.6883533596992493]
joint_pos=[0.0, 0.0, 0.0, 0.0, 0.0, 0.0] imu_ang_vel=[0.0, 0.0, 0.0] imu_quat_wxyz=[-0.7177050709724426, 0.09160912036895752, 0.053751543164253235, 0.6881990432739258]
joint_pos=[0.0, 0.0, 0.0, 0.0, 0.0, 0.0] imu_ang_vel=[0.0, 0.0, 0.0] imu_quat_wxyz=[-0.7177050709724426, 0.09160912036895752, 0.053751543164253235, 0.6881990432739258]
joint_pos=[0.0, 0.0, 0.0, 0.0, 0.0, 0.0] imu_ang_vel=[0.0, 0.0, 0.0] imu_quat_wxyz=[-0.7177795767784119, 0.09144429862499237, 0.05363941565155983, 0.6881519556045532]
joint_pos=[0.0, 0.0, 0.0, 0.0, 0.0, 0.0] imu_ang_vel=[0.0, 0.0, 0.0] imu_quat_wxyz=[-0.7177795767784119, 0.09144429862499237, 0.05363941565155983, 0.6881519556045532]
joint_pos=[0.0, 0.0, 0.0, 0.0, 0.0, 0.0] imu_ang_vel=[0.0, 0.0, 0.0] imu_quat_wxyz=[-0.7176514863967896, 0.09158755093812943, 0.053791653364896774, 0.6882545948028564]
joint_pos=[0.0, 0.0, 0.0, 0.0, 0.0, 0.0] imu_ang_vel=[0.0, 0.0, 0.0] imu_quat_wxyz=[-0.7176514863967896, 0.09158755093812943, 0.053791653364896774, 0.6882545948028564]
joint_pos=[0.0, 0.0, 0.0, 0.0, 0.0, 0.0] imu_ang_vel=[0.0, 0.0, 0.0] imu_quat_wxyz=[-0.7175279855728149, 0.09170301258563995, 0.05392374098300934, 0.6883576512336731]
joint_pos=[0.0, 0.0, 0.0, 0.0, 0.0, 0.0] imu_ang_vel=[0.0, 0.0, 0.0] imu_quat_wxyz=[-0.7175279855728149, 0.09170301258563995, 0.05392374098300934, 0.6883576512336731]
joint_pos=[0.0, 0.0, 0.0, 0.0, 0.0, 0.0] imu_ang_vel=[0.0, 0.0, 0.0] imu_quat_wxyz=[-0.7175675630569458, 0.09158826619386673, 0.05387534201145172, 0.6883354187011719]
joint_pos=[0.0, 0.0, 0.0, 0.0, 0.0, 0.0] imu_ang_vel=[0.0, 0.0, 0.0] imu_quat_wxyz=[-0.7175675630569458, 0.09158826619386673, 0.05387534201145172, 0.6883354187011719]
joint_pos=[0.0, 0.0, 0.0, 0.0, 0.0, 0.0] imu_ang_vel=[0.0, 0.0, 0.0] imu_quat_wxyz=[-0.7177836298942566, 0.09123449772596359, 0.05358750745654106, 0.6881797909736633]
joint_pos=[0.0, 0.0, 0.0, 0.0, 0.0, 0.0] imu_ang_vel=[0.0, 0.0, 0.0] imu_quat_wxyz=[-0.7177836298942566, 0.09123449772596359, 0.05358750745654106, 0.6881797909736633]
joint_pos=[0.0, 0.0, 0.0, 0.0, 0.0, 0.0] imu_ang_vel=[0.0, 0.0, 0.0] imu_quat_wxyz=[-0.7179085612297058, 0.09104029089212418, 0.05348673462867737, 0.6880828738212585]
joint_pos=[0.0, 0.0, 0.0, 0.0, 0.0, 0.0] imu_ang_vel=[0.0, 0.0, 0.0] imu_quat_wxyz=[-0.7179085612297058, 0.09104029089212418, 0.05348673462867737, 0.6880828738212585]
joint_pos=[0.0, 0.0, 0.0, 0.0, 0.0, 0.0] imu_ang_vel=[0.0, 0.0, 0.0] imu_quat_wxyz=[-0.7179551720619202, 0.09100580960512161, 0.05345502495765686, 0.6880413293838501]
joint_pos=[0.0, 0.0, 0.0, 0.0, 0.0, 0.0] imu_ang_vel=[0.0, 0.0, 0.0] imu_quat_wxyz=[-0.7179551720619202, 0.09100580960512161, 0.05345502495765686, 0.6880413293838501]
joint_pos=[0.0, 0.0, 0.0, 0.0, 0.0, 0.0] imu_ang_vel=[0.0, 0.0, 0.0] imu_quat_wxyz=[-0.7179768085479736, 0.09097814559936523, 0.053441934287548065, 0.6880233883857727]
joint_pos=[0.0, 0.0, 0.0, 0.0, 0.0, 0.0] imu_ang_vel=[0.0, 0.0, 0.0] imu_quat_wxyz=[-0.7179768085479736, 0.09097814559936523, 0.053441934287548065, 0.6880233883857727]
joint_pos=[0.0, 0.0, 0.0, 0.0, 0.0, 0.0] imu_ang_vel=[0.0, 0.0, 0.0] imu_quat_wxyz=[-0.7179839611053467, 0.09102122485637665, 0.05344444140791893, 0.688010036945343]
joint_pos=[0.0, 0.0, 0.0, 0.0, 0.0, 0.0] imu_ang_vel=[0.0, 0.0, 0.0] imu_quat_wxyz=[-0.7179839611053467, 0.09102122485637665, 0.05344444140791893, 0.688010036945343]
joint_pos=[0.0, 0.0, 0.0, 0.0, 0.0, 0.0] imu_ang_vel=[0.0, 0.0, 0.0] imu_quat_wxyz=[-0.7180220484733582, 0.09102960675954819, 0.053458355367183685, 0.6879681944847107]
joint_pos=[0.0, 0.0, 0.0, 0.0, 0.0, 0.0] imu_ang_vel=[0.0, 0.0, 0.0] imu_quat_wxyz=[-0.7180220484733582, 0.09102960675954819, 0.053458355367183685, 0.6879681944847107]
joint_pos=[0.0, 0.0, 0.0, 0.0, 0.0, 0.0] imu_ang_vel=[0.0, 0.0, 0.0] imu_quat_wxyz=[-0.7181278467178345, 0.09093639999628067, 0.05334921553730965, 0.687878429889679]
joint_pos=[0.0, 0.0, 0.0, 0.0, 0.0, 0.0] imu_ang_vel=[0.0, 0.0, 0.0] imu_quat_wxyz=[-0.7181278467178345, 0.09093639999628067, 0.05334921553730965, 0.687878429889679]
joint_pos=[0.0, 0.0, 0.0, 0.0, 0.0, 0.0] imu_ang_vel=[0.0, 0.0, 0.0] imu_quat_wxyz=[-0.7182009816169739, 0.09088272601366043, 0.05330170691013336, 0.687812864780426]
joint_pos=[0.0, 0.0, 0.0, 0.0, 0.0, 0.0] imu_ang_vel=[0.0, 0.0, 0.0] imu_quat_wxyz=[-0.7182009816169739, 0.09088272601366043, 0.05330170691013336, 0.687812864780426]
joint_pos=[0.0, 0.0, 0.0, 0.0, 0.0, 0.0] imu_ang_vel=[0.0, 0.0, 0.0] imu_quat_wxyz=[-0.7181090712547302, 0.09109539538621902, 0.053458426147699356, 0.687868595123291]
joint_pos=[0.0, 0.0, 0.0, 0.0, 0.0, 0.0] imu_ang_vel=[0.0, 0.0, 0.0] imu_quat_wxyz=[-0.7181090712547302, 0.09109539538621902, 0.053458426147699356, 0.687868595123291]
joint_pos=[0.0, 0.0, 0.0, 0.0, 0.0, 0.0] imu_ang_vel=[0.0, 0.0, 0.0] imu_quat_wxyz=[-0.7181328535079956, 0.09103798866271973, 0.05345375835895538, 0.6878517866134644]
joint_pos=[0.0, 0.0, 0.0, 0.0, 0.0, 0.0] imu_ang_vel=[0.0, 0.0, 0.0] imu_quat_wxyz=[-0.7181328535079956, 0.09103798866271973, 0.05345375835895538, 0.6878517866134644]
joint_pos=[0.0, 0.0, 0.0, 0.0, 0.0, 0.0] imu_ang_vel=[0.0, 0.0, 0.0] imu_quat_wxyz=[-0.7181069254875183, 0.09108449518680573, 0.053560588508844376, 0.6878642439842224]
joint_pos=[0.0, 0.0, 0.0, 0.0, 0.0, 0.0] imu_ang_vel=[0.0, 0.0, 0.0] imu_quat_wxyz=[-0.7181069254875183, 0.09108449518680573, 0.053560588508844376, 0.6878642439842224]
joint_pos=[0.0, 0.0, 0.0, 0.0, 0.0, 0.0] imu_ang_vel=[0.0, 0.0, 0.0] imu_quat_wxyz=[-0.7179248332977295, 0.09139781445264816, 0.05379166081547737, 0.6879947781562805]
joint_pos=[0.0, 0.0, 0.0, 0.0, 0.0, 0.0] imu_ang_vel=[0.0, 0.0, 0.0] imu_quat_wxyz=[-0.7179248332977295, 0.09139781445264816, 0.05379166081547737, 0.6879947781562805]
joint_pos=[0.0, 0.0, 0.0, 0.0, 0.0, 0.0] imu_ang_vel=[0.0, 0.0, 0.0] imu_quat_wxyz=[-0.7178202271461487, 0.0915321558713913, 0.05388658121228218, 0.6880785822868347]
joint_pos=[0.0, 0.0, 0.0, 0.0, 0.0, 0.0] imu_ang_vel=[0.0, 0.0, 0.0] imu_quat_wxyz=[-0.7178202271461487, 0.0915321558713913, 0.05388658121228218, 0.6880785822868347]
joint_pos=[0.0, 0.0, 0.0, 0.0, 0.0, 0.0] imu_ang_vel=[0.0, 0.0, 0.0] imu_quat_wxyz=[-0.7177588939666748, 0.0915985107421875, 0.05393055081367493, 0.688130259513855]
joint_pos=[0.0, 0.0, 0.0, 0.0, 0.0, 0.0] imu_ang_vel=[0.0, 0.0, 0.0] imu_quat_wxyz=[-0.7177588939666748, 0.0915985107421875, 0.05393055081367493, 0.688130259513855]
joint_pos=[0.0, 0.0, 0.0, 0.0, 0.0, 0.0] imu_ang_vel=[0.0, 0.0, 0.0] imu_quat_wxyz=[-0.7175732851028442, 0.09180285036563873, 0.054119907319545746, 0.6882817149162292]
joint_pos=[0.0, 0.0, 0.0, 0.0, 0.0, 0.0] imu_ang_vel=[0.0, 0.0, 0.0] imu_quat_wxyz=[-0.7175732851028442, 0.09180285036563873, 0.054119907319545746, 0.6882817149162292]
joint_pos=[0.0, 0.0, 0.0, 0.0, 0.0, 0.0] imu_ang_vel=[0.0, 0.0, 0.0] imu_quat_wxyz=[-0.7173748016357422, 0.0920189917087555, 0.05427203327417374, 0.6884477734565735]
joint_pos=[0.0, 0.0, 0.0, 0.0, 0.0, 0.0] imu_ang_vel=[0.0, 0.0, 0.0] imu_quat_wxyz=[-0.7173748016357422, 0.0920189917087555, 0.05427203327417374, 0.6884477734565735]
joint_pos=[0.0, 0.0, 0.0, 0.0, 0.0, 0.0] imu_ang_vel=[0.0, 0.0, 0.0] imu_quat_wxyz=[-0.7173465490341187, 0.09195216745138168, 0.054194699972867966, 0.6884922385215759]
joint_pos=[0.0, 0.0, 0.0, 0.0, 0.0, 0.0] imu_ang_vel=[0.0, 0.0, 0.0] imu_quat_wxyz=[-0.7173465490341187, 0.09195216745138168, 0.054194699972867966, 0.6884922385215759]
joint_pos=[0.0, 0.0, 0.0, 0.0, 0.0, 0.0] imu_ang_vel=[0.0, 0.0, 0.0] imu_quat_wxyz=[-0.7174502015113831, 0.09172148257493973, 0.05395584926009178, 0.6884338855743408]
joint_pos=[0.0, 0.0, 0.0, 0.0, 0.0, 0.0] imu_ang_vel=[0.0, 0.0, 0.0] imu_quat_wxyz=[-0.7174502015113831, 0.09172148257493973, 0.05395584926009178, 0.6884338855743408]
joint_pos=[0.0, 0.0, 0.0, 0.0, 0.0, 0.0] imu_ang_vel=[0.0, 0.0, 0.0] imu_quat_wxyz=[-0.7176966667175293, 0.09123124927282333, 0.053630005568265915, 0.6882675290107727]
joint_pos=[0.0, 0.0, 0.0, 0.0, 0.0, 0.0] imu_ang_vel=[0.0, 0.0, 0.0] imu_quat_wxyz=[-0.7176966667175293, 0.09123124927282333, 0.053630005568265915, 0.6882675290107727]
joint_pos=[0.0, 0.0, 0.0, 0.0, 0.0, 0.0] imu_ang_vel=[0.0, 0.0, 0.0] imu_quat_wxyz=[-0.7179849147796631, 0.09079229831695557, 0.05327324941754341, 0.6880525350570679]
joint_pos=[0.0, 0.0, 0.0, 0.0, 0.0, 0.0] imu_ang_vel=[0.0, 0.0, 0.0] imu_quat_wxyz=[-0.7179849147796631, 0.09079229831695557, 0.05327324941754341, 0.6880525350570679]
joint_pos=[0.0, 0.0, 0.0, 0.0, 0.0, 0.0] imu_ang_vel=[0.0, 0.0, 0.0] imu_quat_wxyz=[-0.7182066440582275, 0.09049190580844879, 0.053070489317178726, 0.6878763437271118]
joint_pos=[0.0, 0.0, 0.0, 0.0, 0.0, 0.0] imu_ang_vel=[0.0, 0.0, 0.0] imu_quat_wxyz=[-0.7182066440582275, 0.09049190580844879, 0.053070489317178726, 0.6878763437271118]
joint_pos=[0.0, 0.0, 0.0, 0.0, 0.0, 0.0] imu_ang_vel=[0.0, 0.0, 0.0] imu_quat_wxyz=[-0.7183676362037659, 0.09037353098392487, 0.05295684561133385, 0.6877326369285583]
joint_pos=[0.0, 0.0, 0.0, 0.0, 0.0, 0.0] imu_ang_vel=[0.0, 0.0, 0.0] imu_quat_wxyz=[-0.7183676362037659, 0.09037353098392487, 0.05295684561133385, 0.6877326369285583]
joint_pos=[0.0, 0.0, 0.0, 0.0, 0.0, 0.0] imu_ang_vel=[0.0, 0.0, 0.0] imu_quat_wxyz=[-0.7183306217193604, 0.09055136144161224, 0.053102295845746994, 0.6877365112304688]
joint_pos=[0.0, 0.0, 0.0, 0.0, 0.0, 0.0] imu_ang_vel=[0.0, 0.0, 0.0] imu_quat_wxyz=[-0.7183306217193604, 0.09055136144161224, 0.053102295845746994, 0.6877365112304688]
joint_pos=[0.0, 0.0, 0.0, 0.0, 0.0, 0.0] imu_ang_vel=[0.0, 0.0, 0.0] imu_quat_wxyz=[-0.7182402610778809, 0.0908128172159195, 0.05334940180182457, 0.6877773404121399]
joint_pos=[0.0, 0.0, 0.0, 0.0, 0.0, 0.0] imu_ang_vel=[0.0, 0.0, 0.0] imu_quat_wxyz=[-0.7182402610778809, 0.0908128172159195, 0.05334940180182457, 0.6877773404121399]
joint_pos=[0.0, 0.0, 0.0, 0.0, 0.0, 0.0] imu_ang_vel=[0.0, 0.0, 0.0] imu_quat_wxyz=[-0.718346357345581, 0.09071578830480576, 0.053254663944244385, 0.6876867413520813]
joint_pos=[0.0, 0.0, 0.0, 0.0, 0.0, 0.0] imu_ang_vel=[0.0, 0.0, 0.0] imu_quat_wxyz=[-0.718346357345581, 0.09071578830480576, 0.053254663944244385, 0.6876867413520813]
joint_pos=[0.0, 0.0, 0.0, 0.0, 0.0, 0.0] imu_ang_vel=[0.0, 0.0, 0.0] imu_quat_wxyz=[-0.7185479998588562, 0.0904720276594162, 0.053047746419906616, 0.6875241994857788]
joint_pos=[0.0, 0.0, 0.0, 0.0, 0.0, 0.0] imu_ang_vel=[0.0, 0.0, 0.0] imu_quat_wxyz=[-0.7185479998588562, 0.0904720276594162, 0.053047746419906616, 0.6875241994857788]
joint_pos=[0.0, 0.0, 0.0, 0.0, 0.0, 0.0] imu_ang_vel=[0.0, 0.0, 0.0] imu_quat_wxyz=[-0.7187451124191284, 0.09032207727432251, 0.05287746340036392, 0.6873509287834167]
joint_pos=[0.0, 0.0, 0.0, 0.0, 0.0, 0.0] imu_ang_vel=[0.0, 0.0, 0.0] imu_quat_wxyz=[-0.7187451124191284, 0.09032207727432251, 0.05287746340036392, 0.6873509287834167]
joint_pos=[0.0, 0.0, 0.0, 0.0, 0.0, 0.0] imu_ang_vel=[0.0, 0.0, 0.0] imu_quat_wxyz=[-0.7190043330192566, 0.09002309292554855, 0.05273944512009621, 0.687129557132721]
joint_pos=[0.0, 0.0, 0.0, 0.0, 0.0, 0.0] imu_ang_vel=[0.0, 0.0, 0.0] imu_quat_wxyz=[-0.7190043330192566, 0.09002309292554855, 0.05273944512009621, 0.687129557132721]
joint_pos=[0.0, 0.0, 0.0, 0.0, 0.0, 0.0] imu_ang_vel=[0.0, 0.0, 0.0] imu_quat_wxyz=[-0.7190916538238525, 0.09010560810565948, 0.05278376489877701, 0.6870239973068237]
joint_pos=[0.0, 0.0, 0.0, 0.0, 0.0, 0.0] imu_ang_vel=[0.0, 0.0, 0.0] imu_quat_wxyz=[-0.7190916538238525, 0.09010560810565948, 0.05278376489877701, 0.6870239973068237]
joint_pos=[0.0, 0.0, 0.0, 0.0, 0.0, 0.0] imu_ang_vel=[0.0, 0.0, 0.0] imu_quat_wxyz=[-0.7190105319023132, 0.09037042409181595, 0.053044356405735016, 0.6870540380477905]
joint_pos=[0.0, 0.0, 0.0, 0.0, 0.0, 0.0] imu_ang_vel=[0.0, 0.0, 0.0] imu_quat_wxyz=[-0.7190105319023132, 0.09037042409181595, 0.053044356405735016, 0.6870540380477905]
joint_pos=[0.0, 0.0, 0.0, 0.0, 0.0, 0.0] imu_ang_vel=[0.0, 0.0, 0.0] imu_quat_wxyz=[-0.7190421223640442, 0.09039849042892456, 0.05313549190759659, 0.6870103478431702]
joint_pos=[0.0, 0.0, 0.0, 0.0, 0.0, 0.0] imu_ang_vel=[0.0, 0.0, 0.0] imu_quat_wxyz=[-0.7190421223640442, 0.09039849042892456, 0.05313549190759659, 0.6870103478431702]
joint_pos=[0.0, 0.0, 0.0, 0.0, 0.0, 0.0] imu_ang_vel=[0.0, 0.0, 0.0] imu_quat_wxyz=[-0.7190083265304565, 0.09058786928653717, 0.05330106243491173, 0.6870079636573792]
joint_pos=[0.0, 0.0, 0.0, 0.0, 0.0, 0.0] imu_ang_vel=[0.0, 0.0, 0.0] imu_quat_wxyz=[-0.7190083265304565, 0.09058786928653717, 0.05330106243491173, 0.6870079636573792]
joint_pos=[0.0, 0.0, 0.0, 0.0, 0.0, 0.0] imu_ang_vel=[0.0, 0.0, 0.0] imu_quat_wxyz=[-0.7187964916229248, 0.09098242223262787, 0.053644970059394836, 0.6871506571769714]
joint_pos=[0.0, 0.0, 0.0, 0.0, 0.0, 0.0] imu_ang_vel=[0.0, 0.0, 0.0] imu_quat_wxyz=[-0.7187964916229248, 0.09098242223262787, 0.053644970059394836, 0.6871506571769714]
joint_pos=[0.0, 0.0, 0.0, 0.0, 0.0, 0.0] imu_ang_vel=[0.0, 0.0, 0.0] imu_quat_wxyz=[-0.7186923027038574, 0.09116768091917038, 0.053828127682209015, 0.6872207522392273]
joint_pos=[0.0, 0.0, 0.0, 0.0, 0.0, 0.0] imu_ang_vel=[0.0, 0.0, 0.0] imu_quat_wxyz=[-0.7186923027038574, 0.09116768091917038, 0.053828127682209015, 0.6872207522392273]
joint_pos=[0.0, 0.0, 0.0, 0.0, 0.0, 0.0] imu_ang_vel=[0.0, 0.0, 0.0] imu_quat_wxyz=[-0.7186875343322754, 0.09114754945039749, 0.053828369826078415, 0.6872284412384033]
joint_pos=[0.0, 0.0, 0.0, 0.0, 0.0, 0.0] imu_ang_vel=[0.0, 0.0, 0.0] imu_quat_wxyz=[-0.7186875343322754, 0.09114754945039749, 0.053828369826078415, 0.6872284412384033]
joint_pos=[0.0, 0.0, 0.0, 0.0, 0.0, 0.0] imu_ang_vel=[0.0, 0.0, 0.0] imu_quat_wxyz=[-0.7186521887779236, 0.0912398099899292, 0.0538405105471611, 0.6872521638870239]
joint_pos=[0.0, 0.0, 0.0, 0.0, 0.0, 0.0] imu_ang_vel=[0.0, 0.0, 0.0] imu_quat_wxyz=[-0.7186521887779236, 0.0912398099899292, 0.0538405105471611, 0.6872521638870239]
joint_pos=[0.0, 0.0, 0.0, 0.0, 0.0, 0.0] imu_ang_vel=[0.0, 0.0, 0.0] imu_quat_wxyz=[-0.7185720801353455, 0.09136465936899185, 0.05387714505195618, 0.6873164176940918]
joint_pos=[0.0, 0.0, 0.0, 0.0, 0.0, 0.0] imu_ang_vel=[0.0, 0.0, 0.0] imu_quat_wxyz=[-0.7185720801353455, 0.09136465936899185, 0.05387714505195618, 0.6873164176940918]
joint_pos=[0.0, 0.0, 0.0, 0.0, 0.0, 0.0] imu_ang_vel=[0.0, 0.0, 0.0] imu_quat_wxyz=[-0.7183875441551208, 0.09160757809877396, 0.05406446009874344, 0.6874622702598572]
joint_pos=[0.0, 0.0, 0.0, 0.0, 0.0, 0.0] imu_ang_vel=[0.0, 0.0, 0.0] imu_quat_wxyz=[-0.7183875441551208, 0.09160757809877396, 0.05406446009874344, 0.6874622702598572]
joint_pos=[0.0, 0.0, 0.0, 0.0, 0.0, 0.0] imu_ang_vel=[0.0, 0.0, 0.0] imu_quat_wxyz=[-0.7180830240249634, 0.09194405376911163, 0.05443444475531578, 0.6877063512802124]
joint_pos=[0.0, 0.0, 0.0, 0.0, 0.0, 0.0] imu_ang_vel=[0.0, 0.0, 0.0] imu_quat_wxyz=[-0.7180830240249634, 0.09194405376911163, 0.05443444475531578, 0.6877063512802124]
joint_pos=[0.0, 0.0, 0.0, 0.0, 0.0, 0.0] imu_ang_vel=[0.0, 0.0, 0.0] imu_quat_wxyz=[-0.7178716659545898, 0.09211977571249008, 0.05457615852355957, 0.6878921985626221]
joint_pos=[0.0, 0.0, 0.0, 0.0, 0.0, 0.0] imu_ang_vel=[0.0, 0.0, 0.0] imu_quat_wxyz=[-0.7178716659545898, 0.09211977571249008, 0.05457615852355957, 0.6878921985626221]
joint_pos=[0.0, 0.0, 0.0, 0.0, 0.0, 0.0] imu_ang_vel=[0.0, 0.0, 0.0] imu_quat_wxyz=[-0.7176346778869629, 0.09232659637928009, 0.05476438254117966, 0.6880967020988464]
joint_pos=[0.0, 0.0, 0.0, 0.0, 0.0, 0.0] imu_ang_vel=[0.0, 0.0, 0.0] imu_quat_wxyz=[-0.7176346778869629, 0.09232659637928009, 0.05476438254117966, 0.6880967020988464]
joint_pos=[0.0, 0.0, 0.0, 0.0, 0.0, 0.0] imu_ang_vel=[0.0, 0.0, 0.0] imu_quat_wxyz=[-0.7173701524734497, 0.09254498779773712, 0.054888878017663956, 0.6883332133293152]
joint_pos=[0.0, 0.0, 0.0, 0.0, 0.0, 0.0] imu_ang_vel=[0.0, 0.0, 0.0] imu_quat_wxyz=[-0.7173701524734497, 0.09254498779773712, 0.054888878017663956, 0.6883332133293152]
joint_pos=[0.0, 0.0, 0.0, 0.0, 0.0, 0.0] imu_ang_vel=[0.0, 0.0, 0.0] imu_quat_wxyz=[-0.7172554731369019, 0.09252238273620605, 0.054849207401275635, 0.6884588599205017]
joint_pos=[0.0, 0.0, 0.0, 0.0, 0.0, 0.0] imu_ang_vel=[0.0, 0.0, 0.0] imu_quat_wxyz=[-0.7172554731369019, 0.09252238273620605, 0.054849207401275635, 0.6884588599205017]
joint_pos=[0.0, 0.0, 0.0, 0.0, 0.0, 0.0] imu_ang_vel=[0.0, 0.0, 0.0] imu_quat_wxyz=[-0.7171785831451416, 0.09244395792484283, 0.054737210273742676, 0.6885584592819214]
joint_pos=[0.0, 0.0, 0.0, 0.0, 0.0, 0.0] imu_ang_vel=[0.0, 0.0, 0.0] imu_quat_wxyz=[-0.7171785831451416, 0.09244395792484283, 0.054737210273742676, 0.6885584592819214]
joint_pos=[0.0, 0.0, 0.0, 0.0, 0.0, 0.0] imu_ang_vel=[0.0, 0.0, 0.0] imu_quat_wxyz=[-0.7170506715774536, 0.09247524291276932, 0.054680246859788895, 0.6886919736862183]
joint_pos=[0.0, 0.0, 0.0, 0.0, 0.0, 0.0] imu_ang_vel=[0.0, 0.0, 0.0] imu_quat_wxyz=[-0.7170506715774536, 0.09247524291276932, 0.054680246859788895, 0.6886919736862183]
joint_pos=[0.0, 0.0, 0.0, 0.0, 0.0, 0.0] imu_ang_vel=[0.0, 0.0, 0.0] imu_quat_wxyz=[-0.7169590592384338, 0.09243649989366531, 0.054622650146484375, 0.6887970566749573]
joint_pos=[0.0, 0.0, 0.0, 0.0, 0.0, 0.0] imu_ang_vel=[0.0, 0.0, 0.0] imu_quat_wxyz=[-0.7169590592384338, 0.09243649989366531, 0.054622650146484375, 0.6887970566749573]
joint_pos=[0.0, 0.0, 0.0, 0.0, 0.0, 0.0] imu_ang_vel=[0.0, 0.0, 0.0] imu_quat_wxyz=[-0.7169365882873535, 0.0923452377319336, 0.054515354335308075, 0.6888413429260254]
joint_pos=[0.0, 0.0, 0.0, 0.0, 0.0, 0.0] imu_ang_vel=[0.0, 0.0, 0.0] imu_quat_wxyz=[-0.7169365882873535, 0.0923452377319336, 0.054515354335308075, 0.6888413429260254]
joint_pos=[0.0, 0.0, 0.0, 0.0, 0.0, 0.0] imu_ang_vel=[0.0, 0.0, 0.0] imu_quat_wxyz=[-0.716999888420105, 0.09212683886289597, 0.05434079468250275, 0.6888183951377869]
joint_pos=[0.0, 0.0, 0.0, 0.0, 0.0, 0.0] imu_ang_vel=[0.0, 0.0, 0.0] imu_quat_wxyz=[-0.716999888420105, 0.09212683886289597, 0.05434079468250275, 0.6888183951377869]
joint_pos=[0.0, 0.0, 0.0, 0.0, 0.0, 0.0] imu_ang_vel=[0.0, 0.0, 0.0] imu_quat_wxyz=[-0.717137336730957, 0.09184757620096207, 0.054067470133304596, 0.6887341737747192]
joint_pos=[0.0, 0.0, 0.0, 0.0, 0.0, 0.0] imu_ang_vel=[0.0, 0.0, 0.0] imu_quat_wxyz=[-0.717137336730957, 0.09184757620096207, 0.054067470133304596, 0.6887341737747192]
joint_pos=[0.0, 0.0, 0.0, 0.0, 0.0, 0.0] imu_ang_vel=[0.0, 0.0, 0.0] imu_quat_wxyz=[-0.7170882821083069, 0.09182888269424438, 0.054075270891189575, 0.688787043094635]
joint_pos=[0.0, 0.0, 0.0, 0.0, 0.0, 0.0] imu_ang_vel=[0.0, 0.0, 0.0] imu_quat_wxyz=[-0.7170882821083069, 0.09182888269424438, 0.054075270891189575, 0.688787043094635]
joint_pos=[0.0, 0.0, 0.0, 0.0, 0.0, 0.0] imu_ang_vel=[0.0, 0.0, 0.0] imu_quat_wxyz=[-0.7171614766120911, 0.0916118174791336, 0.05392119660973549, 0.6887518763542175]
joint_pos=[0.0, 0.0, 0.0, 0.0, 0.0, 0.0] imu_ang_vel=[0.0, 0.0, 0.0] imu_quat_wxyz=[-0.7171614766120911, 0.0916118174791336, 0.05392119660973549, 0.6887518763542175]
joint_pos=[0.0, 0.0, 0.0, 0.0, 0.0, 0.0] imu_ang_vel=[0.0, 0.0, 0.0] imu_quat_wxyz=[-0.7172552943229675, 0.09139672666788101, 0.053763248026371, 0.6886951327323914]
joint_pos=[0.0, 0.0, 0.0, 0.0, 0.0, 0.0] imu_ang_vel=[0.0, 0.0, 0.0] imu_quat_wxyz=[-0.7172552943229675, 0.09139672666788101, 0.053763248026371, 0.6886951327323914]
joint_pos=[0.0, 0.0, 0.0, 0.0, 0.0, 0.0] imu_ang_vel=[0.0, 0.0, 0.0] imu_quat_wxyz=[-0.7172248363494873, 0.09142119437456131, 0.05379502847790718, 0.6887210607528687]
joint_pos=[0.0, 0.0, 0.0, 0.0, 0.0, 0.0] imu_ang_vel=[0.0, 0.0, 0.0] imu_quat_wxyz=[-0.7172248363494873, 0.09142119437456131, 0.05379502847790718, 0.6887210607528687]
joint_pos=[0.0, 0.0, 0.0, 0.0, 0.0, 0.0] imu_ang_vel=[0.0, 0.0, 0.0] imu_quat_wxyz=[-0.7172982096672058, 0.09129079431295395, 0.053684983402490616, 0.6886705160140991]
joint_pos=[0.0, 0.0, 0.0, 0.0, 0.0, 0.0] imu_ang_vel=[0.0, 0.0, 0.0] imu_quat_wxyz=[-0.7172982096672058, 0.09129079431295395, 0.053684983402490616, 0.6886705160140991]
joint_pos=[0.0, 0.0, 0.0, 0.0, 0.0, 0.0] imu_ang_vel=[0.0, 0.0, 0.0] imu_quat_wxyz=[-0.7173978686332703, 0.09116026759147644, 0.053541965782642365, 0.6885952353477478]
joint_pos=[0.0, 0.0, 0.0, 0.0, 0.0, 0.0] imu_ang_vel=[0.0, 0.0, 0.0] imu_quat_wxyz=[-0.7173978686332703, 0.09116026759147644, 0.053541965782642365, 0.6885952353477478]
joint_pos=[0.0, 0.0, 0.0, 0.0, 0.0, 0.0] imu_ang_vel=[0.0, 0.0, 0.0] imu_quat_wxyz=[-0.7173480987548828, 0.09125024825334549, 0.05360705778002739, 0.6886300444602966]
joint_pos=[0.0, 0.0, 0.0, 0.0, 0.0, 0.0] imu_ang_vel=[0.0, 0.0, 0.0] imu_quat_wxyz=[-0.7173480987548828, 0.09125024825334549, 0.05360705778002739, 0.6886300444602966]
joint_pos=[0.0, 0.0, 0.0, 0.0, 0.0, 0.0] imu_ang_vel=[0.0, 0.0, 0.0] imu_quat_wxyz=[-0.717198371887207, 0.09149716794490814, 0.05379801616072655, 0.6887382864952087]
joint_pos=[0.0, 0.0, 0.0, 0.0, 0.0, 0.0] imu_ang_vel=[0.0, 0.0, 0.0] imu_quat_wxyz=[-0.717198371887207, 0.09149716794490814, 0.05379801616072655, 0.6887382864952087]
joint_pos=[0.0, 0.0, 0.0, 0.0, 0.0, 0.0] imu_ang_vel=[0.0, 0.0, 0.0] imu_quat_wxyz=[-0.7170063853263855, 0.09173382818698883, 0.0540066622197628, 0.6888904571533203]
joint_pos=[0.0, 0.0, 0.0, 0.0, 0.0, 0.0] imu_ang_vel=[0.0, 0.0, 0.0] imu_quat_wxyz=[-0.7170063853263855, 0.09173382818698883, 0.0540066622197628, 0.6888904571533203]
joint_pos=[0.0, 0.0, 0.0, 0.0, 0.0, 0.0] imu_ang_vel=[0.0, 0.0, 0.0] imu_quat_wxyz=[-0.7167757749557495, 0.09199585765600204, 0.05423147231340408, 0.6890777349472046]
joint_pos=[0.0, 0.0, 0.0, 0.0, 0.0, 0.0] imu_ang_vel=[0.0, 0.0, 0.0] imu_quat_wxyz=[-0.7167757749557495, 0.09199585765600204, 0.05423147231340408, 0.6890777349472046]
joint_pos=[0.0, 0.0, 0.0, 0.0, 0.0, 0.0] imu_ang_vel=[0.0, 0.0, 0.0] imu_quat_wxyz=[-0.7166092395782471, 0.0921570360660553, 0.05430801212787628, 0.6892233490943909]
joint_pos=[0.0, 0.0, 0.0, 0.0, 0.0, 0.0] imu_ang_vel=[0.0, 0.0, 0.0] imu_quat_wxyz=[-0.7166092395782471, 0.0921570360660553, 0.05430801212787628, 0.6892233490943909]
joint_pos=[0.0, 0.0, 0.0, 0.0, 0.0, 0.0] imu_ang_vel=[0.0, 0.0, 0.0] imu_quat_wxyz=[-0.7166085839271545, 0.09210386127233505, 0.05413229763507843, 0.6892450451850891]
joint_pos=[0.0, 0.0, 0.0, 0.0, 0.0, 0.0] imu_ang_vel=[0.0, 0.0, 0.0] imu_quat_wxyz=[-0.7166085839271545, 0.09210386127233505, 0.05413229763507843, 0.6892450451850891]
joint_pos=[0.0, 0.0, 0.0, 0.0, 0.0, 0.0] imu_ang_vel=[0.0, 0.0, 0.0] imu_quat_wxyz=[-0.7164478898048401, 0.09228826314210892, 0.05423969775438309, 0.6893789768218994]
joint_pos=[0.0, 0.0, 0.0, 0.0, 0.0, 0.0] imu_ang_vel=[0.0, 0.0, 0.0] imu_quat_wxyz=[-0.7164478898048401, 0.09228826314210892, 0.05423969775438309, 0.6893789768218994]
joint_pos=[0.0, 0.0, 0.0, 0.0, 0.0, 0.0] imu_ang_vel=[0.0, 0.0, 0.0] imu_quat_wxyz=[-0.7162472605705261, 0.09245951473712921, 0.054337915033102036, 0.6895566582679749]
joint_pos=[0.0, 0.0, 0.0, 0.0, 0.0, 0.0] imu_ang_vel=[0.0, 0.0, 0.0] imu_quat_wxyz=[-0.7162472605705261, 0.09245951473712921, 0.054337915033102036, 0.6895566582679749]
joint_pos=[0.0, 0.0, 0.0, 0.0, 0.0, 0.0] imu_ang_vel=[0.0, 0.0, 0.0] imu_quat_wxyz=[-0.7163235545158386, 0.0921928882598877, 0.054124921560287476, 0.6895299553871155]
joint_pos=[0.0, 0.0, 0.0, 0.0, 0.0, 0.0] imu_ang_vel=[0.0, 0.0, 0.0] imu_quat_wxyz=[-0.7163235545158386, 0.0921928882598877, 0.054124921560287476, 0.6895299553871155]
joint_pos=[0.0, 0.0, 0.0, 0.0, 0.0, 0.0] imu_ang_vel=[0.0, 0.0, 0.0] imu_quat_wxyz=[-0.7165467143058777, 0.091730035841465, 0.053765684366226196, 0.6893879175186157]
joint_pos=[0.0, 0.0, 0.0, 0.0, 0.0, 0.0] imu_ang_vel=[0.0, 0.0, 0.0] imu_quat_wxyz=[-0.7165467143058777, 0.091730035841465, 0.053765684366226196, 0.6893879175186157]
joint_pos=[0.0, 0.0, 0.0, 0.0, 0.0, 0.0] imu_ang_vel=[0.0, 0.0, 0.0] imu_quat_wxyz=[-0.7168055772781372, 0.09133497625589371, 0.05340418219566345, 0.6891992092132568]
joint_pos=[0.0, 0.0, 0.0, 0.0, 0.0, 0.0] imu_ang_vel=[0.0, 0.0, 0.0] imu_quat_wxyz=[-0.7168055772781372, 0.09133497625589371, 0.05340418219566345, 0.6891992092132568]
joint_pos=[0.0, 0.0, 0.0, 0.0, 0.0, 0.0] imu_ang_vel=[0.0, 0.0, 0.0] imu_quat_wxyz=[-0.7170459032058716, 0.09099014848470688, 0.05310589447617531, 0.6890180110931396]
joint_pos=[0.0, 0.0, 0.0, 0.0, 0.0, 0.0] imu_ang_vel=[0.0, 0.0, 0.0] imu_quat_wxyz=[-0.7170459032058716, 0.09099014848470688, 0.05310589447617531, 0.6890180110931396]
joint_pos=[0.0, 0.0, 0.0, 0.0, 0.0, 0.0] imu_ang_vel=[0.0, 0.0, 0.0] imu_quat_wxyz=[-0.7172403335571289, 0.09074494242668152, 0.05293485149741173, 0.688861072063446]
joint_pos=[0.0, 0.0, 0.0, 0.0, 0.0, 0.0] imu_ang_vel=[0.0, 0.0, 0.0] imu_quat_wxyz=[-0.7172403335571289, 0.09074494242668152, 0.05293485149741173, 0.688861072063446]
joint_pos=[0.0, 0.0, 0.0, 0.0, 0.0, 0.0] imu_ang_vel=[0.0, 0.0, 0.0] imu_quat_wxyz=[-0.7173479199409485, 0.09066697955131531, 0.05280986428260803, 0.6887689232826233]
joint_pos=[0.0, 0.0, 0.0, 0.0, 0.0, 0.0] imu_ang_vel=[0.0, 0.0, 0.0] imu_quat_wxyz=[-0.7173479199409485, 0.09066697955131531, 0.05280986428260803, 0.6887689232826233]
joint_pos=[0.0, 0.0, 0.0, 0.0, 0.0, 0.0] imu_ang_vel=[0.0, 0.0, 0.0] imu_quat_wxyz=[-0.7173877358436584, 0.09072959423065186, 0.05280519649386406, 0.6887194514274597]
joint_pos=[0.0, 0.0, 0.0, 0.0, 0.0, 0.0] imu_ang_vel=[0.0, 0.0, 0.0] imu_quat_wxyz=[-0.7173877358436584, 0.09072959423065186, 0.05280519649386406, 0.6887194514274597]
joint_pos=[0.0, 0.0, 0.0, 0.0, 0.0, 0.0] imu_ang_vel=[0.0, 0.0, 0.0] imu_quat_wxyz=[-0.7173951864242554, 0.09085391461849213, 0.05289451777935028, 0.6886885166168213]
joint_pos=[0.0, 0.0, 0.0, 0.0, 0.0, 0.0] imu_ang_vel=[0.0, 0.0, 0.0] imu_quat_wxyz=[-0.7173951864242554, 0.09085391461849213, 0.05289451777935028, 0.6886885166168213]
joint_pos=[0.0, 0.0, 0.0, 0.0, 0.0, 0.0] imu_ang_vel=[0.0, 0.0, 0.0] imu_quat_wxyz=[-0.7174301147460938, 0.09089753031730652, 0.05294235423207283, 0.6886426210403442]
joint_pos=[0.0, 0.0, 0.0, 0.0, 0.0, 0.0] imu_ang_vel=[0.0, 0.0, 0.0] imu_quat_wxyz=[-0.7174301147460938, 0.09089753031730652, 0.05294235423207283, 0.6886426210403442]
joint_pos=[0.0, 0.0, 0.0, 0.0, 0.0, 0.0] imu_ang_vel=[0.0, 0.0, 0.0] imu_quat_wxyz=[-0.7174474000930786, 0.09097445011138916, 0.053012602031230927, 0.6886091232299805]
joint_pos=[0.0, 0.0, 0.0, 0.0, 0.0, 0.0] imu_ang_vel=[0.0, 0.0, 0.0] imu_quat_wxyz=[-0.7174474000930786, 0.09097445011138916, 0.053012602031230927, 0.6886091232299805]
joint_pos=[0.0, 0.0, 0.0, 0.0, 0.0, 0.0] imu_ang_vel=[0.0, 0.0, 0.0] imu_quat_wxyz=[-0.7171763181686401, 0.09142221510410309, 0.05347009375691414, 0.688796877861023]
joint_pos=[0.0, 0.0, 0.0, 0.0, 0.0, 0.0] imu_ang_vel=[0.0, 0.0, 0.0] imu_quat_wxyz=[-0.7171763181686401, 0.09142221510410309, 0.05347009375691414, 0.688796877861023]
joint_pos=[0.0, 0.0, 0.0, 0.0, 0.0, 0.0] imu_ang_vel=[0.0, 0.0, 0.0] imu_quat_wxyz=[-0.7168811559677124, 0.09185875952243805, 0.05383343994617462, 0.6890177130699158]
joint_pos=[0.0, 0.0, 0.0, 0.0, 0.0, 0.0] imu_ang_vel=[0.0, 0.0, 0.0] imu_quat_wxyz=[-0.7168811559677124, 0.09185875952243805, 0.05383343994617462, 0.6890177130699158]
joint_pos=[0.0, 0.0, 0.0, 0.0, 0.0, 0.0] imu_ang_vel=[0.0, 0.0, 0.0] imu_quat_wxyz=[-0.7167277336120605, 0.0919443815946579, 0.053955912590026855, 0.6891561150550842]
joint_pos=[0.0, 0.0, 0.0, 0.0, 0.0, 0.0] imu_ang_vel=[0.0, 0.0, 0.0] imu_quat_wxyz=[-0.7167277336120605, 0.0919443815946579, 0.053955912590026855, 0.6891561150550842]
joint_pos=[0.0, 0.0, 0.0, 0.0, 0.0, 0.0] imu_ang_vel=[0.0, 0.0, 0.0] imu_quat_wxyz=[-0.7166090607643127, 0.09203800559043884, 0.05398380011320114, 0.6892650127410889]
joint_pos=[0.0, 0.0, 0.0, 0.0, 0.0, 0.0] imu_ang_vel=[0.0, 0.0, 0.0] imu_quat_wxyz=[-0.7166090607643127, 0.09203800559043884, 0.05398380011320114, 0.6892650127410889]
joint_pos=[0.0, 0.0, 0.0, 0.0, 0.0, 0.0] imu_ang_vel=[0.0, 0.0, 0.0] imu_quat_wxyz=[-0.7165510654449463, 0.09201771020889282, 0.053946562111377716, 0.6893308162689209]
joint_pos=[0.0, 0.0, 0.0, 0.0, 0.0, 0.0] imu_ang_vel=[0.0, 0.0, 0.0] imu_quat_wxyz=[-0.7165510654449463, 0.09201771020889282, 0.053946562111377716, 0.6893308162689209]
joint_pos=[0.0, 0.0, 0.0, 0.0, 0.0, 0.0] imu_ang_vel=[0.0, 0.0, 0.0] imu_quat_wxyz=[-0.7164428234100342, 0.09212386608123779, 0.05397776886820793, 0.6894267201423645]
joint_pos=[0.0, 0.0, 0.0, 0.0, 0.0, 0.0] imu_ang_vel=[0.0, 0.0, 0.0] imu_quat_wxyz=[-0.7164428234100342, 0.09212386608123779, 0.05397776886820793, 0.6894267201423645]
joint_pos=[0.0, 0.0, 0.0, 0.0, 0.0, 0.0] imu_ang_vel=[0.0, 0.0, 0.0] imu_quat_wxyz=[-0.7163389325141907, 0.09218008071184158, 0.05399909242987633, 0.6895254254341125]
joint_pos=[0.0, 0.0, 0.0, 0.0, 0.0, 0.0] imu_ang_vel=[0.0, 0.0, 0.0] imu_quat_wxyz=[-0.7163389325141907, 0.09218008071184158, 0.05399909242987633, 0.6895254254341125]
joint_pos=[0.0, 0.0, 0.0, 0.0, 0.0, 0.0] imu_ang_vel=[0.0, 0.0, 0.0] imu_quat_wxyz=[-0.7164219617843628, 0.09194164723157883, 0.05379097908735275, 0.6894872784614563]
joint_pos=[0.0, 0.0, 0.0, 0.0, 0.0, 0.0] imu_ang_vel=[0.0, 0.0, 0.0] imu_quat_wxyz=[-0.7164219617843628, 0.09194164723157883, 0.05379097908735275, 0.6894872784614563]
joint_pos=[0.0, 0.0, 0.0, 0.0, 0.0, 0.0] imu_ang_vel=[0.0, 0.0, 0.0] imu_quat_wxyz=[-0.7166256308555603, 0.09151718020439148, 0.05352038890123367, 0.6893532276153564]
joint_pos=[0.0, 0.0, 0.0, 0.0, 0.0, 0.0] imu_ang_vel=[0.0, 0.0, 0.0] imu_quat_wxyz=[-0.7166256308555603, 0.09151718020439148, 0.05352038890123367, 0.6893532276153564]
joint_pos=[0.0, 0.0, 0.0, 0.0, 0.0, 0.0] imu_ang_vel=[0.0, 0.0, 0.0] imu_quat_wxyz=[-0.7167969942092896, 0.09122209250926971, 0.05331858992576599, 0.6892297863960266]
joint_pos=[0.0, 0.0, 0.0, 0.0, 0.0, 0.0] imu_ang_vel=[0.0, 0.0, 0.0] imu_quat_wxyz=[-0.7167969942092896, 0.09122209250926971, 0.05331858992576599, 0.6892297863960266]
joint_pos=[0.0, 0.0, 0.0, 0.0, 0.0, 0.0] imu_ang_vel=[0.0, 0.0, 0.0] imu_quat_wxyz=[-0.7168609499931335, 0.09117982536554337, 0.05325578525662422, 0.6891736388206482]
joint_pos=[0.0, 0.0, 0.0, 0.0, 0.0, 0.0] imu_ang_vel=[0.0, 0.0, 0.0] imu_quat_wxyz=[-0.7168609499931335, 0.09117982536554337, 0.05325578525662422, 0.6891736388206482]
joint_pos=[0.0, 0.0, 0.0, 0.0, 0.0, 0.0] imu_ang_vel=[0.0, 0.0, 0.0] imu_quat_wxyz=[-0.7168008685112, 0.09128483384847641, 0.0533059760928154, 0.6892183423042297]
joint_pos=[0.0, 0.0, 0.0, 0.0, 0.0, 0.0] imu_ang_vel=[0.0, 0.0, 0.0] imu_quat_wxyz=[-0.7168008685112, 0.09128483384847641, 0.0533059760928154, 0.6892183423042297]
joint_pos=[0.0, 0.0, 0.0, 0.0, 0.0, 0.0] imu_ang_vel=[0.0, 0.0, 0.0] imu_quat_wxyz=[-0.7169614434242249, 0.09105921536684036, 0.053063299506902695, 0.6890999674797058]
joint_pos=[0.0, 0.0, 0.0, 0.0, 0.0, 0.0] imu_ang_vel=[0.0, 0.0, 0.0] imu_quat_wxyz=[-0.7169614434242249, 0.09105921536684036, 0.053063299506902695, 0.6890999674797058]
joint_pos=[0.0, 0.0, 0.0, 0.0, 0.0, 0.0] imu_ang_vel=[0.0, 0.0, 0.0] imu_quat_wxyz=[-0.7171085476875305, 0.09087684005498886, 0.05294389650225639, 0.6889801621437073]
joint_pos=[0.0, 0.0, 0.0, 0.0, 0.0, 0.0] imu_ang_vel=[0.0, 0.0, 0.0] imu_quat_wxyz=[-0.7171085476875305, 0.09087684005498886, 0.05294389650225639, 0.6889801621437073]
