Log file: /home/cx/robot_deploy/log/2026-07-22_16-26-46.txt
Loaded ONNX policy: /home/cx/mjlab-recovered/logs/rsl_rl/custom_biped_velocity_nolinvel/2026-07-20_17-02-11/2026-07-20_17-02-11.onnx
  input=obs[1,65] output=actions[1,6]
  velocity_command=[0.1, 0.0, 0.0]
  startup=move 4s + hold 1s
Connected to /dev/ttyACM0 at 921600 baud; loop rate 200 Hz.
joint_pos=[9.972000122070312, -20.01599884033203, 10.007999420166016, 10.007999420166016, -19.944000244140625, 10.403999328613281] joint_vel=[-0.18000000715255737, 0.0, 0.0, 0.0, 0.27000001072883606, -0.0] imu_ang_vel=[0.0, 0.0, 0.0] imu_quat_wxyz=[1.0, 0.0, 0.0, 0.0] status=0x0000
ONNX startup: moving from measured joint positions to [10.0, -20.0, 10.0, 10.0, -20.0, 10.0] deg over 4 s.
joint_pos=[9.972000122070312, -20.01599884033203, 10.007999420166016, 10.007999420166016, -19.944000244140625, 10.403999328613281] joint_vel=[-0.09000000357627869, 0.0, 0.0, 0.0, 0.09000000357627869, -0.09000000357627869] imu_ang_vel=[0.0, 0.0, 0.0] imu_quat_wxyz=[1.0, 0.0, 0.0, 0.0] status=0x0000
joint_pos=[9.972000122070312, -20.01599884033203, 10.007999420166016, 10.007999420166016, -19.944000244140625, 10.403999328613281] joint_vel=[0.8999999761581421, -0.27000001072883606, 0.0, -0.18000000715255737, -0.36000001430511475, -0.0] imu_ang_vel=[0.0, 0.0, 0.0] imu_quat_wxyz=[1.0, 0.0, 0.0, 0.0] status=0x0000
joint_pos=[9.972000122070312, -20.01599884033203, 10.007999420166016, 10.007999420166016, -19.944000244140625, 10.403999328613281] joint_vel=[-0.44999998807907104, 0.0, 0.0, -0.09000000357627869, -0.5400000214576721, -0.0] imu_ang_vel=[0.0, 0.0, 0.0] imu_quat_wxyz=[1.0, 0.0, 0.0, 0.0] status=0x0000
joint_pos=[9.972000122070312, -20.01599884033203, 10.007999420166016, 10.007999420166016, -19.944000244140625, 10.403999328613281] joint_vel=[0.36000001430511475, 0.0, 0.18000000715255737, 0.0, -0.0, -0.0] imu_ang_vel=[0.0, 0.0, 0.0] imu_quat_wxyz=[1.0, 0.0, 0.0, 0.0] status=0x0000
joint_pos=[9.972000122070312, -20.01599884033203, 10.007999420166016, 10.007999420166016, -19.944000244140625, 10.403999328613281] joint_vel=[-1.1700000762939453, -0.27000001072883606, -0.18000000715255737, 0.0, 0.18000000715255737, 0.09000000357627869] imu_ang_vel=[0.0, 0.0, 0.0] imu_quat_wxyz=[1.0, 0.0, 0.0, 0.0] status=0x0000
joint_pos=[9.972000122070312, -20.01599884033203, 10.007999420166016, 10.007999420166016, -19.944000244140625, 10.4399995803833] joint_vel=[-0.9900000095367432, 0.0, 0.0, -0.09000000357627869, 1.0800000429153442, 0.8999999761581421] imu_ang_vel=[0.0, 0.0, 0.0] imu_quat_wxyz=[1.0, 0.0, 0.0, 0.0] status=0x0000
joint_pos=[9.972000122070312, -20.01599884033203, 10.007999420166016, 10.007999420166016, -19.944000244140625, 10.47599983215332] joint_vel=[1.619999885559082, 0.0, 0.0, -0.18000000715255737, 0.36000001430511475, 2.5199999809265137] imu_ang_vel=[0.0, 0.0, 0.0] imu_quat_wxyz=[1.0, 0.0, 0.0, 0.0] status=0x0000
joint_pos=[9.972000122070312, -20.01599884033203, 10.007999420166016, 10.007999420166016, -19.944000244140625, 10.54800033569336] joint_vel=[-0.5400000214576721, 0.09000000357627869, 0.0, 0.0, 0.9900000095367432, 1.7999999523162842] imu_ang_vel=[0.0, 0.0, 0.0] imu_quat_wxyz=[1.0, 0.0, 0.0, 0.0] status=0x0000
joint_pos=[9.972000122070312, -20.01599884033203, 10.007999420166016, 10.007999420166016, -19.944000244140625, 10.584000587463379] joint_vel=[0.18000000715255737, 0.0, 0.18000000715255737, 0.0, -1.9800000190734863, 1.619999885559082] imu_ang_vel=[0.0, 0.0, 0.0] imu_quat_wxyz=[1.0, 0.0, 0.0, 0.0] status=0x0000
joint_pos=[9.972000122070312, -20.01599884033203, 10.007999420166016, 10.007999420166016, -19.944000244140625, 10.656000137329102] joint_vel=[1.53000009059906, 0.0, 0.0, -0.09000000357627869, 1.0800000429153442, 7.46999979019165] imu_ang_vel=[0.0, 0.0, 0.0] imu_quat_wxyz=[1.0, 0.0, 0.0, 0.0] status=0x0000
joint_pos=[9.972000122070312, -20.01599884033203, 10.007999420166016, 10.007999420166016, -19.944000244140625, 10.692000389099121] joint_vel=[0.18000000715255737, 0.0, 0.44999998807907104, -0.09000000357627869, 0.27000001072883606, 0.7200000286102295] imu_ang_vel=[0.0, 0.0, 0.0] imu_quat_wxyz=[1.0, 0.0, 0.0, 0.0] status=0x0000
joint_pos=[9.972000122070312, -20.01599884033203, 10.007999420166016, 10.007999420166016, -19.944000244140625, 10.692000389099121] joint_vel=[-0.6299999952316284, 0.0, 0.0, 0.0, -0.18000000715255737, 0.27000001072883606] imu_ang_vel=[0.0, 0.0, 0.0] imu_quat_wxyz=[1.0, 0.0, 0.0, 0.0] status=0x0000
joint_pos=[9.972000122070312, -20.01599884033203, 10.007999420166016, 10.007999420166016, -19.944000244140625, 10.692000389099121] joint_vel=[0.36000001430511475, 0.0, 0.0, 0.09000000357627869, -1.0800000429153442, 0.09000000357627869] imu_ang_vel=[0.0, 0.0, 0.0] imu_quat_wxyz=[1.0, 0.0, 0.0, 0.0] status=0x0000
joint_pos=[9.935999870300293, -20.01599884033203, 10.007999420166016, 10.007999420166016, -19.944000244140625, 10.692000389099121] joint_vel=[-0.0, -0.18000000715255737, 0.36000001430511475, 0.18000000715255737, -1.0800000429153442, -0.09000000357627869] imu_ang_vel=[0.0, 0.0, 0.0] imu_quat_wxyz=[1.0, 0.0, 0.0, 0.0] status=0x0000
joint_pos=[9.935999870300293, -20.01599884033203, 10.007999420166016, 10.007999420166016, -19.944000244140625, 10.727999687194824] joint_vel=[-0.809999942779541, 0.0, 0.0, 0.0, -0.09000000357627869, 0.18000000715255737] imu_ang_vel=[0.0, 0.0, 0.0] imu_quat_wxyz=[1.0, 0.0, 0.0, 0.0] status=0x0000
joint_pos=[9.935999870300293, -20.01599884033203, 10.007999420166016, 10.007999420166016, -19.944000244140625, 10.727999687194824] joint_vel=[-1.53000009059906, 0.0, -0.18000000715255737, -0.09000000357627869, -1.0800000429153442, -0.0] imu_ang_vel=[0.0, 0.0, 0.0] imu_quat_wxyz=[1.0, 0.0, 0.0, 0.0] status=0x0000
joint_pos=[9.935999870300293, -20.01599884033203, 10.007999420166016, 10.007999420166016, -19.944000244140625, 10.727999687194824] joint_vel=[-0.9900000095367432, 0.0, 0.0, 0.0, 0.36000001430511475, -0.0] imu_ang_vel=[0.0, 0.0, 0.0] imu_quat_wxyz=[1.0, 0.0, 0.0, 0.0] status=0x0000
joint_pos=[9.935999870300293, -20.01599884033203, 10.007999420166016, 10.007999420166016, -19.944000244140625, 10.727999687194824] joint_vel=[-0.7200000286102295, 0.0, -0.09000000357627869, -0.18000000715255737, -0.18000000715255737, 0.18000000715255737] imu_ang_vel=[0.0, 0.0, 0.0] imu_quat_wxyz=[1.0, 0.0, 0.0, 0.0] status=0x0000
joint_pos=[9.935999870300293, -20.01599884033203, 10.007999420166016, 10.007999420166016, -19.944000244140625, 10.727999687194824] joint_vel=[0.44999998807907104, -0.09000000357627869, 0.0, 0.27000001072883606, -0.6299999952316284, -0.0] imu_ang_vel=[0.0, 0.0, 0.0] imu_quat_wxyz=[1.0, 0.0, 0.0, 0.0] status=0x0000
joint_pos=[9.935999870300293, -20.01599884033203, 10.007999420166016, 10.007999420166016, -19.944000244140625, 10.727999687194824] joint_vel=[-0.09000000357627869, -0.09000000357627869, -0.09000000357627869, 0.09000000357627869, 1.53000009059906, 0.18000000715255737] imu_ang_vel=[0.0, 0.0, 0.0] imu_quat_wxyz=[1.0, 0.0, 0.0, 0.0] status=0x0000
joint_pos=[9.935999870300293, -20.01599884033203, 10.007999420166016, 10.007999420166016, -19.944000244140625, 10.727999687194824] joint_vel=[-0.6299999952316284, 0.0, -0.27000001072883606, -0.09000000357627869, -0.0, -0.0] imu_ang_vel=[0.0, 0.0, 0.0] imu_quat_wxyz=[1.0, 0.0, 0.0, 0.0] status=0x0000
joint_pos=[9.972000122070312, -20.01599884033203, 10.007999420166016, 10.007999420166016, -19.944000244140625, 10.727999687194824] joint_vel=[1.2599999904632568, 0.0, -0.18000000715255737, 0.0, 0.18000000715255737, -0.0] imu_ang_vel=[0.0, 0.0, 0.0] imu_quat_wxyz=[1.0, 0.0, 0.0, 0.0] status=0x0000
joint_pos=[9.972000122070312, -20.01599884033203, 10.007999420166016, 10.007999420166016, -19.944000244140625, 10.727999687194824] joint_vel=[1.2599999904632568, 0.09000000357627869, 0.18000000715255737, 0.0, 0.6299999952316284, -0.0] imu_ang_vel=[0.0, 0.0, 0.0] imu_quat_wxyz=[1.0, 0.0, 0.0, 0.0] status=0x0000
joint_pos=[9.972000122070312, -20.01599884033203, 10.007999420166016, 10.007999420166016, -19.944000244140625, 10.727999687194824] joint_vel=[-0.36000001430511475, 0.27000001072883606, 0.09000000357627869, 0.0, 2.25, 0.09000000357627869] imu_ang_vel=[0.0, 0.0, 0.0] imu_quat_wxyz=[1.0, 0.0, 0.0, 0.0] status=0x0000
joint_pos=[9.972000122070312, -20.01599884033203, 10.007999420166016, 10.007999420166016, -19.944000244140625, 10.727999687194824] joint_vel=[0.809999942779541, 0.0, 0.0, 0.09000000357627869, -1.440000057220459, 0.09000000357627869] imu_ang_vel=[0.0, 0.0, 0.0] imu_quat_wxyz=[1.0, 0.0, 0.0, 0.0] status=0x0000
joint_pos=[9.935999870300293, -20.01599884033203, 10.007999420166016, 10.007999420166016, -19.944000244140625, 10.727999687194824] joint_vel=[-2.5199999809265137, -0.18000000715255737, 0.0, -0.09000000357627869, 0.27000001072883606, -0.18000000715255737] imu_ang_vel=[0.0, 0.0, 0.0] imu_quat_wxyz=[1.0, 0.0, 0.0, 0.0] status=0x0000
joint_pos=[9.972000122070312, -20.01599884033203, 10.007999420166016, 10.007999420166016, -19.944000244140625, 10.727999687194824] joint_vel=[0.18000000715255737, 0.09000000357627869, 0.09000000357627869, 0.0, 1.1700000762939453, -0.0] imu_ang_vel=[0.0, 0.0, 0.0] imu_quat_wxyz=[1.0, 0.0, 0.0, 0.0] status=0x0000
joint_pos=[9.972000122070312, -20.01599884033203, 10.007999420166016, 10.007999420166016, -19.944000244140625, 10.727999687194824] joint_vel=[-1.53000009059906, -0.27000001072883606, 0.0, 0.18000000715255737, 0.27000001072883606, 0.09000000357627869] imu_ang_vel=[0.0, 0.0, 0.0] imu_quat_wxyz=[1.0, 0.0, 0.0, 0.0] status=0x0000
joint_pos=[9.972000122070312, -20.01599884033203, 10.007999420166016, 10.007999420166016, -19.944000244140625, 10.727999687194824] joint_vel=[-0.09000000357627869, 0.09000000357627869, 0.0, 0.0, -1.8899999856948853, 0.09000000357627869] imu_ang_vel=[0.0, 0.0, 0.0] imu_quat_wxyz=[1.0, 0.0, 0.0, 0.0] status=0x0000
joint_pos=[9.972000122070312, -20.01599884033203, 10.007999420166016, 10.007999420166016, -19.944000244140625, 10.727999687194824] joint_vel=[1.709999918937683, 0.0, -0.27000001072883606, 0.09000000357627869, -0.36000001430511475, -0.18000000715255737] imu_ang_vel=[0.0, 0.0, 0.0] imu_quat_wxyz=[1.0, 0.0, 0.0, 0.0] status=0x0000
joint_pos=[9.972000122070312, -20.01599884033203, 10.007999420166016, 10.007999420166016, -19.944000244140625, 10.727999687194824] joint_vel=[-0.0, 0.0, -0.36000001430511475, 0.09000000357627869, -0.5400000214576721, -0.18000000715255737] imu_ang_vel=[0.0, 0.0, 0.0] imu_quat_wxyz=[1.0, 0.0, 0.0, 0.0] status=0x0000
joint_pos=[9.972000122070312, -20.01599884033203, 10.007999420166016, 10.007999420166016, -19.944000244140625, 10.727999687194824] joint_vel=[0.809999942779541, 0.0, -0.44999998807907104, 0.0, 2.1600000858306885, 0.09000000357627869] imu_ang_vel=[0.0, 0.0, 0.0] imu_quat_wxyz=[1.0, 0.0, 0.0, 0.0] status=0x0000
joint_pos=[9.972000122070312, -20.01599884033203, 10.007999420166016, 10.007999420166016, -19.944000244140625, 10.727999687194824] joint_vel=[0.36000001430511475, 0.09000000357627869, -0.18000000715255737, 0.0, -1.440000057220459, -0.0] imu_ang_vel=[0.0, 0.0, 0.0] imu_quat_wxyz=[1.0, 0.0, 0.0, 0.0] status=0x0000
joint_pos=[9.935999870300293, -20.01599884033203, 10.007999420166016, 10.007999420166016, -19.944000244140625, 10.727999687194824] joint_vel=[-1.0800000429153442, -0.09000000357627869, 0.0, 0.0, 0.5400000214576721, -0.0] imu_ang_vel=[0.0, 0.0, 0.0] imu_quat_wxyz=[1.0, 0.0, 0.0, 0.0] status=0x0000
joint_pos=[9.972000122070312, -20.01599884033203, 10.007999420166016, 10.007999420166016, -19.944000244140625, 10.727999687194824] joint_vel=[-0.27000001072883606, 0.0, -0.09000000357627869, 0.0, 0.809999942779541, 0.09000000357627869] imu_ang_vel=[0.0, 0.0, 0.0] imu_quat_wxyz=[1.0, 0.0, 0.0, 0.0] status=0x0000
joint_pos=[9.935999870300293, -20.01599884033203, 10.007999420166016, 10.007999420166016, -19.944000244140625, 10.727999687194824] joint_vel=[-0.8999999761581421, 0.0, -0.18000000715255737, 0.0, -1.1700000762939453, -0.0] imu_ang_vel=[0.0, 0.0, 0.0] imu_quat_wxyz=[1.0, 0.0, 0.0, 0.0] status=0x0000
joint_pos=[9.935999870300293, -20.01599884033203, 10.007999420166016, 10.007999420166016, -19.944000244140625, 10.727999687194824] joint_vel=[-2.430000066757202, 0.18000000715255737, 0.09000000357627869, 0.0, -0.809999942779541, -0.09000000357627869] imu_ang_vel=[0.0, 0.0, 0.0] imu_quat_wxyz=[1.0, 0.0, 0.0, 0.0] status=0x0000
joint_pos=[9.935999870300293, -20.01599884033203, 10.007999420166016, 10.007999420166016, -19.944000244140625, 10.727999687194824] joint_vel=[0.809999942779541, 0.0, -0.18000000715255737, 0.0, -0.09000000357627869, 0.27000001072883606] imu_ang_vel=[0.0, 0.0, 0.0] imu_quat_wxyz=[1.0, 0.0, 0.0, 0.0] status=0x0000
joint_pos=[9.935999870300293, -20.01599884033203, 10.007999420166016, 10.007999420166016, -19.944000244140625, 10.727999687194824] joint_vel=[0.7200000286102295, 0.09000000357627869, 0.09000000357627869, 0.0, 2.430000066757202, -0.0] imu_ang_vel=[0.0, 0.0, 0.0] imu_quat_wxyz=[1.0, 0.0, 0.0, 0.0] status=0x0000
joint_pos=[9.935999870300293, -20.01599884033203, 10.007999420166016, 10.007999420166016, -19.944000244140625, 10.727999687194824] joint_vel=[-1.8899999856948853, 0.0, 0.18000000715255737, 0.0, 0.36000001430511475, -0.27000001072883606] imu_ang_vel=[0.0, 0.0, 0.0] imu_quat_wxyz=[1.0, 0.0, 0.0, 0.0] status=0x0000
joint_pos=[9.972000122070312, -20.01599884033203, 10.007999420166016, 10.007999420166016, -19.944000244140625, 10.727999687194824] joint_vel=[0.27000001072883606, -0.09000000357627869, -0.18000000715255737, 0.0, -0.7200000286102295, -0.0] imu_ang_vel=[0.0, 0.0, 0.0] imu_quat_wxyz=[1.0, 0.0, 0.0, 0.0] status=0x0000
joint_pos=[9.935999870300293, -20.01599884033203, 10.007999420166016, 10.007999420166016, -19.944000244140625, 10.727999687194824] joint_vel=[-1.0800000429153442, 0.18000000715255737, -0.27000001072883606, 0.0, 2.25, -0.18000000715255737] imu_ang_vel=[0.0, 0.0, 0.0] imu_quat_wxyz=[1.0, 0.0, 0.0, 0.0] status=0x0000
joint_pos=[9.972000122070312, -20.01599884033203, 10.007999420166016, 10.007999420166016, -19.944000244140625, 10.727999687194824] joint_vel=[1.1700000762939453, 0.0, 0.0, 0.0, -0.7200000286102295, -0.0] imu_ang_vel=[0.0, 0.0, 0.0] imu_quat_wxyz=[1.0, 0.0, 0.0, 0.0] status=0x0000
joint_pos=[9.972000122070312, -20.01599884033203, 10.007999420166016, 10.007999420166016, -19.944000244140625, 10.727999687194824] joint_vel=[-0.18000000715255737, 0.0, 0.18000000715255737, 0.0, 0.36000001430511475, -0.0] imu_ang_vel=[0.0, 0.0, 0.0] imu_quat_wxyz=[1.0, 0.0, 0.0, 0.0] status=0x0000
joint_pos=[9.972000122070312, -20.01599884033203, 10.007999420166016, 10.007999420166016, -19.944000244140625, 10.727999687194824] joint_vel=[0.36000001430511475, -0.18000000715255737, 0.0, 0.0, -0.809999942779541, -0.0] imu_ang_vel=[0.0, 0.0, 0.0] imu_quat_wxyz=[1.0, 0.0, 0.0, 0.0] status=0x0000
joint_pos=[9.972000122070312, -20.01599884033203, 10.007999420166016, 10.007999420166016, -19.944000244140625, 10.727999687194824] joint_vel=[-0.0, 0.09000000357627869, 0.0, 0.0, -0.7200000286102295, -0.0] imu_ang_vel=[0.0, 0.0, 0.0] imu_quat_wxyz=[1.0, 0.0, 0.0, 0.0] status=0x0000
joint_pos=[9.972000122070312, -20.01599884033203, 10.007999420166016, 10.007999420166016, -19.944000244140625, 10.727999687194824] joint_vel=[-1.53000009059906, 0.18000000715255737, -0.09000000357627869, 0.0, 0.8999999761581421, -0.0] imu_ang_vel=[0.0, 0.0, 0.0] imu_quat_wxyz=[1.0, 0.0, 0.0, 0.0] status=0x0000
joint_pos=[9.972000122070312, -20.01599884033203, 10.007999420166016, 10.007999420166016, -19.944000244140625, 10.727999687194824] joint_vel=[0.18000000715255737, -0.09000000357627869, 0.18000000715255737, 0.0, 0.6299999952316284, -0.0] imu_ang_vel=[0.0, 0.0, 0.0] imu_quat_wxyz=[1.0, 0.0, 0.0, 0.0] status=0x0000
joint_pos=[9.972000122070312, -20.01599884033203, 10.007999420166016, 10.007999420166016, -19.944000244140625, 10.727999687194824] joint_vel=[0.5400000214576721, 0.09000000357627869, -0.18000000715255737, 0.0, 0.27000001072883606, -0.0] imu_ang_vel=[0.0, 0.0, 0.0] imu_quat_wxyz=[1.0, 0.0, 0.0, 0.0] status=0x0000
joint_pos=[9.972000122070312, -20.01599884033203, 10.007999420166016, 10.007999420166016, -19.944000244140625, 10.727999687194824] joint_vel=[-0.18000000715255737, 0.09000000357627869, 0.18000000715255737, 0.0, -0.809999942779541, -0.09000000357627869] imu_ang_vel=[0.0, 0.0, 0.0] imu_quat_wxyz=[1.0, 0.0, 0.0, 0.0] status=0x0000
joint_pos=[9.972000122070312, -20.01599884033203, 10.007999420166016, 10.007999420166016, -19.944000244140625, 10.727999687194824] joint_vel=[-0.18000000715255737, -0.09000000357627869, 0.0, 0.0, 0.6299999952316284, -0.0] imu_ang_vel=[0.0, 0.0, 0.0] imu_quat_wxyz=[1.0, 0.0, 0.0, 0.0] status=0x0000
joint_pos=[9.972000122070312, -20.01599884033203, 10.007999420166016, 10.007999420166016, -19.944000244140625, 10.727999687194824] joint_vel=[0.09000000357627869, 0.0, 0.0, 0.0, 0.36000001430511475, -0.0] imu_ang_vel=[0.0, 0.0, 0.0] imu_quat_wxyz=[1.0, 0.0, 0.0, 0.0] status=0x0000
joint_pos=[9.972000122070312, -20.01599884033203, 10.007999420166016, 10.007999420166016, -19.944000244140625, 10.727999687194824] joint_vel=[0.09000000357627869, 0.18000000715255737, -0.09000000357627869, 0.0, 0.44999998807907104, -0.09000000357627869] imu_ang_vel=[0.0, 0.0, 0.0] imu_quat_wxyz=[1.0, 0.0, 0.0, 0.0] status=0x0000
joint_pos=[9.935999870300293, -20.01599884033203, 10.007999420166016, 10.007999420166016, -19.944000244140625, 10.727999687194824] joint_vel=[-1.7999999523162842, 0.0, -0.18000000715255737, 0.0, 0.8999999761581421, -0.0] imu_ang_vel=[0.0, 0.0, 0.0] imu_quat_wxyz=[1.0, 0.0, 0.0, 0.0] status=0x0000
joint_pos=[9.972000122070312, -20.01599884033203, 10.007999420166016, 10.007999420166016, -19.944000244140625, 10.727999687194824] joint_vel=[0.809999942779541, 0.18000000715255737, -0.09000000357627869, 0.0, -0.5400000214576721, -0.0] imu_ang_vel=[0.0, 0.0, 0.0] imu_quat_wxyz=[1.0, 0.0, 0.0, 0.0] status=0x0000
joint_pos=[9.972000122070312, -20.01599884033203, 10.007999420166016, 10.007999420166016, -19.944000244140625, 10.727999687194824] joint_vel=[0.44999998807907104, 0.27000001072883606, -0.27000001072883606, 0.0, -1.0800000429153442, -0.0] imu_ang_vel=[0.0, 0.0, 0.0] imu_quat_wxyz=[1.0, 0.0, 0.0, 0.0] status=0x0000
joint_pos=[9.972000122070312, -20.01599884033203, 10.007999420166016, 10.007999420166016, -19.944000244140625, 10.727999687194824] joint_vel=[-0.0, -0.09000000357627869, 0.09000000357627869, 0.0, -0.5400000214576721, -0.0] imu_ang_vel=[0.0, 0.0, 0.0] imu_quat_wxyz=[1.0, 0.0, 0.0, 0.0] status=0x0000
joint_pos=[9.972000122070312, -20.01599884033203, 10.007999420166016, 10.007999420166016, -19.944000244140625, 10.727999687194824] joint_vel=[0.18000000715255737, 0.0, 0.0, 0.0, -0.8999999761581421, -0.0] imu_ang_vel=[0.0, 0.0, 0.0] imu_quat_wxyz=[1.0, 0.0, 0.0, 0.0] status=0x0000
joint_pos=[9.972000122070312, -20.01599884033203, 10.007999420166016, 10.007999420166016, -19.944000244140625, 10.727999687194824] joint_vel=[-0.18000000715255737, 0.0, 0.0, 0.0, -0.5400000214576721, -0.0] imu_ang_vel=[0.0, 0.0, 0.0] imu_quat_wxyz=[1.0, 0.0, 0.0, 0.0] status=0x0000
joint_pos=[9.972000122070312, -20.01599884033203, 10.007999420166016, 10.007999420166016, -19.944000244140625, 10.727999687194824] joint_vel=[1.8899999856948853, 0.18000000715255737, 0.09000000357627869, 0.0, -0.809999942779541, -0.0] imu_ang_vel=[0.0, 0.0, 0.0] imu_quat_wxyz=[1.0, 0.0, 0.0, 0.0] status=0x0000
joint_pos=[9.972000122070312, -20.01599884033203, 10.007999420166016, 10.007999420166016, -19.944000244140625, 10.727999687194824] joint_vel=[1.2599999904632568, 0.09000000357627869, 0.18000000715255737, 0.0, 0.6299999952316284, -0.0] imu_ang_vel=[0.0, 0.0, 0.0] imu_quat_wxyz=[1.0, 0.0, 0.0, 0.0] status=0x0000
joint_pos=[9.935999870300293, -20.01599884033203, 10.007999420166016, 10.007999420166016, -19.944000244140625, 10.727999687194824] joint_vel=[-1.350000023841858, 0.18000000715255737, 0.0, 0.0, -1.440000057220459, -0.27000001072883606] imu_ang_vel=[0.0, 0.0, 0.0] imu_quat_wxyz=[1.0, 0.0, 0.0, 0.0] status=0x0000
joint_pos=[9.972000122070312, -20.01599884033203, 10.007999420166016, 10.007999420166016, -19.944000244140625, 10.727999687194824] joint_vel=[0.6299999952316284, 0.0, 0.0, 0.0, 0.809999942779541, -0.0] imu_ang_vel=[0.0, 0.0, 0.0] imu_quat_wxyz=[1.0, 0.0, 0.0, 0.0] status=0x0000
joint_pos=[9.972000122070312, -20.01599884033203, 10.007999420166016, 10.007999420166016, -19.944000244140625, 10.727999687194824] joint_vel=[-0.09000000357627869, 0.0, 0.09000000357627869, 0.09000000357627869, 0.27000001072883606, 0.18000000715255737] imu_ang_vel=[0.0, 0.0, 0.0] imu_quat_wxyz=[1.0, 0.0, 0.0, 0.0] status=0x0000
joint_pos=[9.972000122070312, -20.01599884033203, 10.007999420166016, 10.007999420166016, -19.944000244140625, 10.727999687194824] joint_vel=[-0.27000001072883606, -0.09000000357627869, 0.0, 0.0, -0.7200000286102295, -0.18000000715255737] imu_ang_vel=[0.0, 0.0, 0.0] imu_quat_wxyz=[1.0, 0.0, 0.0, 0.0] status=0x0000
joint_pos=[9.972000122070312, -20.01599884033203, 10.007999420166016, 10.007999420166016, -19.944000244140625, 10.727999687194824] joint_vel=[1.350000023841858, 0.0, -0.18000000715255737, 0.0, -0.18000000715255737, 0.09000000357627869] imu_ang_vel=[0.0, 0.0, 0.0] imu_quat_wxyz=[1.0, 0.0, 0.0, 0.0] status=0x0000
joint_pos=[9.972000122070312, -20.01599884033203, 10.007999420166016, 10.007999420166016, -19.944000244140625, 10.727999687194824] joint_vel=[-1.619999885559082, 0.0, -0.18000000715255737, 0.0, 0.7200000286102295, -0.09000000357627869] imu_ang_vel=[0.0, 0.0, 0.0] imu_quat_wxyz=[1.0, 0.0, 0.0, 0.0] status=0x0000
joint_pos=[9.972000122070312, -20.01599884033203, 10.007999420166016, 10.007999420166016, -19.944000244140625, 10.727999687194824] joint_vel=[0.36000001430511475, -0.18000000715255737, 0.18000000715255737, 0.0, -0.7200000286102295, -0.0] imu_ang_vel=[0.0, 0.0, 0.0] imu_quat_wxyz=[1.0, 0.0, 0.0, 0.0] status=0x0000
joint_pos=[9.972000122070312, -20.01599884033203, 10.007999420166016, 10.007999420166016, -19.944000244140625, 10.727999687194824] joint_vel=[-0.44999998807907104, -0.09000000357627869, 0.0, 0.0, -0.7200000286102295, -0.09000000357627869] imu_ang_vel=[0.0, 0.0, 0.0] imu_quat_wxyz=[1.0, 0.0, 0.0, 0.0] status=0x0000
joint_pos=[9.972000122070312, -20.01599884033203, 10.007999420166016, 10.007999420166016, -19.944000244140625, 10.727999687194824] joint_vel=[-0.8999999761581421, 0.09000000357627869, 0.09000000357627869, 0.0, 2.069999933242798, -0.0] imu_ang_vel=[0.0, 0.0, 0.0] imu_quat_wxyz=[1.0, 0.0, 0.0, 0.0] status=0x0000
joint_pos=[9.972000122070312, -20.01599884033203, 10.007999420166016, 10.007999420166016, -19.944000244140625, 10.727999687194824] joint_vel=[-0.0, 0.18000000715255737, 0.0, 0.0, -1.0800000429153442, 0.09000000357627869] imu_ang_vel=[0.0, 0.0, 0.0] imu_quat_wxyz=[1.0, 0.0, 0.0, 0.0] status=0x0000
joint_pos=[9.972000122070312, -20.01599884033203, 10.007999420166016, 10.007999420166016, -19.944000244140625, 10.727999687194824] joint_vel=[0.809999942779541, 0.09000000357627869, 0.0, 0.0, 0.09000000357627869, 0.09000000357627869] imu_ang_vel=[0.0, 0.0, 0.0] imu_quat_wxyz=[1.0, 0.0, 0.0, 0.0] status=0x0000
joint_pos=[9.972000122070312, -20.01599884033203, 10.007999420166016, 10.007999420166016, -19.944000244140625, 10.727999687194824] joint_vel=[-0.0, 0.0, 0.0, 0.0, -0.809999942779541, -0.0] imu_ang_vel=[0.0, 0.0, 0.0] imu_quat_wxyz=[1.0, 0.0, 0.0, 0.0] status=0x0000
joint_pos=[9.972000122070312, -20.01599884033203, 10.007999420166016, 10.007999420166016, -19.944000244140625, 10.727999687194824] joint_vel=[0.9900000095367432, 0.0, 0.09000000357627869, 0.0, -0.27000001072883606, 0.09000000357627869] imu_ang_vel=[0.0, 0.0, 0.0] imu_quat_wxyz=[1.0, 0.0, 0.0, 0.0] status=0x0000
joint_pos=[9.935999870300293, -20.01599884033203, 10.007999420166016, 10.007999420166016, -19.944000244140625, 10.727999687194824] joint_vel=[-1.440000057220459, 0.18000000715255737, 0.18000000715255737, 0.0, 1.619999885559082, 0.27000001072883606] imu_ang_vel=[0.0, 0.0, 0.0] imu_quat_wxyz=[1.0, 0.0, 0.0, 0.0] status=0x0000
joint_pos=[9.972000122070312, -20.01599884033203, 10.007999420166016, 10.007999420166016, -19.944000244140625, 10.727999687194824] joint_vel=[0.27000001072883606, 0.0, 0.09000000357627869, 0.0, 0.8999999761581421, 0.27000001072883606] imu_ang_vel=[0.0, 0.0, 0.0] imu_quat_wxyz=[1.0, 0.0, 0.0, 0.0] status=0x0000
joint_pos=[9.935999870300293, -20.01599884033203, 10.007999420166016, 10.007999420166016, -19.944000244140625, 10.727999687194824] joint_vel=[-1.7999999523162842, -0.18000000715255737, 0.0, 0.0, 2.069999933242798, -0.09000000357627869] imu_ang_vel=[0.0, 0.0, 0.0] imu_quat_wxyz=[1.0, 0.0, 0.0, 0.0] status=0x0000
joint_pos=[9.972000122070312, -20.01599884033203, 10.007999420166016, 10.007999420166016, -19.944000244140625, 10.727999687194824] joint_vel=[-0.0, 0.09000000357627869, -0.18000000715255737, 0.0, 1.1700000762939453, -0.0] imu_ang_vel=[0.0, 0.0, 0.0] imu_quat_wxyz=[1.0, 0.0, 0.0, 0.0] status=0x0000
joint_pos=[9.972000122070312, -20.01599884033203, 10.007999420166016, 10.007999420166016, -19.944000244140625, 10.727999687194824] joint_vel=[-0.0, 0.0, 0.0, 0.0, -1.440000057220459, 0.18000000715255737] imu_ang_vel=[0.0, 0.0, 0.0] imu_quat_wxyz=[1.0, 0.0, 0.0, 0.0] status=0x0000
joint_pos=[9.972000122070312, -20.01599884033203, 10.007999420166016, 10.007999420166016, -19.944000244140625, 10.727999687194824] joint_vel=[0.9900000095367432, 0.0, 0.0, 0.0, 0.809999942779541, -0.18000000715255737] imu_ang_vel=[0.0, 0.0, 0.0] imu_quat_wxyz=[1.0, 0.0, 0.0, 0.0] status=0x0000
joint_pos=[9.972000122070312, -20.01599884033203, 10.007999420166016, 10.007999420166016, -19.944000244140625, 10.727999687194824] joint_vel=[-0.7200000286102295, -0.09000000357627869, 0.09000000357627869, 0.0, -0.6299999952316284, 0.27000001072883606] imu_ang_vel=[0.0, 0.0, 0.0] imu_quat_wxyz=[1.0, 0.0, 0.0, 0.0] status=0x0000
joint_pos=[9.972000122070312, -20.01599884033203, 10.007999420166016, 10.007999420166016, -19.944000244140625, 10.727999687194824] joint_vel=[-2.069999933242798, -0.09000000357627869, -0.27000001072883606, 0.0, -1.440000057220459, 0.09000000357627869] imu_ang_vel=[0.0, 0.0, 0.0] imu_quat_wxyz=[1.0, 0.0, 0.0, 0.0] status=0x0000
joint_pos=[9.972000122070312, -20.01599884033203, 10.007999420166016, 10.007999420166016, -19.944000244140625, 10.727999687194824] joint_vel=[-0.09000000357627869, 0.0, -0.09000000357627869, 0.0, 0.27000001072883606, 0.09000000357627869] imu_ang_vel=[0.0, 0.0, 0.0] imu_quat_wxyz=[1.0, 0.0, 0.0, 0.0] status=0x0000
joint_pos=[9.972000122070312, -20.01599884033203, 10.007999420166016, 10.007999420166016, -19.944000244140625, 10.727999687194824] joint_vel=[0.9900000095367432, -0.09000000357627869, -0.44999998807907104, -0.18000000715255737, -0.36000001430511475, -0.09000000357627869] imu_ang_vel=[0.0, 0.0, 0.0] imu_quat_wxyz=[1.0, 0.0, 0.0, 0.0] status=0x0000
joint_pos=[9.972000122070312, -20.01599884033203, 10.007999420166016, 10.007999420166016, -19.944000244140625, 10.727999687194824] joint_vel=[-0.5400000214576721, 0.0, 0.18000000715255737, 0.0, 1.440000057220459, -0.0] imu_ang_vel=[0.0, 0.0, 0.0] imu_quat_wxyz=[1.0, 0.0, 0.0, 0.0] status=0x0000
joint_pos=[9.972000122070312, -20.01599884033203, 10.007999420166016, 10.007999420166016, -19.944000244140625, 10.727999687194824] joint_vel=[-0.8999999761581421, 0.0, 0.0, 0.0, -0.9900000095367432, -0.27000001072883606] imu_ang_vel=[0.0, 0.0, 0.0] imu_quat_wxyz=[1.0, 0.0, 0.0, 0.0] status=0x0000
joint_pos=[9.972000122070312, -20.01599884033203, 10.007999420166016, 10.007999420166016, -19.944000244140625, 10.727999687194824] joint_vel=[1.53000009059906, 0.09000000357627869, -0.09000000357627869, 0.0, -1.0800000429153442, -0.18000000715255737] imu_ang_vel=[0.0, 0.0, 0.0] imu_quat_wxyz=[1.0, 0.0, 0.0, 0.0] status=0x0000
joint_pos=[9.935999870300293, -20.01599884033203, 10.007999420166016, 10.007999420166016, -19.944000244140625, 10.727999687194824] joint_vel=[-1.0800000429153442, -0.18000000715255737, -0.18000000715255737, 0.0, -0.7200000286102295, 0.27000001072883606] imu_ang_vel=[0.0, 0.0, 0.0] imu_quat_wxyz=[1.0, 0.0, 0.0, 0.0] status=0x0000
joint_pos=[9.972000122070312, -20.01599884033203, 10.007999420166016, 10.007999420166016, -19.944000244140625, 10.727999687194824] joint_vel=[-0.36000001430511475, -0.18000000715255737, -0.09000000357627869, 0.0, -1.7999999523162842, 0.09000000357627869] imu_ang_vel=[0.0, 0.0, 0.0] imu_quat_wxyz=[1.0, 0.0, 0.0, 0.0] status=0x0000
joint_pos=[9.972000122070312, -20.01599884033203, 10.007999420166016, 10.007999420166016, -19.944000244140625, 10.727999687194824] joint_vel=[0.27000001072883606, 0.09000000357627869, -0.09000000357627869, 0.0, -0.0, -0.0] imu_ang_vel=[0.0, 0.0, 0.0] imu_quat_wxyz=[1.0, 0.0, 0.0, 0.0] status=0x0000
joint_pos=[9.972000122070312, -20.01599884033203, 10.007999420166016, 10.007999420166016, -19.944000244140625, 10.727999687194824] joint_vel=[-0.27000001072883606, -0.09000000357627869, 0.09000000357627869, 0.0, 0.44999998807907104, -0.0] imu_ang_vel=[0.0, 0.0, 0.0] imu_quat_wxyz=[1.0, 0.0, 0.0, 0.0] status=0x0000
joint_pos=[9.972000122070312, -20.01599884033203, 10.007999420166016, 10.007999420166016, -19.944000244140625, 10.727999687194824] joint_vel=[1.53000009059906, -0.27000001072883606, 0.09000000357627869, 0.0, 1.440000057220459, 0.18000000715255737] imu_ang_vel=[0.0, 0.0, 0.0] imu_quat_wxyz=[1.0, 0.0, 0.0, 0.0] status=0x0000
joint_pos=[9.972000122070312, -20.01599884033203, 10.007999420166016, 10.007999420166016, -19.944000244140625, 10.727999687194824] joint_vel=[-0.0, -0.18000000715255737, 0.09000000357627869, 0.0, -0.5400000214576721, -0.18000000715255737] imu_ang_vel=[0.0, 0.0, 0.0] imu_quat_wxyz=[1.0, 0.0, 0.0, 0.0] status=0x0000
joint_pos=[9.972000122070312, -20.01599884033203, 10.007999420166016, 10.007999420166016, -19.944000244140625, 10.727999687194824] joint_vel=[-0.18000000715255737, 0.0, 0.09000000357627869, 0.0, -1.350000023841858, -0.0] imu_ang_vel=[0.0, 0.0, 0.0] imu_quat_wxyz=[1.0, 0.0, 0.0, 0.0] status=0x0000
joint_pos=[9.972000122070312, -20.01599884033203, 10.007999420166016, 10.007999420166016, -19.944000244140625, 10.727999687194824] joint_vel=[1.2599999904632568, 0.0, -0.36000001430511475, 0.0, 1.2599999904632568, 0.09000000357627869] imu_ang_vel=[0.0, 0.0, 0.0] imu_quat_wxyz=[1.0, 0.0, 0.0, 0.0] status=0x0000
joint_pos=[9.935999870300293, -20.01599884033203, 10.007999420166016, 10.007999420166016, -19.944000244140625, 10.727999687194824] joint_vel=[-1.0800000429153442, -0.18000000715255737, 0.09000000357627869, 0.0, 0.18000000715255737, -0.09000000357627869] imu_ang_vel=[0.0, 0.0, 0.0] imu_quat_wxyz=[1.0, 0.0, 0.0, 0.0] status=0x0000
joint_pos=[9.972000122070312, -20.01599884033203, 10.007999420166016, 10.007999420166016, -19.944000244140625, 10.727999687194824] joint_vel=[-0.6299999952316284, -0.09000000357627869, 0.18000000715255737, 0.0, -1.8899999856948853, -0.09000000357627869] imu_ang_vel=[0.0, 0.0, 0.0] imu_quat_wxyz=[1.0, 0.0, 0.0, 0.0] status=0x0000
joint_pos=[9.972000122070312, -20.01599884033203, 10.007999420166016, 10.007999420166016, -19.944000244140625, 10.727999687194824] joint_vel=[-0.09000000357627869, 0.18000000715255737, 0.0, 0.0, -0.36000001430511475, -0.0] imu_ang_vel=[0.0, 0.0, 0.0] imu_quat_wxyz=[1.0, 0.0, 0.0, 0.0] status=0x0000
joint_pos=[9.972000122070312, -20.01599884033203, 10.007999420166016, 10.007999420166016, -19.944000244140625, 10.727999687194824] joint_vel=[0.36000001430511475, 0.0, 0.09000000357627869, 0.0, -1.7999999523162842, -0.09000000357627869] imu_ang_vel=[0.0, 0.0, 0.0] imu_quat_wxyz=[1.0, 0.0, 0.0, 0.0] status=0x0000
joint_pos=[9.972000122070312, -20.01599884033203, 10.007999420166016, 10.007999420166016, -19.944000244140625, 10.692000389099121] joint_vel=[-0.0, 0.27000001072883606, 0.18000000715255737, 0.0, -1.1700000762939453, -0.0] imu_ang_vel=[0.0, 0.0, 0.0] imu_quat_wxyz=[1.0, 0.0, 0.0, 0.0] status=0x0000
joint_pos=[9.972000122070312, -20.01599884033203, 10.007999420166016, 10.007999420166016, -19.944000244140625, 10.692000389099121] joint_vel=[-0.8999999761581421, 0.0, 0.0, 0.0, -0.36000001430511475, -0.0] imu_ang_vel=[0.0, 0.0, 0.0] imu_quat_wxyz=[1.0, 0.0, 0.0, 0.0] status=0x0000
joint_pos=[9.972000122070312, -20.01599884033203, 10.007999420166016, 10.007999420166016, -19.944000244140625, 10.692000389099121] joint_vel=[-0.09000000357627869, 0.0, -0.18000000715255737, -0.18000000715255737, -0.6299999952316284, -0.0] imu_ang_vel=[0.0, 0.0, 0.0] imu_quat_wxyz=[1.0, 0.0, 0.0, 0.0] status=0x0000
joint_pos=[9.972000122070312, -20.01599884033203, 10.007999420166016, 10.007999420166016, -19.944000244140625, 10.692000389099121] joint_vel=[-0.0, -0.18000000715255737, 0.0, 0.0, 1.1700000762939453, -0.09000000357627869] imu_ang_vel=[0.0, 0.0, 0.0] imu_quat_wxyz=[1.0, 0.0, 0.0, 0.0] status=0x0000
joint_pos=[9.972000122070312, -20.01599884033203, 10.007999420166016, 10.007999420166016, -19.944000244140625, 10.692000389099121] joint_vel=[0.09000000357627869, 0.18000000715255737, 0.0, 0.0, 0.36000001430511475, -0.0] imu_ang_vel=[0.0, 0.0, 0.0] imu_quat_wxyz=[1.0, 0.0, 0.0, 0.0] status=0x0000
joint_pos=[9.972000122070312, -20.01599884033203, 10.007999420166016, 10.007999420166016, -19.944000244140625, 10.692000389099121] joint_vel=[-0.09000000357627869, 0.0, 0.18000000715255737, 0.0, -0.44999998807907104, -0.0] imu_ang_vel=[0.0, 0.0, 0.0] imu_quat_wxyz=[1.0, 0.0, 0.0, 0.0] status=0x0000
joint_pos=[9.972000122070312, -20.01599884033203, 10.007999420166016, 10.007999420166016, -19.944000244140625, 10.692000389099121] joint_vel=[0.09000000357627869, 0.0, 0.0, 0.0, -0.0, 0.09000000357627869] imu_ang_vel=[0.0, 0.0, 0.0] imu_quat_wxyz=[1.0, 0.0, 0.0, 0.0] status=0x0000
joint_pos=[9.972000122070312, -20.01599884033203, 10.007999420166016, 10.007999420166016, -19.944000244140625, 10.692000389099121] joint_vel=[-0.09000000357627869, -0.18000000715255737, -0.18000000715255737, 0.0, -0.18000000715255737, -0.0] imu_ang_vel=[0.0, 0.0, 0.0] imu_quat_wxyz=[1.0, 0.0, 0.0, 0.0] status=0x0000
joint_pos=[9.972000122070312, -20.01599884033203, 10.007999420166016, 10.007999420166016, -19.944000244140625, 10.692000389099121] joint_vel=[-0.09000000357627869, 0.09000000357627869, -0.27000001072883606, 0.0, 1.9800000190734863, -0.0] imu_ang_vel=[0.0, 0.0, 0.0] imu_quat_wxyz=[1.0, 0.0, 0.0, 0.0] status=0x0000
joint_pos=[9.972000122070312, -20.01599884033203, 10.007999420166016, 10.007999420166016, -19.944000244140625, 10.692000389099121] joint_vel=[-0.5400000214576721, 0.0, -0.18000000715255737, 0.0, -0.27000001072883606, -0.44999998807907104] imu_ang_vel=[0.0, 0.0, 0.0] imu_quat_wxyz=[1.0, 0.0, 0.0, 0.0] status=0x0000
joint_pos=[9.972000122070312, -20.01599884033203, 10.007999420166016, 10.007999420166016, -19.944000244140625, 10.692000389099121] joint_vel=[1.350000023841858, 0.0, 0.0, 0.0, 0.7200000286102295, -0.0] imu_ang_vel=[0.0, 0.0, 0.0] imu_quat_wxyz=[1.0, 0.0, 0.0, 0.0] status=0x0000
joint_pos=[9.935999870300293, -20.01599884033203, 10.007999420166016, 10.007999420166016, -19.944000244140625, 10.692000389099121] joint_vel=[-1.1700000762939453, 0.0, -0.18000000715255737, 0.0, 0.18000000715255737, -0.0] imu_ang_vel=[0.0, 0.0, 0.0] imu_quat_wxyz=[1.0, 0.0, 0.0, 0.0] status=0x0000
joint_pos=[9.972000122070312, -20.01599884033203, 10.007999420166016, 10.007999420166016, -19.944000244140625, 10.692000389099121] joint_vel=[0.8999999761581421, -0.18000000715255737, 0.09000000357627869, 0.0, -0.5400000214576721, -0.0] imu_ang_vel=[0.0, 0.0, 0.0] imu_quat_wxyz=[1.0, 0.0, 0.0, 0.0] status=0x0000
joint_pos=[9.972000122070312, -20.01599884033203, 10.007999420166016, 10.007999420166016, -19.944000244140625, 10.692000389099121] joint_vel=[-1.1700000762939453, 0.0, 0.09000000357627869, 0.0, -0.36000001430511475, -0.0] imu_ang_vel=[0.0, 0.0, 0.0] imu_quat_wxyz=[1.0, 0.0, 0.0, 0.0] status=0x0000
joint_pos=[9.972000122070312, -20.01599884033203, 10.007999420166016, 10.007999420166016, -19.944000244140625, 10.692000389099121] joint_vel=[-0.809999942779541, 0.27000001072883606, -0.09000000357627869, 0.0, 0.27000001072883606, -0.0] imu_ang_vel=[0.0, 0.0, 0.0] imu_quat_wxyz=[1.0, 0.0, 0.0, 0.0] status=0x0000
joint_pos=[9.935999870300293, -20.01599884033203, 10.007999420166016, 10.007999420166016, -19.944000244140625, 10.692000389099121] joint_vel=[-0.6299999952316284, -0.09000000357627869, 0.18000000715255737, 0.0, 0.5400000214576721, -0.09000000357627869] imu_ang_vel=[0.0, 0.0, 0.0] imu_quat_wxyz=[1.0, 0.0, 0.0, 0.0] status=0x0000
joint_pos=[9.972000122070312, -20.01599884033203, 10.007999420166016, 10.007999420166016, -19.944000244140625, 10.692000389099121] joint_vel=[0.6299999952316284, 0.0, -0.09000000357627869, 0.0, -0.36000001430511475, 0.09000000357627869] imu_ang_vel=[0.0, 0.0, 0.0] imu_quat_wxyz=[1.0, 0.0, 0.0, 0.0] status=0x0000
joint_pos=[9.972000122070312, -20.01599884033203, 10.007999420166016, 10.007999420166016, -19.944000244140625, 10.692000389099121] joint_vel=[1.53000009059906, -0.27000001072883606, -0.09000000357627869, 0.0, -1.0800000429153442, -0.09000000357627869] imu_ang_vel=[0.0, 0.0, 0.0] imu_quat_wxyz=[1.0, 0.0, 0.0, 0.0] status=0x0000
joint_pos=[9.972000122070312, -20.01599884033203, 10.007999420166016, 10.007999420166016, -19.944000244140625, 10.692000389099121] joint_vel=[-0.0, 0.0, 0.09000000357627869, 0.0, -0.5400000214576721, 0.09000000357627869] imu_ang_vel=[0.0, 0.0, 0.0] imu_quat_wxyz=[1.0, 0.0, 0.0, 0.0] status=0x0000
joint_pos=[9.972000122070312, -20.01599884033203, 10.007999420166016, 10.007999420166016, -19.944000244140625, 10.692000389099121] joint_vel=[-0.9900000095367432, 0.0, 0.18000000715255737, 0.0, 0.7200000286102295, -0.0] imu_ang_vel=[0.0, 0.0, 0.0] imu_quat_wxyz=[1.0, 0.0, 0.0, 0.0] status=0x0000
joint_pos=[9.972000122070312, -20.01599884033203, 10.007999420166016, 10.007999420166016, -19.944000244140625, 10.692000389099121] joint_vel=[0.27000001072883606, 0.0, 0.0, 0.0, -0.36000001430511475, -0.18000000715255737] imu_ang_vel=[0.0, 0.0, 0.0] imu_quat_wxyz=[1.0, 0.0, 0.0, 0.0] status=0x0000
joint_pos=[9.972000122070312, -20.01599884033203, 10.007999420166016, 10.007999420166016, -19.944000244140625, 10.692000389099121] joint_vel=[-0.27000001072883606, 0.18000000715255737, -0.18000000715255737, 0.0, -1.1700000762939453, -0.44999998807907104] imu_ang_vel=[0.0, 0.0, 0.0] imu_quat_wxyz=[1.0, 0.0, 0.0, 0.0] status=0x0000
joint_pos=[9.972000122070312, -20.01599884033203, 10.007999420166016, 10.007999420166016, -19.944000244140625, 10.692000389099121] joint_vel=[1.9800000190734863, 0.09000000357627869, 0.0, 0.0, -0.18000000715255737, -0.27000001072883606] imu_ang_vel=[0.0, 0.0, 0.0] imu_quat_wxyz=[1.0, 0.0, 0.0, 0.0] status=0x0000
joint_pos=[9.972000122070312, -20.01599884033203, 10.007999420166016, 10.007999420166016, -19.944000244140625, 10.692000389099121] joint_vel=[-0.0, -0.18000000715255737, 0.0, 0.0, -1.2599999904632568, 0.09000000357627869] imu_ang_vel=[0.0, 0.0, 0.0] imu_quat_wxyz=[1.0, 0.0, 0.0, 0.0] status=0x0000
joint_pos=[9.972000122070312, -20.01599884033203, 10.007999420166016, 10.007999420166016, -19.944000244140625, 10.692000389099121] joint_vel=[0.36000001430511475, 0.0, 0.09000000357627869, 0.0, 0.44999998807907104, -0.18000000715255737] imu_ang_vel=[0.0, 0.0, 0.0] imu_quat_wxyz=[1.0, 0.0, 0.0, 0.0] status=0x0000
joint_pos=[9.972000122070312, -20.01599884033203, 10.007999420166016, 10.007999420166016, -19.944000244140625, 10.692000389099121] joint_vel=[-1.350000023841858, -0.18000000715255737, 0.0, 0.0, 0.18000000715255737, -0.0] imu_ang_vel=[0.0, 0.0, 0.0] imu_quat_wxyz=[1.0, 0.0, 0.0, 0.0] status=0x0000
joint_pos=[9.972000122070312, -20.01599884033203, 10.007999420166016, 10.007999420166016, -19.944000244140625, 10.692000389099121] joint_vel=[-0.36000001430511475, 0.09000000357627869, 0.09000000357627869, 0.0, 1.0800000429153442, -0.27000001072883606] imu_ang_vel=[0.0, 0.0, 0.0] imu_quat_wxyz=[1.0, 0.0, 0.0, 0.0] status=0x0000
joint_pos=[9.972000122070312, -20.01599884033203, 10.007999420166016, 10.007999420166016, -19.944000244140625, 10.692000389099121] joint_vel=[-0.0, -0.18000000715255737, -0.09000000357627869, 0.0, -0.0, -0.09000000357627869] imu_ang_vel=[0.0, 0.0, 0.0] imu_quat_wxyz=[1.0, 0.0, 0.0, 0.0] status=0x0000
joint_pos=[9.972000122070312, -20.01599884033203, 10.007999420166016, 10.007999420166016, -19.944000244140625, 10.692000389099121] joint_vel=[-1.2599999904632568, 0.18000000715255737, 0.0, 0.0, -0.0, -0.18000000715255737] imu_ang_vel=[0.0, 0.0, 0.0] imu_quat_wxyz=[1.0, 0.0, 0.0, 0.0] status=0x0000
joint_pos=[9.972000122070312, -20.01599884033203, 10.007999420166016, 10.007999420166016, -19.944000244140625, 10.692000389099121] joint_vel=[0.18000000715255737, -0.18000000715255737, 0.0, 0.0, -0.0, -0.0] imu_ang_vel=[0.0, 0.0, 0.0] imu_quat_wxyz=[1.0, 0.0, 0.0, 0.0] status=0x0000
joint_pos=[9.972000122070312, -20.01599884033203, 10.007999420166016, 10.007999420166016, -19.944000244140625, 10.692000389099121] joint_vel=[-1.0800000429153442, -0.09000000357627869, 0.27000001072883606, 0.0, 0.8999999761581421, -0.09000000357627869] imu_ang_vel=[0.0, 0.0, 0.0] imu_quat_wxyz=[1.0, 0.0, 0.0, 0.0] status=0x0000
joint_pos=[9.972000122070312, -20.01599884033203, 10.007999420166016, 10.007999420166016, -19.944000244140625, 10.692000389099121] joint_vel=[-0.6299999952316284, -0.09000000357627869, -0.09000000357627869, 0.0, -0.809999942779541, -0.09000000357627869] imu_ang_vel=[0.0, 0.0, 0.0] imu_quat_wxyz=[1.0, 0.0, 0.0, 0.0] status=0x0000
joint_pos=[9.972000122070312, -20.01599884033203, 10.007999420166016, 10.007999420166016, -19.944000244140625, 10.692000389099121] joint_vel=[0.9900000095367432, 0.09000000357627869, 0.09000000357627869, 0.0, 0.09000000357627869, 0.27000001072883606] imu_ang_vel=[0.0, 0.0, 0.0] imu_quat_wxyz=[1.0, 0.0, 0.0, 0.0] status=0x0000
joint_pos=[9.972000122070312, -20.01599884033203, 10.007999420166016, 10.007999420166016, -19.944000244140625, 10.692000389099121] joint_vel=[-1.619999885559082, 0.18000000715255737, 0.0, 0.0, -0.18000000715255737, -0.18000000715255737] imu_ang_vel=[0.0, 0.0, 0.0] imu_quat_wxyz=[1.0, 0.0, 0.0, 0.0] status=0x0000
joint_pos=[9.972000122070312, -20.01599884033203, 10.007999420166016, 10.007999420166016, -19.944000244140625, 10.656000137329102] joint_vel=[-0.36000001430511475, 0.27000001072883606, 0.0, 0.0, -0.5400000214576721, -1.7999999523162842] imu_ang_vel=[0.0, 0.0, 0.0] imu_quat_wxyz=[1.0, 0.0, 0.0, 0.0] status=0x0000
joint_pos=[9.972000122070312, -20.01599884033203, 10.007999420166016, 10.007999420166016, -19.944000244140625, 10.656000137329102] joint_vel=[0.809999942779541, -0.09000000357627869, -0.09000000357627869, 0.0, 0.7200000286102295, -0.0] imu_ang_vel=[0.0, 0.0, 0.0] imu_quat_wxyz=[1.0, 0.0, 0.0, 0.0] status=0x0000
joint_pos=[9.972000122070312, -20.01599884033203, 10.007999420166016, 10.007999420166016, -19.944000244140625, 10.656000137329102] joint_vel=[-0.809999942779541, 0.0, -0.18000000715255737, 0.0, -0.0, -0.0] imu_ang_vel=[0.0, 0.0, 0.0] imu_quat_wxyz=[1.0, 0.0, 0.0, 0.0] status=0x0000
joint_pos=[9.972000122070312, -20.01599884033203, 10.007999420166016, 10.007999420166016, -19.944000244140625, 10.656000137329102] joint_vel=[-0.44999998807907104, 0.0, 0.09000000357627869, 0.0, -0.0, -0.44999998807907104] imu_ang_vel=[0.0, 0.0, 0.0] imu_quat_wxyz=[1.0, 0.0, 0.0, 0.0] status=0x0000
joint_pos=[9.972000122070312, -20.01599884033203, 10.007999420166016, 10.007999420166016, -19.944000244140625, 10.656000137329102] joint_vel=[0.809999942779541, 0.09000000357627869, 0.18000000715255737, 0.0, 0.09000000357627869, -1.0800000429153442] imu_ang_vel=[0.0, 0.0, 0.0] imu_quat_wxyz=[1.0, 0.0, 0.0, 0.0] status=0x0000
joint_pos=[9.972000122070312, -20.01599884033203, 10.007999420166016, 10.007999420166016, -19.944000244140625, 10.656000137329102] joint_vel=[-0.6299999952316284, 0.0, -0.18000000715255737, 0.0, -1.0800000429153442, -1.619999885559082] imu_ang_vel=[0.0, 0.0, 0.0] imu_quat_wxyz=[1.0, 0.0, 0.0, 0.0] status=0x0000
joint_pos=[9.972000122070312, -20.01599884033203, 10.007999420166016, 10.007999420166016, -19.944000244140625, 10.656000137329102] joint_vel=[0.9900000095367432, 0.0, 0.0, 0.0, -0.5400000214576721, 0.18000000715255737] imu_ang_vel=[0.0, 0.0, 0.0] imu_quat_wxyz=[1.0, 0.0, 0.0, 0.0] status=0x0000
joint_pos=[9.972000122070312, -20.01599884033203, 10.007999420166016, 10.007999420166016, -19.944000244140625, 10.656000137329102] joint_vel=[0.09000000357627869, 0.0, 0.0, -0.18000000715255737, -0.27000001072883606, -0.18000000715255737] imu_ang_vel=[0.0, 0.0, 0.0] imu_quat_wxyz=[1.0, 0.0, 0.0, 0.0] status=0x0000
joint_pos=[9.972000122070312, -20.01599884033203, 10.007999420166016, 10.007999420166016, -19.944000244140625, 10.656000137329102] joint_vel=[1.709999918937683, 0.0, 0.0, 0.0, -0.0, 0.18000000715255737] imu_ang_vel=[0.0, 0.0, 0.0] imu_quat_wxyz=[1.0, 0.0, 0.0, 0.0] status=0x0000
joint_pos=[9.972000122070312, -20.01599884033203, 10.007999420166016, 10.007999420166016, -19.944000244140625, 10.656000137329102] joint_vel=[-1.7999999523162842, 0.0, -0.09000000357627869, 0.0, -0.36000001430511475, 0.6299999952316284] imu_ang_vel=[0.0, 0.0, 0.0] imu_quat_wxyz=[1.0, 0.0, 0.0, 0.0] status=0x0000
joint_pos=[9.972000122070312, -20.01599884033203, 10.007999420166016, 10.007999420166016, -19.944000244140625, 10.656000137329102] joint_vel=[1.2599999904632568, -0.09000000357627869, -0.09000000357627869, 0.0, -0.18000000715255737, 0.7200000286102295] imu_ang_vel=[0.0, 0.0, 0.0] imu_quat_wxyz=[1.0, 0.0, 0.0, 0.0] status=0x0000
joint_pos=[9.972000122070312, -20.01599884033203, 10.007999420166016, 10.007999420166016, -19.944000244140625, 10.656000137329102] joint_vel=[-1.2599999904632568, 0.09000000357627869, -0.18000000715255737, 0.0, 1.1700000762939453, 0.809999942779541] imu_ang_vel=[0.0, 0.0, 0.0] imu_quat_wxyz=[1.0, 0.0, 0.0, 0.0] status=0x0000
joint_pos=[9.972000122070312, -20.01599884033203, 10.007999420166016, 10.007999420166016, -19.944000244140625, 10.656000137329102] joint_vel=[-0.6299999952316284, 0.0, 0.09000000357627869, 0.0, 0.09000000357627869, 0.6299999952316284] imu_ang_vel=[0.0, 0.0, 0.0] imu_quat_wxyz=[1.0, 0.0, 0.0, 0.0] status=0x0000
joint_pos=[9.935999870300293, -20.01599884033203, 10.007999420166016, 10.007999420166016, -19.944000244140625, 10.656000137329102] joint_vel=[-0.809999942779541, -0.09000000357627869, -0.18000000715255737, 0.0, -0.9900000095367432, 0.36000001430511475] imu_ang_vel=[0.0, 0.0, 0.0] imu_quat_wxyz=[1.0, 0.0, 0.0, 0.0] status=0x0000
joint_pos=[9.972000122070312, -20.01599884033203, 10.007999420166016, 10.007999420166016, -19.944000244140625, 10.619999885559082] joint_vel=[-1.2599999904632568, 0.0, 0.0, 0.0, -0.27000001072883606, -0.18000000715255737] imu_ang_vel=[0.0, 0.0, 0.0] imu_quat_wxyz=[1.0, 0.0, 0.0, 0.0] status=0x0000
joint_pos=[9.972000122070312, -20.01599884033203, 10.007999420166016, 10.007999420166016, -19.944000244140625, 10.619999885559082] joint_vel=[-0.44999998807907104, 0.0, -0.27000001072883606, 0.0, 0.18000000715255737, -0.18000000715255737] imu_ang_vel=[0.0, 0.0, 0.0] imu_quat_wxyz=[1.0, 0.0, 0.0, 0.0] status=0x0000
joint_pos=[9.972000122070312, -20.01599884033203, 10.007999420166016, 10.007999420166016, -19.944000244140625, 10.619999885559082] joint_vel=[0.6299999952316284, 0.0, 0.0, 0.0, -0.18000000715255737, -0.0] imu_ang_vel=[0.0, 0.0, 0.0] imu_quat_wxyz=[1.0, 0.0, 0.0, 0.0] status=0x0000
joint_pos=[9.972000122070312, -20.01599884033203, 10.007999420166016, 10.007999420166016, -19.944000244140625, 10.619999885559082] joint_vel=[-0.0, 0.0, -0.18000000715255737, 0.0, 1.0800000429153442, -0.18000000715255737] imu_ang_vel=[0.0, 0.0, 0.0] imu_quat_wxyz=[1.0, 0.0, 0.0, 0.0] status=0x0000
joint_pos=[9.972000122070312, -20.01599884033203, 10.007999420166016, 10.007999420166016, -19.944000244140625, 10.619999885559082] joint_vel=[1.1700000762939453, 0.09000000357627869, 0.0, 0.0, -0.0, -0.09000000357627869] imu_ang_vel=[0.0, 0.0, 0.0] imu_quat_wxyz=[1.0, 0.0, 0.0, 0.0] status=0x0000
joint_pos=[9.972000122070312, -20.01599884033203, 10.007999420166016, 10.007999420166016, -19.944000244140625, 10.619999885559082] joint_vel=[-0.0, 0.0, 0.0, 0.0, 0.09000000357627869, 0.09000000357627869] imu_ang_vel=[0.0, 0.0, 0.0] imu_quat_wxyz=[1.0, 0.0, 0.0, 0.0] status=0x0000
joint_pos=[9.972000122070312, -20.01599884033203, 10.007999420166016, 10.007999420166016, -19.944000244140625, 10.619999885559082] joint_vel=[0.5400000214576721, 0.0, 0.27000001072883606, 0.0, -0.0, 0.09000000357627869] imu_ang_vel=[0.0, 0.0, 0.0] imu_quat_wxyz=[1.0, 0.0, 0.0, 0.0] status=0x0000
joint_pos=[9.972000122070312, -20.01599884033203, 10.007999420166016, 10.007999420166016, -19.944000244140625, 10.619999885559082] joint_vel=[-0.09000000357627869, 0.09000000357627869, -0.27000001072883606, 0.0, 1.2599999904632568, 0.09000000357627869] imu_ang_vel=[0.0, 0.0, 0.0] imu_quat_wxyz=[1.0, 0.0, 0.0, 0.0] status=0x0000
joint_pos=[9.972000122070312, -20.01599884033203, 10.007999420166016, 10.007999420166016, -19.944000244140625, 10.619999885559082] joint_vel=[-0.27000001072883606, 0.0, 0.0, 0.0, -0.18000000715255737, 0.09000000357627869] imu_ang_vel=[0.0, 0.0, 0.0] imu_quat_wxyz=[1.0, 0.0, 0.0, 0.0] status=0x0000
joint_pos=[9.972000122070312, -20.01599884033203, 10.007999420166016, 10.007999420166016, -19.944000244140625, 10.619999885559082] joint_vel=[-0.0, -0.27000001072883606, 0.0, 0.0, -0.18000000715255737, -0.0] imu_ang_vel=[0.0, 0.0, 0.0] imu_quat_wxyz=[1.0, 0.0, 0.0, 0.0] status=0x0000
joint_pos=[9.972000122070312, -20.01599884033203, 10.007999420166016, 10.007999420166016, -19.944000244140625, 10.619999885559082] joint_vel=[-0.0, 0.0, 0.27000001072883606, 0.0, -0.0, -0.0] imu_ang_vel=[0.0, 0.0, 0.0] imu_quat_wxyz=[1.0, 0.0, 0.0, 0.0] status=0x0000
joint_pos=[9.972000122070312, -20.01599884033203, 10.007999420166016, 10.007999420166016, -19.944000244140625, 10.619999885559082] joint_vel=[-1.2599999904632568, 0.0, 0.0, 0.09000000357627869, -0.18000000715255737, -0.18000000715255737] imu_ang_vel=[0.0, 0.0, 0.0] imu_quat_wxyz=[1.0, 0.0, 0.0, 0.0] status=0x0000
joint_pos=[9.972000122070312, -20.01599884033203, 10.007999420166016, 10.007999420166016, -19.944000244140625, 10.619999885559082] joint_vel=[1.1700000762939453, 0.0, 0.27000001072883606, 0.0, -0.9900000095367432, -0.0] imu_ang_vel=[0.0, 0.0, 0.0] imu_quat_wxyz=[1.0, 0.0, 0.0, 0.0] status=0x0000
joint_pos=[9.972000122070312, -20.01599884033203, 10.007999420166016, 10.007999420166016, -19.944000244140625, 10.619999885559082] joint_vel=[1.7999999523162842, 0.09000000357627869, 0.27000001072883606, 0.0, 0.6299999952316284, -0.09000000357627869] imu_ang_vel=[0.0, 0.0, 0.0] imu_quat_wxyz=[1.0, 0.0, 0.0, 0.0] status=0x0000
joint_pos=[9.972000122070312, -20.01599884033203, 10.007999420166016, 10.007999420166016, -19.944000244140625, 10.619999885559082] joint_vel=[0.09000000357627869, 0.0, -0.09000000357627869, 0.0, -0.09000000357627869, -0.0] imu_ang_vel=[0.0, 0.0, 0.0] imu_quat_wxyz=[1.0, 0.0, 0.0, 0.0] status=0x0000
joint_pos=[9.972000122070312, -20.01599884033203, 10.007999420166016, 10.007999420166016, -19.944000244140625, 10.619999885559082] joint_vel=[-0.36000001430511475, 0.0, 0.0, 0.0, -0.18000000715255737, -0.27000001072883606] imu_ang_vel=[0.0, 0.0, 0.0] imu_quat_wxyz=[1.0, 0.0, 0.0, 0.0] status=0x0000
joint_pos=[9.972000122070312, -20.01599884033203, 10.007999420166016, 10.007999420166016, -19.944000244140625, 10.584000587463379] joint_vel=[0.9900000095367432, 0.0, 0.36000001430511475, 0.0, -0.0, -0.809999942779541] imu_ang_vel=[0.0, 0.0, 0.0] imu_quat_wxyz=[1.0, 0.0, 0.0, 0.0] status=0x0000
joint_pos=[9.972000122070312, -20.01599884033203, 10.007999420166016, 10.007999420166016, -19.944000244140625, 10.584000587463379] joint_vel=[0.18000000715255737, 0.18000000715255737, 0.09000000357627869, 0.0, -0.0, -1.2599999904632568] imu_ang_vel=[0.0, 0.0, 0.0] imu_quat_wxyz=[1.0, 0.0, 0.0, 0.0] status=0x0000
joint_pos=[9.972000122070312, -20.01599884033203, 10.007999420166016, 10.007999420166016, -19.944000244140625, 10.584000587463379] joint_vel=[-0.27000001072883606, 0.0, -0.27000001072883606, 0.0, 0.09000000357627869, -0.18000000715255737] imu_ang_vel=[0.0, 0.0, 0.0] imu_quat_wxyz=[1.0, 0.0, 0.0, 0.0] status=0x0000
joint_pos=[9.972000122070312, -20.01599884033203, 10.007999420166016, 10.007999420166016, -19.944000244140625, 10.584000587463379] joint_vel=[-0.809999942779541, 0.0, 0.09000000357627869, 0.0, 0.09000000357627869, -0.18000000715255737] imu_ang_vel=[0.0, 0.0, 0.0] imu_quat_wxyz=[1.0, 0.0, 0.0, 0.0] status=0x0000
joint_pos=[9.972000122070312, -20.01599884033203, 10.007999420166016, 10.007999420166016, -19.944000244140625, 10.584000587463379] joint_vel=[-0.0, 0.0, 0.09000000357627869, 0.0, 0.18000000715255737, -0.09000000357627869] imu_ang_vel=[0.0, 0.0, 0.0] imu_quat_wxyz=[1.0, 0.0, 0.0, 0.0] status=0x0000
joint_pos=[9.972000122070312, -20.01599884033203, 10.007999420166016, 10.007999420166016, -19.944000244140625, 10.584000587463379] joint_vel=[1.440000057220459, 0.0, 0.0, 0.0, 0.18000000715255737, 0.09000000357627869] imu_ang_vel=[0.0, 0.0, 0.0] imu_quat_wxyz=[1.0, 0.0, 0.0, 0.0] status=0x0000
joint_pos=[9.972000122070312, -20.01599884033203, 10.007999420166016, 10.007999420166016, -19.944000244140625, 10.584000587463379] joint_vel=[1.9800000190734863, 0.0, -0.09000000357627869, 0.0, -0.18000000715255737, -0.0] imu_ang_vel=[0.0, 0.0, 0.0] imu_quat_wxyz=[1.0, 0.0, 0.0, 0.0] status=0x0000
joint_pos=[9.972000122070312, -20.01599884033203, 10.007999420166016, 10.007999420166016, -19.944000244140625, 10.584000587463379] joint_vel=[-1.1700000762939453, 0.0, 0.0, -0.09000000357627869, -0.0, -0.0] imu_ang_vel=[0.0, 0.0, 0.0] imu_quat_wxyz=[1.0, 0.0, 0.0, 0.0] status=0x0000
joint_pos=[9.972000122070312, -20.01599884033203, 10.007999420166016, 10.007999420166016, -19.944000244140625, 10.584000587463379] joint_vel=[1.1700000762939453, 0.09000000357627869, 0.18000000715255737, 0.0, -0.0, 0.18000000715255737] imu_ang_vel=[0.0, 0.0, 0.0] imu_quat_wxyz=[1.0, 0.0, 0.0, 0.0] status=0x0000
joint_pos=[9.972000122070312, -20.01599884033203, 10.007999420166016, 10.007999420166016, -19.944000244140625, 10.584000587463379] joint_vel=[0.8999999761581421, -0.18000000715255737, 0.0, 0.0, -0.0, -0.0] imu_ang_vel=[0.0, 0.0, 0.0] imu_quat_wxyz=[1.0, 0.0, 0.0, 0.0] status=0x0000
