Log file: /home/cx/robot_deploy/log_sim2sim/2026-08-02_23-17-54.txt
Loaded ONNX policy: /home/cx/mjlab-recovered/logs/rsl_rl/custom_biped_velocity_nolinvel/2026-07-30_23-56-50/2026-07-30_23-56-50.onnx
  input=obs[1,65] output=actions[1,6]
  velocity_command=[0.2, 0.0, 0.0]
  startup=move 4s + hold 1s
MuJoCo sim2sim started
  robot=/home/cx/mjlab-recovered/src/mjlab/asset_zoo/robots/custom_biped/mjcf/biped.xml
  physics=200 Hz, policy=50 Hz
  command=[0.2, 0.0, 0.0]
  press R in the viewer to reset; close the viewer or press Ctrl+C to stop
joint_pos=[10.0, -20.0, 10.0, 10.0, -20.0, 10.0] joint_vel=[0.0, 0.0, 0.0, 0.0, 0.0, 0.0] imu_ang_vel=[0.0, 0.0, 0.0] imu_quat_wxyz=[1.0, 0.0, 0.0, 0.0] status=0x0003
ONNX startup: moving from measured joint positions to [10.0, -20.0, 10.0, 10.0, -20.0, 10.0] deg over 4 s.
sim t=    0.02s  x= 0.000m z= 0.521m pitch=-0.04deg action=[0.0, 0.0, 0.0, 0.0, 0.0, 0.0]
joint_pos=[9.945317887629786, -19.99444819064396, 10.208082193334898, 10.104723048812891, -20.265531726986183, 10.117402894391764] joint_vel=[-10.936422474042711, 1.1103618712074967, 41.616438666979825, 20.944609762578356, -53.106345397236716, 23.480578878353004] imu_ang_vel=[0.0, 3.33066907387547e-17, 0.0] imu_quat_wxyz=[1.0, 0.0, 2.1094237467877977e-19, 0.0] status=0x0003
joint_pos=[10.15233257034164, -21.028656419672174, 10.57690959282958, 10.235148099019948, -21.175160480945955, 10.565629043084373] joint_vel=[14.099535541687597, -64.20131962510204, 24.065816222449737, 3.2372841604560585, -45.80473016423441, 29.96795589397464] imu_ang_vel=[0.0, -0.3630650747109388, 0.0] imu_quat_wxyz=[0.9999963267536686, 0.0, -0.0027104389257449012, 0.0] status=0x0003
joint_pos=[10.363179178749078, -22.442811673160218, 11.128498949017121, 10.408352296487578, -22.522457759929196, 11.119661111203255] joint_vel=[10.42216192925677, -77.0825262458827, 30.63987461984462, 9.114669166895757, -74.75103576522817, 30.776192295346327] imu_ang_vel=[0.0, -0.545806104638379, 0.0] imu_quat_wxyz=[0.9999723569817361, 0.0, -0.007435406672894372, 0.0] status=0x0003
joint_pos=[10.567863663065243, -24.188623367198915, 11.835723149603231, 10.59448505388238, -24.23532366005375, 11.829322805089344] joint_vel=[10.077539480814641, -93.22387604156076, 38.02545368757857, 9.333063415776659, -91.9062154911399, 38.13979571087362] imu_ang_vel=[0.0, -0.7205076647329955, 0.0] imu_quat_wxyz=[0.9999021410453429, 0.0, -0.013989579441113956, 0.0] status=0x0003
joint_pos=[10.761540319138268, -26.23950343507254, 12.67582952948677, 10.77738887544023, -26.267253159697706, 12.671513435356708] joint_vel=[9.412013357467169, -107.98344869971612, 44.27481537222935, 8.975011247393798, -107.21845946195802, 44.37310933635366] imu_ang_vel=[0.0, -0.8900245540258324, 0.0] imu_quat_wxyz=[0.9997522992289011, 0.0, -0.022256239271848985, 0.0] status=0x0003
joint_pos=[10.95151338081756, -28.585556266845675, 13.636739889499458, 10.933028081393662, -28.558494879248215, 13.662259648048021] joint_vel=[8.20634386323869, -121.2708853658274, 49.49103270984476, 8.690465708829475, -122.03319988639053, 49.02342808710264] imu_ang_vel=[0.0, -1.0577145707043214, 0.0] imu_quat_wxyz=[0.9994833691344635, 0.0, -0.032140236832074814, 0.0] status=0x0003
joint_pos=[11.08718023487276, -31.144190219258437, 14.731690497560223, 11.105742927260426, -31.172726761327464, 14.71285163299773] joint_vel=[7.681381317676912, -135.1692053249424, 53.583697895651454, 7.247263620962643, -134.44394985104014, 53.903517327489766] imu_ang_vel=[0.0, -1.2210749059214845, 0.0] imu_quat_wxyz=[0.9990459158576067, 0.0, -0.043672165142523, 0.0] status=0x0003
joint_pos=[11.224781736987476, -34.00035485030899, 15.860720606508632, 11.236058658804764, -34.01740954617226, 15.848597721339566] joint_vel=[6.374575374666909, -147.3260102960033, 58.17215830972194, 6.075705683579547, -146.86070282882, 58.466262296196284] imu_ang_vel=[0.0, -1.385287527624906, 0.0] imu_quat_wxyz=[0.9983798869523679, 0.0, -0.056899923804668254, 0.0] status=0x0003
joint_pos=[11.350619450951957, -37.10514821810221, 17.0812670439544, 11.33187454744327, -37.0783259618301, 17.109604864448595] joint_vel=[4.925551488212132, -158.8787822315207, 62.197424756672675, 5.413398128536025, -159.63276042234838, 61.69476485132026] imu_ang_vel=[0.0, -1.5474980232072502, 0.0] imu_quat_wxyz=[0.9974291569432374, 0.0, -0.0716594507340293, 0.0] status=0x0003
joint_pos=[11.420316693720386, -40.401830227098905, 18.42117939656626, 11.435627588381204, -40.42227066761537, 18.39676731303754] joint_vel=[4.176875451823854, -171.35441454528382, 65.12582455830494, 3.8293084358319036, -170.80114020250272, 65.50351031166251] imu_ang_vel=[0.0, -1.7096900006369962, 0.0] imu_quat_wxyz=[0.9961175642789439, 0.0, -0.08803293778458095, 0.0] status=0x0003
joint_pos=[11.484059769391653, -43.96888269319684, 19.767458085229872, 11.49358393045561, -43.98110939452079, 19.75168420560943] joint_vel=[2.5858805014891875, -182.53922753392828, 68.65459478026501, 2.347106969256942, -182.20691481446, 69.0315456666057] imu_ang_vel=[0.0, -1.879907535061667, 0.0] imu_quat_wxyz=[0.9943540410024199, 0.0, -0.10611334101873318, 0.0] status=0x0003
joint_pos=[11.533346725756669, -47.7652959389442, 21.1825624595566, 11.516259674837217, -47.74255003311772, 21.21459837106703] joint_vel=[1.1739115581329946, -193.51931530304637, 71.71020514272098, 1.6096929322422644, -194.14956629988407, 71.1270191302278] imu_ang_vel=[0.0, -2.047976089048153, 0.0] imu_quat_wxyz=[0.992062037979911, 0.0, -0.1257494047665657, 0.0] status=0x0003
joint_pos=[11.533160451405088, -51.73934080039199, 22.654671557707537, 11.543240477419403, -51.747172672016724, 22.624584726576987] joint_vel=[0.3700283683447949, -203.2812245233423, 80.89355743420151, 0.008106929002390437, -202.4520105590931, 80.84987182609349] imu_ang_vel=[0.0, -2.2344633414286132, 0.0] imu_quat_wxyz=[0.9891266910947994, 0.0, -0.14706593406990348, 0.0] status=0x0003
joint_pos=[11.535608329084205, -55.96984198666519, 24.2301853483548, 11.536171653509962, -55.96525917517976, 24.217828962068563] joint_vel=[-0.38092788433910435, -216.82500441419944, 76.68117215084001, 0.06143967244186779, -217.06131137314503, 75.4235478160758] imu_ang_vel=[0.0, -2.3700056329426755, 0.0] imu_quat_wxyz=[0.98547501107859, 0.0, -0.16982050094041287, 0.0] status=0x0003
joint_pos=[11.527750263279502, -60.43931468325808, 25.75811758730201, 11.528744183999287, -60.43619151835909, 25.74949870076748] joint_vel=[-0.5711483520603348, -227.38082605900274, 76.97394245926384, -0.5630332101635286, -227.44492019404032, 77.18594204029071] imu_ang_vel=[0.0, -2.5685035509895116, 0.0] imu_quat_wxyz=[0.9809130048155966, 0.0, -0.1944471058762187, 0.0] status=0x0003
joint_pos=[11.486975682320043, -65.06739393839747, 27.354833178443855, 11.51999413949439, -65.0984190274234, 27.27248403507363] joint_vel=[-4.30287371613329, -231.34842125416918, 95.17038722355069, -0.11661496878878407, -235.47714371443257, 85.3612692603126] imu_ang_vel=[0.0, -2.7403348788659914, 0.0] imu_quat_wxyz=[0.9753529058742479, 0.0, -0.22065064922329258, 0.0] status=0x0003
joint_pos=[11.464582659305988, -69.9756252115959, 28.912590523584047, 11.458516564230615, -69.96356842235937, 28.91966575021649] joint_vel=[-2.3092503759457887, -248.9029728764279, 77.2991967298578, -2.117190083606224, -249.20200209452878, 77.19243001693772] imu_ang_vel=[0.0, -2.958662112170079, 0.0] imu_quat_wxyz=[0.9686548830830641, 0.0, -0.24841038118270198, 0.0] status=0x0003
joint_pos=[11.407818760045878, -75.06290223976443, 30.3973940678617, 11.403611869721335, -75.05224988770244, 30.40138292701458] joint_vel=[-3.2428521755208823, -257.7254616449245, 82.33703267248117, -3.3469864155249422, -257.31728727501, 82.09349237001977] imu_ang_vel=[0.0, -3.1693821349182136, 0.0] imu_quat_wxyz=[0.9605272593225308, 0.0, -0.27818588047984694, 0.0] status=0x0003
joint_pos=[11.333919006276375, -80.34816407865253, 31.991837666609417, 11.33092870404949, -80.33850475712121, 31.994200170841587] joint_vel=[-3.727450483438542, -269.43002510039327, 74.02556532473241, -3.5815309174590313, -269.6333255239219, 73.92429497329574] imu_ang_vel=[0.0, -3.392212516524173, 0.0] imu_quat_wxyz=[0.9508871578298574, 0.0, -0.3095377409529502, 0.0] status=0x0003
joint_pos=[11.230286258963071, -85.81273681001315, 33.47276696885523, 11.25696941013919, -85.82715433987754, 33.39757993059947] joint_vel=[-7.274609547742678, -273.59337758728566, 87.67619920414631, -3.202359197002417, -276.5523475830297, 76.96034984562353] imu_ang_vel=[0.0, -3.626199042907838, 0.0] imu_quat_wxyz=[0.9393365564260092, 0.0, -0.3429968422037247, 0.0] status=0x0003
joint_pos=[11.142209267982015, -91.50464777873431, 34.74443737560868, 11.135371232810442, -91.51125845229926, 34.838936147953675] joint_vel=[-5.574975567379044, -285.69997173016316, 49.961332685119594, -5.207457512560524, -290.115732634284, 65.4258667605266] imu_ang_vel=[0.0, -3.908256783142618, 0.0] imu_quat_wxyz=[0.9257005907531197, 0.0, -0.378257076971899, 0.0] status=0x0003
joint_pos=[11.007456258548602, -97.37171020752324, 36.087984114484215, 11.030334001769083, -97.37541811712848, 36.01915175593472] joint_vel=[-5.82156747322488, -298.34795447571236, 57.054621992844496, -6.119426247641605, -298.04406965940365, 57.97084502021828] imu_ang_vel=[0.0, -4.200292993837112, 0.0] imu_quat_wxyz=[0.9095297904864663, 0.0, -0.41563873762877873, 0.0] status=0x0003
joint_pos=[10.882023093499846, -103.4264697673978, 37.08930885148187, 10.895898452976892, -103.42135116347428, 37.0445146260329] joint_vel=[-5.176653879903061, -306.9565447703057, 48.488796000787936, -8.411741909376609, -304.05244626921046, 56.38535811760497] imu_ang_vel=[0.0, -4.516854778654954, 0.0] imu_quat_wxyz=[0.8903611495303707, 0.0, -0.45525489937721353, 0.0] status=0x0003
joint_pos=[10.76316698234772, -109.66301991269333, 37.88512018900172, 10.73620422173079, -109.63033999068324, 37.9139016860436] joint_vel=[-7.343990640265874, -315.4765673071158, 35.95482159822657, -6.678245771037002, -313.17660609337975, 23.07953717174183] imu_ang_vel=[0.0, -4.900162434845428, 0.0] imu_quat_wxyz=[0.8677797294697441, 0.0, -0.4969490327200746, 0.0] status=0x0003
joint_pos=[10.602027237214763, -116.03781645667789, 38.40835525931597, 10.60758887040154, -116.03194033715118, 38.40169753852468] joint_vel=[-7.3611432084282065, -322.78963494352496, 19.188631124502045, -7.195452487830948, -322.71194763005786, 18.57420578397366] imu_ang_vel=[0.0, -5.312736337174919, 0.0] imu_quat_wxyz=[0.8410528519839633, 0.0, -0.540952955597473, 0.0] status=0x0003
joint_pos=[10.106270974795498, -121.7772700030146, 38.23996370142231, 10.11272533298432, -121.77124101035271, 38.231555965661414] joint_vel=[-76.77240320062224, -169.3126005800638, -61.513815227038485, -76.78826627071602, -169.34301467584086, -61.32979488954974] imu_ang_vel=[0.0, -5.780251042331151, 0.0] imu_quat_wxyz=[0.809448849493822, 0.0, -0.5871903950620513, 0.0] status=0x0003
joint_pos=[7.299813284843038, -121.96751143767528, 35.835894898480525, 7.305782105329272, -121.96188107912408, 35.82901243145914] joint_vel=[-152.4171397584752, 34.15142798850682, -135.63487333204628, -152.43284189305342, 34.14656045905269, -135.6462654146236] imu_ang_vel=[0.0, -4.582946237982721, 0.0] imu_quat_wxyz=[0.779534703808233, 0.0, -0.6263590388575953, 0.0] status=0x0003
joint_pos=[4.469010599312658, -121.12755499386229, 33.04547273221899, 4.47463472840823, -121.12186998224699, 33.03785729186475] joint_vel=[-132.094470591789, 39.56994654278191, -139.6874060065034, -132.1135684252246, 39.5745484812975, -139.72452372546127] imu_ang_vel=[0.0, -4.1327549844187255, 0.0] imu_quat_wxyz=[0.7520604006826141, 0.0, -0.6590941918459803, 0.0] status=0x0003
joint_pos=[2.1568264155521386, -120.53363997251255, 30.267946203662635, 2.1619992808119175, -120.52787107138033, 30.259875429809398] joint_vel=[-106.35601168820997, 23.8673243348023, -138.67439390680954, -106.38049801695402, 23.870851502126285, -138.6877351396433] imu_ang_vel=[0.0, -3.906317670275811, 0.0] imu_quat_wxyz=[0.7252348490951078, 0.0, -0.6885015712821548, 0.0] status=0x0003
joint_pos=[0.28442968547514214, -120.20585291538424, 27.45745262549846, 0.28909270441825613, -120.20030954492128, 27.450448091377016] joint_vel=[-86.82791259954432, 12.600225814283354, -140.73066374518012, -86.8576832451576, 12.603849951920248, -140.7338288925342] imu_ang_vel=[0.0, -3.7819278666160483, 0.0] imu_quat_wxyz=[0.698399998692054, 0.0, -0.7157076510887241, 0.0] status=0x0003
joint_pos=[-1.2649824506562009, -120.03605705596055, 24.557581104221754, -1.260439673782495, -120.030925360104, 24.552598193150743] joint_vel=[-72.49806280027968, 6.71510404553162, -148.27488915802394, -72.27048970414602, 6.24661491942151, -146.2535855232193] imu_ang_vel=[0.0, -3.71942969517174, 0.0] imu_quat_wxyz=[0.6711631589638952, 0.0, -0.7413096613761384, 0.0] status=0x0003
joint_pos=[-2.5682391798158464, -119.9495110587283, 21.529044051869302, -2.5653947533952244, -119.94321414708827, 21.519045343818412] joint_vel=[-61.04060092188899, 3.206735650520341, -154.18882040524417, -61.2908849047549, 3.520828401157932, -155.52752601414525] imu_ang_vel=[0.0, -3.706176371195601, 0.0] imu_quat_wxyz=[0.6432191199662441, 0.0, -0.7656821557995527, 0.0] status=0x0003
joint_pos=[-3.671691082235387, -119.90354036961625, 18.31548850808127, -3.6693991801153087, -119.89622082816902, 18.30225590817523] joint_vel=[-51.864105897870644, 1.9439684379893865, -164.83642984443964, -51.688196593918924, 1.7200349909719255, -163.84713592774025] imu_ang_vel=[0.0, -3.731336009629758, 0.0] imu_quat_wxyz=[0.6143022156463734, 0.0, -0.789070838297777, 0.0] status=0x0003
joint_pos=[-4.6006153709725846, -119.87609478068092, 14.883631078426635, -4.5993348015042885, -119.86956403266498, 14.873035927140707] joint_vel=[-43.28219891567261, 0.9493301231570541, -175.0908502877634, -43.50368021459266, 1.2748743632124664, -176.35069561959662] imu_ang_vel=[0.0, -3.7879245949353897, 0.0] imu_quat_wxyz=[0.5841634617019295, 0.0, -0.8116360329682378, 0.0] status=0x0003
joint_pos=[-5.370634712608252, -119.8571303079811, 11.211879837703206, -5.368676283811995, -119.85279186851506, 11.209564805639094] joint_vel=[-35.6242072067957, 0.8732516303602695, -188.08524113245673, -35.583891126708515, 0.7025791959475851, -187.4701689178905] imu_ang_vel=[0.0, -3.8754251640545587, 0.0] imu_quat_wxyz=[0.5525661064755732, 0.0, -0.8334690743959403, 0.0] status=0x0003
joint_pos=[-5.990455449475538, -119.84271671414827, 7.32626838930895, -5.987866349954773, -119.84064592394748, 7.332214672656841] joint_vel=[-28.25513898832669, 0.6472014740762145, -197.57070952335283, -28.228508672777092, 0.5617643275766042, -197.25466589415174] imu_ang_vel=[0.0, -3.9916804701009396, 0.0] imu_quat_wxyz=[0.5192601462013375, 0.0, -0.8546162299927176, 0.0] status=0x0003
joint_pos=[-6.465692803211709, -119.83106433599129, 3.2933892936790943, -6.4627106714314655, -119.8300986209581, 3.3036196946726792] joint_vel=[-21.067737941445618, 0.5588562238336229, -203.6598512482706, -21.051862229740863, 0.5179040722735215, -203.4930779977385] imu_ang_vel=[0.0, -4.141253367377805, 0.0] imu_quat_wxyz=[0.4839472074612027, 0.0, -0.8750971948249541, 0.0] status=0x0003
joint_pos=[-6.795937140084483, -119.81990409321239, -0.8172814495490446, -6.7927380623165226, -119.81946006848358, -0.8046651803748068] joint_vel=[-13.743687622256934, 0.5668755395690843, -206.19278918283533, -13.735531739444975, 0.5477247838050536, -206.0951121128626] imu_ang_vel=[0.0, -4.32538024647874, 0.0] imu_quat_wxyz=[0.44629792545267044, 0.0, -0.8948844404372235, 0.0] status=0x0003
joint_pos=[-7.701788913488281, -119.51111943250841, -4.6254570100796455, -7.698416108353248, -119.51106167075618, -4.6113508997780945] joint_vel=[-81.75884377744731, 30.014818528901177, -166.70140391277684, -81.747229368975, 29.990917975151913, -166.63943407131467] imu_ang_vel=[0.0, -2.014669619409697, 0.0] imu_quat_wxyz=[0.4117273630828713, 0.0, -0.9113070714577087, 0.0] status=0x0003
joint_pos=[-9.402018745924464, -118.90206940074327, -7.275157582743438, -9.398411089585494, -118.90245737535876, -7.2601077965508125] joint_vel=[-87.21354607719358, 30.777044322449225, -114.0630007934044, -87.20173099618773, 30.755599750142412, -114.02377136516087] imu_ang_vel=[0.0, -1.725148084647671, 0.0] imu_quat_wxyz=[0.39484497412348873, 0.0, -0.9187477599479748, 0.0] status=0x0003
joint_pos=[-11.235216087845542, -118.27312709524593, -9.06016237953475, -11.231369677642599, -118.27392310915586, -9.044541937450568] joint_vel=[-94.49932810983009, 31.891021618899295, -75.89556011206734, -94.4873150249655, 31.8711503691845, -75.87277848627922] imu_ang_vel=[0.0, -1.412672206537428, 0.0] imu_quat_wxyz=[0.3807496513396876, 0.0, -0.924678161851304, 0.0] status=0x0003
joint_pos=[-13.226612798026261, -117.61711890173306, -10.218503476897112, -13.222523477145344, -117.61830000413183, -10.202581838175215] joint_vel=[-102.6554485454183, 33.40696684244676, -48.243172868199494, -102.64322216037786, 33.38801256829884, -48.232260641410996] imu_ang_vel=[0.0, -1.1039405851722395, 0.0] imu_quat_wxyz=[0.36944263276690187, 0.0, -0.9292535397265163, 0.0] status=0x0003
joint_pos=[-15.091184762861845, -116.93950964481311, -10.43712014431446, -15.088631531596027, -116.93971807406602, -10.422534652055536] joint_vel=[-79.66043077773509, 32.19400287864954, 22.002825026987438, -79.81752069650999, 32.30511330852966, 21.876642412231952] imu_ang_vel=[0.0, -0.986631184448591, 0.0] imu_quat_wxyz=[0.3605298245732283, 0.0, -0.9327476859221883, 0.0] status=0x0003
joint_pos=[-16.64035199307446, -116.38686700734068, -9.704734901344189, -16.64028099770017, -116.38543287585114, -9.691705289969976] joint_vel=[-76.34550110218646, 25.23871455697245, 44.63320225422267, -76.45286034210172, 25.306701486263876, 44.57931619607051] imu_ang_vel=[0.0, -0.8857864062086925, 0.0] imu_quat_wxyz=[0.35192046977472774, 0.0, -0.9360299049461694, 0.0] status=0x0003
joint_pos=[-18.140363482633635, -115.94535249988097, -8.587020804800872, -18.142021141032192, -115.94289137804124, -8.574517275470638] joint_vel=[-74.33007788893683, 20.399335991292137, 62.08264524037815, -74.40566527215123, 20.442340538588674, 62.069971587500284] imu_ang_vel=[0.0, -0.8095893478417038, 0.0] imu_quat_wxyz=[0.34407858858922774, 0.0, -0.9389408527028978, 0.0] status=0x0003
joint_pos=[-19.61261989003671, -115.58032398405193, -7.170191023630899, -19.615517338279858, -115.57719770682517, -7.157632999590112] joint_vel=[-73.29131287313648, 17.13707379021812, 75.68419736221148, -73.3462488080175, 17.165484845076122, 75.69442489588869] imu_ang_vel=[0.0, -0.7525464603496552, 0.0] imu_quat_wxyz=[0.3368139573972734, 0.0, -0.9415712177538074, 0.0] status=0x0003
joint_pos=[-21.0689509788241, -115.26604438824032, -5.51787562458035, -21.078589518811818, -115.26067524372303, -5.505527172606996] joint_vel=[-72.44476893733629, 14.999055414797137, 86.35913105544368, -73.13233001264274, 15.164743388091095, 86.44410427333585] imu_ang_vel=[0.0, -0.7114660644650403, 0.0] imu_quat_wxyz=[0.32997423615696736, 0.0, -0.94398993822637, 0.0] status=0x0003
joint_pos=[-22.045863558253217, -115.1208975579716, -4.679389531035699, -22.056003730420922, -115.11472632269626, -4.673888806723738] joint_vel=[-33.92832152736864, 2.2284653818334546, 12.662732411277982, -33.733242042912295, 2.247997466184428, 12.181862813565257] imu_ang_vel=[0.0, -0.8047800002287279, 0.0] imu_quat_wxyz=[0.3229555696563646, 0.0, -0.946414127128253, 0.0] status=0x0003
joint_pos=[-22.608619473406286, -114.83614729590141, -4.734836487629403, -22.615904650550984, -114.82962535026395, -4.736387414471024] joint_vel=[-27.21959609446963, 16.158082733690975, -12.375913723907612, -27.10152639163751, 16.1715374068643, -12.666845080338168] imu_ang_vel=[0.0, -0.4538091760048263, 0.0] imu_quat_wxyz=[0.31751200922645567, 0.0, -0.9482542507138996, 0.0] status=0x0003
joint_pos=[-23.116287880669613, -114.4660632432317, -5.252975702203903, -23.1218026651834, -114.45935488516177, -5.258864282607581] joint_vel=[-24.21368829062459, 19.716962726946722, -33.35609563178294, -24.140231841508758, 19.724237324595006, -33.53544724643813] imu_ang_vel=[0.0, -0.33225709294831424, 0.0] imu_quat_wxyz=[0.3139317971083123, 0.0, -0.9494455364918756, 0.0] status=0x0003
sim t=    1.02s  x=-0.206m z= 0.109m pitch=-143.76deg action=[0.0, 0.0, 0.0, 0.0, 0.0, 0.0]
joint_pos=[-23.558644504480736, -114.04209892016182, -6.130531882796762, -23.563059720577975, -114.0352907887534, -6.139103440868122] joint_vel=[-20.830782324075034, 21.94729894604572, -49.69437834903162, -20.785309728853733, 21.95118695341097, -49.80556335981488] imu_ang_vel=[0.0, -0.2170647735534195, 0.0] imu_quat_wxyz=[0.3114641425589387, 0.0, -0.950257905991855, 0.0] status=0x0003
joint_pos=[-23.974172549662928, -113.77744744207787, -6.314474702735308, -23.981108092967947, -113.76868485575098, -6.313267271436833] joint_vel=[-25.587008579315313, 11.857454075191633, 4.42737615604531, -25.826109168827678, 11.996100320176314, 5.013322807600015] imu_ang_vel=[0.0, -0.3201320925955452, 0.0] imu_quat_wxyz=[0.3088849569436785, 0.0, -0.9510994077245037, 0.0] status=0x0003
joint_pos=[-24.36199645695933, -113.53830483259665, -6.51969519913945, -24.36670964490015, -113.53020303334002, -6.520272313450266] joint_vel=[-19.035157720222305, 11.987466046460987, -10.76606701398744, -18.94758686826892, 11.974339826687807, -10.891510447232243] imu_ang_vel=[0.0, -0.29717929357378825, 0.0] imu_quat_wxyz=[0.30591607802985543, 0.0, -0.9520584820287205, 0.0] status=0x0003
joint_pos=[-24.739614282310512, -113.30170638332936, -6.727592542090092, -24.742993911496267, -113.29380563602673, -6.730067722947931] joint_vel=[-18.814425119424914, 11.75565689967967, -10.207132487380264, -18.758501571034596, 11.747206070635315, -10.286485872938512] imu_ang_vel=[0.0, -0.2919169570613329, 0.0] imu_quat_wxyz=[0.30312029657836115, 0.0, -0.952952299856738, 0.0] status=0x0003
joint_pos=[-25.115258861786145, -113.06779147579203, -6.9276618736449125, -25.117786652171105, -113.06001856977467, -6.931345607300075] joint_vel=[-18.785339292426055, 11.67745428802955, -9.909832076558642, -18.749628418068774, 11.67214021292952, -9.960564246974096] imu_ang_vel=[0.0, -0.29037573380613135, 0.0] imu_quat_wxyz=[0.3003487755702679, 0.0, -0.9538294465015436, 0.0] status=0x0003
joint_pos=[-25.492471395644525, -112.8337882890335, -7.124347973299891, -25.494456415424764, -112.82609421819497, -7.128807507536501] joint_vel=[-18.925774575632264, 11.72855184169367, -9.810234839743124, -18.90307007482377, 11.725326767191182, -9.842878676169333] imu_ang_vel=[0.0, -0.29184332962596826, 0.0] imu_quat_wxyz=[0.29757115327856876, 0.0, -0.9546996432053709, 0.0] status=0x0003
joint_pos=[-25.87440543546448, -112.59737305853561, -7.320969468644562, -25.87604720678256, -112.58972528140397, -7.32592948479892] joint_vel=[-19.217026017481174, 11.888643610140786, -9.859898808959079, -19.2027345005515, 11.88680430067507, -9.880991007997356] imu_ang_vel=[0.0, -0.29592526785709355, 0.0] imu_quat_wxyz=[0.2947611067263225, 0.0, -0.9555709758890093, 0.0] status=0x0003
joint_pos=[-26.263868169652557, -112.35656686754797, -7.520082202462374, -26.265296060738883, -112.3489437787411, -7.5253662159838] joint_vel=[-19.64267891584654, 12.142171779543755, -10.026047933943037, -19.633850867080326, 12.141253764594623, -10.039719686455506] imu_ang_vel=[0.0, -0.30230102386794483, 0.0] imu_quat_wxyz=[0.29189554152309316, 0.0, -0.956450204056092, 0.0] status=0x0003
joint_pos=[-26.66337067443803, -112.1096545276794, -7.7237231449765105, -26.664668885931672, -112.10204170398235, -7.72921756477942] joint_vel=[-20.18890128995834, 12.477257713075407, -10.286323714960023, -20.18363483280858, 12.476956966023947, -10.295214488390974] imu_ang_vel=[0.0, -0.3107146835764593, 0.0] imu_quat_wxyz=[0.2889539537139258, 0.0, -0.9573429963357388, 0.0] status=0x0003
joint_pos=[-27.075179185259106, -111.85512137985455, -7.933574730519559, -27.076402750874742, -111.84750908115043, -7.939206317429029] joint_vel=[-20.844385350298126, 12.884899534025509, -10.625446249714475, -20.84145137534857, 12.885018307343332, -10.631253671650851] imu_ang_vel=[0.0, -0.32096563652610666, 0.0] imu_quat_wxyz=[0.2859178770862799, 0.0, -0.9582541247302173, 0.0] status=0x0003
joint_pos=[-27.50136312158806, -111.59160360847879, -8.151077804353422, -27.50254821342458, -111.58398512993803, -8.15679934030755] joint_vel=[-21.60013977305469, 13.35836499417106, -11.033037532016126, -21.598743213970227, 13.358775444667991, -11.03685802536522] imu_ang_vel=[0.0, -0.33290011305677736, 0.0] imu_quat_wxyz=[0.2827704114277686, 0.0, -0.959187622116221, 0.0] status=0x0003
joint_pos=[-27.943838203840006, -111.31784882942416, -8.37751070440603, -27.945008793136644, -111.3102194200365, -8.383291805990496] joint_vel=[-22.449229943511668, 13.892728478359757, -11.502177488624522, -22.448856578853114, 13.89334859030146, -11.504721134642072] imu_ang_vel=[0.0, -0.34640383910677897, 0.0] imu_quat_wxyz=[0.2794958225187838, 0.0, -0.9601469081315361, 0.0] status=0x0003
joint_pos=[-28.404404268120597, -111.03268454650564, -8.614045696135191, -28.405576440187623, -111.02504070061661, -8.61986689618012] joint_vel=[-23.386513639108973, 14.484515446378229, -12.028433429357365, -23.38683131334545, 14.485293218553666, -12.03016104142487] imu_ang_vel=[0.0, -0.3613958252473395, 0.0] imu_quat_wxyz=[0.27607920352517296, 0.0, -0.9611348882341677, 0.0] status=0x0003
joint_pos=[-28.88477799677162, -110.73499267361493, -8.861790086173851, -28.885962750586845, -110.72733166672724, -8.86763900962372] joint_vel=[-24.40839470325196, 15.131427687530019, -12.609200699545436, -24.409189449313935, 15.132330795690851, -12.610411898345218] imu_ang_vel=[0.0, -0.37782320437634637, 0.0] imu_quat_wxyz=[0.27250618782539743, 0.0, -0.9621540300787963, 0.0] status=0x0003
joint_pos=[-29.386621058695578, -110.42368875948856, -9.121816869972918, -29.3878261254647, -110.41600834344294, -9.127685759254978] joint_vel=[-25.512604295746996, 15.832129873104536, -13.243250675278745, -25.51373895307325, 15.833138932907442, -13.244140738499844] imu_ang_vel=[0.0, -0.3956569969764071, 0.0] imu_quat_wxyz=[0.2687627042575291, 0.0, -0.9632064206597566, 0.0] status=0x0003
joint_pos=[-29.911564253172685, -110.09770487645964, -9.395188170990611, -29.91279527891542, -110.09000307832488, -9.401072284035655] joint_vel=[-26.69801249521157, 16.586082953970386, -13.930418517327615, -26.69939987303948, 16.58718714167152, -13.93111518148298] imu_ang_vel=[0.0, -0.41488867715476196, 0.0] imu_quat_wxyz=[0.26483476689853014, 0.0, -0.9642938070120544, 0.0] status=0x0003
joint_pos=[-30.461228258877828, -109.75597537633341, -9.68297368155803, -30.462489574436038, -109.7482503646043, -9.688870255406814] joint_vel=[-27.96446952750504, 17.39341358303737, -14.671386165751391, -27.966054991998725, 17.394607796591856, -14.671973495289059] imu_ang_vel=[0.0, -0.4355274202579022, 0.0] imu_quat_wxyz=[0.2607082926063087, 0.0, -0.9654176226723352, 0.0] status=0x0003
joint_pos=[-31.037241552207696, -109.39742489879136, -9.98626562136764, -31.038536675532942, -109.38967489312962, -9.992173202904322] joint_vel=[-29.31267421388188, 18.25481136849586, -15.467530951537437, -29.314424389016132, 18.256094393986036, -15.468064840238473] imu_ang_vel=[0.0, -0.4575979258223737, 0.0] imu_quat_wxyz=[0.25636894058258447, 0.0, -0.9665790015847454, 0.0] status=0x0003
joint_pos=[-31.641256001338004, -109.02095815677508, -10.306191264997759, -31.64258796608587, -109.01318136578553, -10.31210928025627] joint_vel=[-30.744066558642064, 19.171447675671164, -16.320819925880983, -30.74596199680166, 19.17282100974753, -16.321338174407636] imu_ang_vel=[0.0, -0.4811387241471201, 0.0] imu_quat_wxyz=[0.25180196912091685, 0.0, -0.9677787806863865, 0.0] status=0x0003
joint_pos=[-32.274960578627365, -108.62545113076985, -10.643923776058836, -32.27633215013393, -108.61764570768877, -10.649852254721548] joint_vel=[-32.26074126870046, 20.144911095168954, -17.23373641010306, -32.262771700393955, 20.14637819591232, -17.234265284389984] imu_ang_vel=[0.0, -0.5062008889955035, 0.0] imu_quat_wxyz=[0.24699210548399203, 0.0, -0.9690174920137328, 0.0] status=0x0003
joint_pos=[-32.94009357148653, -108.20974338820571, -11.000691871351798, -32.941507389818106, -108.20190739788329, -11.006631272326521] joint_vel=[-33.86537915388363, 21.177155723441167, -18.209229512885962, -33.86754041384426, 21.178721541562442, -18.209788018370336] imu_ang_vel=[0.0, -0.5328470920164087, 0.0] imu_quat_wxyz=[0.24192342551429083, 0.0, -0.9702953448241578, 0.0] status=0x0003
joint_pos=[-33.63845361429059, -107.77263131146799, -11.377788690496415, -33.63991229017207, -107.76476270430537, -11.383739793449891] joint_vel=[-35.56119364546544, 22.27045915678121, -19.25068019010517, -35.56348568886376, 22.272129850933343, -19.251282863605525] imu_ang_vel=[0.0, -0.5611509461040697, 0.0] imu_quat_wxyz=[0.23657924013496592, 0.0, -0.9716121979149717, 0.0] status=0x0003
joint_pos=[-34.37190981282981, -107.31286207283864, -11.776580142839324, -34.3734159932376, -107.30495866282028, -11.782543982902338] joint_vel=[-37.35189000609168, 23.427387649495806, -20.361879315877047, -37.35431563402686, 23.429170423260526, -20.362538056125516] imu_ang_vel=[0.0, -0.5911965950633169, 0.0] imu_quat_wxyz=[0.23094198635732965, 0.0, -0.9729675220362347, 0.0] status=0x0003
joint_pos=[-35.142411188471954, -106.82912824055698, -12.198512929492837, -35.143967602818584, -106.82118768547762, -12.204490760370456] joint_vel=[-39.24163513944149, 24.650766279087975, -21.547014503828823, -39.244199186335166, 24.652669299188478, -21.54773977932456] imu_ang_vel=[0.0, -0.623078515721231, 0.0] imu_quat_wxyz=[0.2249931207920624, 0.0, -0.9743603520239565, 0.0] status=0x0003
joint_pos=[-35.95199563130538, -106.32006293981605, -12.645122384312398, -35.95360512533792, -106.3120827224224, -12.651115660245546] joint_vel=[-41.235036218241916, 25.943652228507204, -22.810663269006547, -41.23774504050917, 25.94568459811406, -22.81146492335381] imu_ang_vel=[0.0, -0.6569015062046569, 0.0] imu_quat_wxyz=[0.21871301397637952, 0.0, -0.9757892280187193, 0.0] status=0x0003
joint_pos=[-36.80279851939051, -105.78423552810705, -13.118040236872984, -36.80446408145496, -105.77621293727424, -13.124050607285797] joint_vel=[-43.33712662327035, 27.3093094599057, -24.157790687045114, -43.33998778501111, 27.311481230200158, -24.158678484874454] imu_ang_vel=[0.0, -0.6927808406935585, 0.0] imu_quat_wxyz=[0.2120808440910015, 0.0, -0.9772521248734373, 0.0] status=0x0003
joint_pos=[-37.69706113408676, -105.2201477777615, -13.619002368504049, -37.69878591680843, -105.21207988908158, -13.625031681372752] joint_vel=[-45.55335791981545, 28.75118312975637, -25.5937500760563, -45.556380007960065, 28.75350533896653, -25.594734082440663] imu_ang_vel=[0.0, -0.7308425767796198, 0.0] imu_quat_wxyz=[0.20507448885944768, 0.0, -0.9787463685853636, 0.0] status=0x0003
joint_pos=[-38.637138978437314, -104.62623059149443, -14.14985660599748, -38.638926317829494, -104.61811424681844, -14.155906917404154] joint_vel=[-47.88959679208894, 30.27287208917273, -27.124285455553412, -47.89278931722863, 30.27535682218425, -27.125376309138158] imu_ang_vel=[0.0, -0.7712240068303716, 0.0] imu_quat_wxyz=[0.19767041460723594, 0.0, -0.9802685383041748, 0.0] status=0x0003
joint_pos=[-39.62551008601443, -104.00084131081901, -14.712570574405953, -39.6273635193567, -103.99267309639917, -14.718644162663942] joint_vel=[-50.352126012423184, 31.878097727770218, -28.755534662967285, -50.355499367071246, 31.88075819192252, -28.756743781669435] imu_ang_vel=[0.0, -0.8140742497074714, 0.0] imu_quat_wxyz=[0.18984356161798435, 0.0, -0.9818143521624638, 0.0] status=0x0003
joint_pos=[-40.66478339074171, -103.34226171400198, -15.309239608660459, -40.66670667413645, -103.33403793694724, -15.315338991990807] joint_vel=[-52.947648644112476, 33.570667251435594, -30.494032055536366, -52.951214100205924, 33.57351786567688, -30.49537179964185] imu_ang_vel=[0.0, -0.8595549840530857, 0.0] imu_quat_wxyz=[0.1815672250640648, 0.0, -0.9833785348392221, 0.0] status=0x0003
joint_pos=[-41.75770721337002, -102.6486968415048, -15.94209470216695, -41.759704339607666, -102.64041350430801, -15.948222659279743] joint_vel=[-55.683294767813145, 35.35442922565955, -32.34670970788075, -55.687064501754996, 35.357485721138964, -32.34819351607616] imu_ang_vel=[0.0, -0.9078413294021446, 0.0] imu_quat_wxyz=[0.17281293091709438, 0.0, -0.9849546643921453, 0.0] status=0x0003
joint_pos=[-42.90717790691708, -101.91827483458786, -16.613510447900282, -42.90925312410223, -101.90992760751422, -16.61967004106318] joint_vel=[-58.566630084959385, 37.233218852645216, -34.320895940872056, -58.570617222717125, 37.236498383278736, -34.32253844844316] imu_ang_vel=[0.0, -0.959122886902298, 0.0] imu_quat_wxyz=[0.16355030636282145, 0.0, -0.9865349954708283, 0.0] status=0x0003
joint_pos=[-44.11624869097595, -101.14904802928804, -17.32601290269243, -44.118406522251654, -101.14063222044265, -17.332207502995654] joint_vel=[-61.60566579089247, 39.21078996128294, -36.42430988780048, -61.60988446831144, 39.21431122290062, -36.42612703180801] imu_ang_vel=[0.0, -1.0136049577904596, 0.0] imu_quat_wxyz=[0.153746944359386, 0.0, -0.9881102555383948, 0.0] status=0x0003
joint_pos=[-45.388138692908555, -100.33899561618288, -18.082287277291773, -45.390383957540934, -100.3305061391057, -18.088520591872452] joint_vel=[-64.80886912851813, 41.29073004457583, -38.66505061722784, -64.81333456362681, 41.294513400999946, -38.66705973014714] imu_ang_vel=[0.0, -1.0715099654392257, 0.0] imu_quat_wxyz=[0.14336826208956419, 0.0, -0.9896694101695869, 0.0] status=0x0003
joint_pos=[-46.726242202182796, -99.48602825983198, -18.885185322139215, -46.728580038215654, -99.47745959850891, -18.89146142312179] joint_vel=[-68.18517403334121, 43.47635383786785, -41.0515790818755, -68.18990260830397, 43.48042145164605, -41.05379897237759] imu_ang_vel=[0.0, -1.1330791163329919, 0.0] imu_quat_wxyz=[0.13237735316679317, 0.0, -0.9911993928410944, 0.0] status=0x0003
joint_pos=[-48.13413813216391, -98.58799517515612, -19.737732240262908, -48.13657402081089, -98.5793413463924, -19.744055595113508] joint_vel=[-71.74399126584272, 45.770569836225825, -43.59269083819763, -71.74900061653987, 45.77494580071146, -43.59514185513121] imu_ang_vel=[0.0, -1.1985743475323187, 0.0] imu_quat_wxyz=[0.12073483355946427, 0.0, -0.9926847938622655, 0.0] status=0x0003
joint_pos=[-49.61559967127349, -97.64269428729715, -20.643132912539574, -49.61813946317338, -97.6339488004841, -20.649508415418357] joint_vel=[-75.49521740062181, 48.1757127217533, -46.297477064654274, -75.50052651164934, 48.18042318963355, -46.30018113745191] imu_ang_vel=[0.0, -1.268280624064737, 0.0] imu_quat_wxyz=[0.10839868129292587, 0.0, -0.9941075021817081, 0.0] status=0x0003
joint_pos=[-51.17460409239168, -96.64788626466056, -21.604777164662718, -51.17725403580112, -96.63904207909302, -21.61121016818163] joint_vel=[-79.44924200672256, 50.69333280201528, -49.175270872551536, -79.45487130896723, 50.69840610308152, -49.17825151791415] imu_ang_vel=[0.0, -1.3425086706284197, 0.0] imu_quat_wxyz=[0.09532407006414952, 0.0, -0.9954462927081527, 0.0] status=0x0003
joint_pos=[-52.81536532051209, -95.60109891043517, -22.62716117959761, -52.81813081905787, -95.59214977841758, -22.633653947457677] joint_vel=[-83.62148130256087, 53.366833519524775, -52.41906379408787, -83.6271982931127, 53.37202267757907, -52.421630338697184] imu_ang_vel=[0.0, -1.4215982498979804, 0.0] imu_quat_wxyz=[0.08146319694441154, 0.0, -0.9966763504486278, 0.0] status=0x0003
joint_pos=[-54.54214638455868, -94.5012275053763, -23.709335079692526, -54.5450279971042, -94.4921767644307, -23.71585960316943] joint_vel=[-88.00244739320985, 55.968388699339656, -55.090446993909225, -88.00816581148773, 55.9732476003914, -55.091054514072326] imu_ang_vel=[0.0, -1.5066086385354152, 0.0] imu_quat_wxyz=[0.06676548994077802, 0.0, -0.997768695316188, 0.0] status=0x0003
joint_pos=[-56.35992357343484, -93.35155034398848, -24.832657808942717, -56.36291835991014, -93.34240815339422, -24.83916609087553] joint_vel=[-92.66047883332244, 58.364484276222235, -56.65801906543319, -92.66611391579181, 58.36890738299252, -56.656423696837216] imu_ang_vel=[0.0, -1.604391044891397, 0.0] imu_quat_wxyz=[0.051127087651405924, 0.0, -0.9986921552251652, 0.0] status=0x0003
joint_pos=[-58.27522423620577, -92.15650814108051, -25.97301134591611, -58.2783317026448, -92.14728119505756, -25.979465359187902] joint_vel=[-97.67755876414994, 60.56353443851519, -57.10582547642274, -97.68320310524541, 60.5676777523762, -57.10248911407778] imu_ang_vel=[0.0, -1.7175859107506055, 0.0] imu_quat_wxyz=[0.03440389884743946, 0.0, -0.9994080106463502, 0.0] status=0x0003
joint_pos=[-60.296183746672234, -90.91944043793205, -27.110266547665994, -60.29940514457979, -90.91013282838944, -27.116635680787905] joint_vel=[-103.12888153582152, 62.60975742616468, -56.606982844319624, -103.13461962055658, 62.6137369149756, -56.602227496276974] imu_ang_vel=[0.0, -1.8479127755359708, 0.0] imu_quat_wxyz=[0.016433663637904147, 0.0, -0.9998649582315785, 0.0] status=0x0003
joint_pos=[-60.67968923708894, -90.57144251991132, -27.910251687433714, -60.68187045141038, -90.56275867113074, -27.9165445325905] joint_vel=[2.6996210010934414, 3.6331922883154206, -30.740473930573753, 2.760678587135109, 3.5968672316356147, -30.736618902784468] imu_ang_vel=[0.0, -0.6033507347057484, 0.0] imu_quat_wxyz=[0.005044606450949188, 0.0, -0.999987275891926, 0.0] status=0x0003
joint_pos=[-60.51431716439502, -90.638062334679, -28.270644366466552, -60.515501204802234, -90.6299627817923, -28.276848130767313] joint_vel=[8.58710266413745, -5.934690981688746, -11.169387167074344, 8.628511618274315, -5.958848096861229, -11.164560743534304] imu_ang_vel=[0.0, -0.2060921891995907, 0.0] imu_quat_wxyz=[0.0018797100316060062, 0.0, -0.999998233343538, 0.0] status=0x0003
joint_pos=[-60.382337076251844, -90.81293104946582, -28.31942383602936, -60.38294249004632, -90.80518048499887, -28.32552100395805] joint_vel=[5.344338622654131, -10.28711407082899, 1.7802830919144519, 5.366828786621859, -10.301338162330401, 1.7858694546446463] imu_ang_vel=[0.0, -0.010599007649762427, 0.0] imu_quat_wxyz=[0.0010646962581813857, 0.0, -0.9999994332107783, 0.0] status=0x0003
joint_pos=[-60.30847720642555, -91.06773226871232, -28.176462099690408, -60.308780756072224, -91.0602054650397, -28.1824417733869] joint_vel=[2.8645066279298033, -14.183264119711154, 10.0016015368318, 2.876010660628378, -14.193196320404457, 10.007613032226173] imu_ang_vel=[0.0, 0.18450672940557086, -0.0] imu_quat_wxyz=[0.002165839034684441, 0.0, -0.9999976545678874, 0.0] status=0x0003
joint_pos=[-60.26975298481391, -91.39583149825299, -27.901692665262374, -60.26990413798629, -91.3884878874052, -27.90754946450036] joint_vel=[1.4881769807660696, -17.660234262601495, 15.717206028565258, 1.4939451319080377, -17.669214791795635, 15.723405643407817] imu_ang_vel=[0.0, 0.3960043975576256, -0.0] imu_quat_wxyz=[0.005320290059275186, 0.0, -0.9999858471566911, 0.0] status=0x0003
joint_pos=[-60.18138419852345, -91.74507946969837, -27.220222216740016, -60.1863756880184, -91.73420410538347, -27.221552914292012] joint_vel=[5.211570528747814, -15.509415312150411, 52.32314304321675, 4.875374302382851, -15.403498902732906, 52.68057418339111] imu_ang_vel=[0.0, 0.24287382849874045, -0.0] imu_quat_wxyz=[0.009735558462755188, 0.0, -0.9999526083277238, 0.0] status=0x0003
joint_pos=[-60.114279034614064, -91.97450367505742, -26.436680809490245, -60.12155090164032, -91.96263013590331, -26.444519168471516] joint_vel=[3.0923532949162538, -6.327895325729194, 18.697091048489256, 3.07992538389998, -6.211576476929606, 18.26426966993239] imu_ang_vel=[0.0, 0.001556572680840571, -0.0] imu_quat_wxyz=[0.010664894237774475, 0.0, -0.999943128398259, 0.0] status=0x0003
sim t=    2.02s  x=-0.268m z= 0.086m pitch=-178.99deg action=[0.0, 0.0, 0.0, 0.0, 0.0, 0.0]
joint_pos=[-60.206719914202544, -91.96253260391553, -26.316560440068574, -60.21295081662812, -91.95069809289583, -26.326169778406406] joint_vel=[-3.1952223635390693, 0.8641632067675618, 2.833980639124425, -3.016241068235433, 0.667683623495136, 3.2758863659032627] imu_ang_vel=[0.0, -0.1662891037429943, 0.0] imu_quat_wxyz=[0.009140201896349419, 0.0, -0.9999582274821753, 0.0] status=0x0003
joint_pos=[-60.22002181244038, -91.95144039655601, -26.32896454918727, -60.223247244784886, -91.9433365624676, -26.32939466739168] joint_vel=[0.06085202501059051, 0.8019291355294869, -2.932204697771684, 0.18263722800367452, 0.6488326819583428, -2.555932569433299] imu_ang_vel=[0.0, -0.0194692569179672, 0.0] imu_quat_wxyz=[0.008523691381013554, 0.0, -0.9999636726827836, 0.0] status=0x0003
joint_pos=[-60.21425331922724, -91.91594597127869, -26.47165122727927, -60.21578902543176, -91.90990903547556, -26.467067782621143] joint_vel=[0.317949776342124, 2.396060407990484, -9.603905996555556, 0.3839067358305421, 2.3175006322309444, -9.415949707493139] imu_ang_vel=[0.0, 0.0352314493065383, -0.0] imu_quat_wxyz=[0.008698407153256744, 0.0, -0.9999621681408734, 0.0] status=0x0003
joint_pos=[-60.209213044475945, -91.84804257661062, -26.739138582954606, -60.20980972086256, -91.84308157093615, -26.73202869226152] joint_vel=[0.20311260840743048, 3.9675693416287916, -15.518115578620462, 0.24022098252876822, 3.926524799083863, -15.423244550852674] imu_ang_vel=[0.0, 0.07022098321659144, -0.0] imu_quat_wxyz=[0.009277273055268704, 0.0, -0.9999569651763309, 0.0] status=0x0003
joint_pos=[-60.20619539108519, -91.8051503563193, -26.870746681383494, -60.20708574877745, -91.80048092079606, -26.864160889164143] joint_vel=[0.033093336606897936, 0.33206208722941366, -0.5736612681982672, 0.0034517027247929163, 0.37670787240115094, -0.7636541477431726] imu_ang_vel=[0.0, 0.0034671994018445713, -0.0] imu_quat_wxyz=[0.00971634611335274, 0.0, -0.999952795194956, 0.0] status=0x0003
joint_pos=[-60.20582842644075, -91.80202333325052, -26.873945222536847, -60.207189899413, -91.79643551923543, -26.870851631113506] joint_vel=[0.01667352923289071, 0.1413448578958086, -0.11566291726198286, -0.00435003779887324, 0.18478470771206715, -0.2802457490100443] imu_ang_vel=[0.0, 0.0004380109465399249, -0.0] imu_quat_wxyz=[0.009722684095998491, 0.0, -0.999952733589928, 0.0] status=0x0003
joint_pos=[-60.20558223529583, -91.79920080337625, -26.87608605143728, -60.20724638287583, -91.79300393733789, -26.875494542623496] joint_vel=[0.009850134490793841, 0.14124751767131555, -0.10295336206865317, -0.0021926159087063187, 0.16485558023812266, -0.20734900478850035] imu_ang_vel=[0.0, 0.0006462366865376968, -0.0] imu_quat_wxyz=[0.009728458799964873, 0.0, -0.9999526774249756, 0.0] status=0x0003
joint_pos=[-60.20544753023955, -91.79637279405031, -26.87804252409288, -60.20727628596092, -91.78987371722765, -26.879020668714496] joint_vel=[0.00515511761828518, 0.1414442740761826, -0.09511804628672198, -0.001120737944747316, 0.15218379448010255, -0.16019475527408197] imu_ang_vel=[0.0, 0.000771871945219323, -0.0] imu_quat_wxyz=[0.00973574670917171, 0.0, -0.9999526064949352, 0.0] status=0x0003
joint_pos=[-60.205381589905286, -91.79354515756563, -26.87987418047825, -60.20728800516409, -91.78693892388394, -26.881819333981586] joint_vel=[0.002369954290509125, 0.14131406902187682, -0.08970767836334206, -0.00028893725019964384, 0.1439116262455053, -0.12940898023446953] imu_ang_vel=[0.0, 0.0008572094247251238, -0.0] imu_quat_wxyz=[0.009744022985854833, 0.0, -0.9999525258811296, 0.0] status=0x0003
joint_pos=[-60.205355731194906, -91.79072234522417, -26.88161927618456, -60.20728550073654, -91.78413167471228, -26.88414284979046] joint_vel=[0.0007566816684639163, 0.1410259499740876, -0.08595522567777, 0.0003494009541641969, 0.13852381692887733, -0.10930534968403334] imu_ang_vel=[0.0, 0.0009160516730831365, -0.0] imu_quat_wxyz=[0.009752979670243737, 0.0, -0.9999524385627307, 0.0] status=0x0003
joint_pos=[-60.20535304713234, -91.78790593512281, -26.883304474251183, -60.20727257609804, -91.78140702729713, -26.886156399994224] joint_vel=[-0.00017565517966340385, 0.14069640005095835, -0.08336278586666827, 0.0008028620326950527, 0.1350503520812586, -0.09620156517927582] imu_ang_vel=[0.0, 0.000956200488980459, -0.0] imu_quat_wxyz=[0.009762402828384736, 0.0, -0.9999523466100854, 0.0] status=0x0003
joint_pos=[-60.20536373618029, -91.78509603322532, -26.884948349161686, -60.20725255446843, -91.77873520035646, -26.887968201752162] joint_vel=[-0.0007125639691252256, 0.14037720415079943, -0.08157510597353357, 0.0011033135706032952, 0.13284310860881138, -0.08768176525398298] imu_ang_vel=[0.0, 0.0009832811139085286, -0.0] imu_quat_wxyz=[0.009772142037073425, 0.0, -0.9999522514800431, 0.0] status=0x0003
joint_pos=[-60.20538206997001, -91.78229217960723, -26.886563702538727, -60.2072280145186, -91.77609656074739, -26.889649066238118] joint_vel=[-0.0010171679796732553, 0.14008579453858555, -0.0803397383374519, 0.001289167858612557, 0.13146868962204336, -0.08215976447425719] imu_ang_vel=[0.0, 0.0010013901781458989, -0.0] imu_quat_wxyz=[0.009782093279983625, 0.0, -0.9999521541809197, 0.0] status=0x0003
joint_pos=[-60.205404657792116, -91.77949377414267, -26.888159275409866, -60.207200813634465, -91.77347823662414, -26.891245265866864] joint_vel=[-0.0011835531454235581, 0.1398246075164643, -0.07948033836036872, 0.0013942941302028835, 0.13063911674438672, -0.07859570304854162] imu_ang_vel=[0.0, 0.001013430179831448, -0.0] imu_quat_wxyz=[0.009792185796715673, 0.0, -0.999952055399319, 0.0] status=0x0003
joint_pos=[-60.205429469433206, -91.77670024674198, -26.88974099780246, -60.20717222769766, -91.77087183212629, -26.892787001621375] joint_vel=[-0.0012668457541710595, 0.1395905427316896, -0.07887550476447797, 0.0014447955878048584, 0.1301642027115787, -0.07630896310962924] imu_ang_vel=[0.0, 0.0010214080320774198, -0.0] imu_quat_wxyz=[0.009802372035171161, 0.0, -0.9999519555971097, 0.0] status=0x0003
joint_pos=[-60.20545527930495, -91.7739111106915, -26.891312877338432, -60.20714310451469, -91.7682718987376, -26.89429396351719] joint_vel=[-0.0012998605972898145, 0.13937910597251885, -0.07844254472236907, 0.0014594135597394194, 0.12991894398981133, -0.07485462937168803] imu_ang_vel=[0.0, 0.0010266873448722615, -0.0] imu_quat_wxyz=[0.009812620316067798, 0.0, -0.9999518550822998, 0.0] status=0x0003
