Log file: /home/cx/robot_deploy/log_sim2sim/2026-08-03_00-44-33.txt
Loaded ONNX policy: /home/cx/mjlab-recovered/logs/rsl_rl/custom_biped_velocity_nolinvel/2026-07-30_23-56-50/2026-07-30_23-56-50.onnx
  input=obs[1,65] output=actions[1,6]
  velocity_command=[0.1, 0.0, 0.0]
  startup=move 0s + hold 0s
MuJoCo sim2sim started
  robot=/home/cx/mjlab-recovered/src/mjlab/asset_zoo/robots/custom_biped/mjcf/biped.xml
  physics=200 Hz, policy=50 Hz
  command=[0.1, 0.0, 0.0]
  press R in the viewer to reset; close the viewer or press Ctrl+C to stop
joint_pos=[10.0, -20.0, 10.0, 10.0, -20.0, 10.0] joint_vel=[0.0, 0.0, 0.0, 0.0, 0.0, 0.0] imu_ang_vel=[0.0, 0.0, 0.0] imu_quat_wxyz=[1.0, 0.0, 0.0, 0.0] status=0x0003
ONNX startup: moving from measured joint positions to [10.0, -20.0, 10.0, 10.0, -20.0, 10.0] deg over 0 s.
ONNX startup: move command complete; waiting for measured joints to enter +/-2 deg.
ONNX startup: measured joints reached the default pose; holding before inference.
ONNX startup complete: history, last_action and gait phase reset; actor inference started.
sim t=    0.02s  x= 0.000m z= 0.521m pitch=-0.35deg action=[-0.556, 1.0, 0.427, 0.012, -0.151, 0.24]
joint_pos=[9.434836168850843, -19.49498386015244, 9.905660864784984, 9.641970239731943, -20.16975226320259, 10.419496693491064] joint_vel=[-35.752376451263004, 6.801422526616151, -37.49165383975735, -31.164680941183356, -16.621145900879547, 25.064211982661423] imu_ang_vel=[0.0, -0.4195405904861428, 0.0] imu_quat_wxyz=[0.9999987135111641, 0.0, -0.0016040498797887898, 0.0] status=0x0003
joint_pos=[9.09483441038197, -19.586372759919666, 9.949162125017532, 9.432905209421019, -20.70680265844137, 10.49635108954399] joint_vel=[-6.478257999179812, -8.853088118733874, 5.882306541213445, 0.2529907069334533, -33.36742839846245, -7.1211621589403] imu_ang_vel=[0.0, -0.2308510922154438, 0.0] imu_quat_wxyz=[0.9999845482085186, 0.0, -0.005559077639768193, 0.0] status=0x0003
joint_pos=[8.985381935428688, -19.933829309662983, 10.208650458198386, 9.50479768921489, -21.841854668860123, 11.092679611887386] joint_vel=[-4.872125193770705, -22.244563012038842, 16.388917113209164, 5.210315519755959, -69.54471264353735, 49.493962376663006] imu_ang_vel=[0.0, -0.17243700249898142, 0.0] imu_quat_wxyz=[0.999974758885902, 0.0, -0.0071050398367741505, 0.0] status=0x0003
joint_pos=[9.230298318216468, -20.42145304382568, 10.536293533661159, 10.04304865519038, -23.4633873154367, 11.730895642774154] joint_vel=[21.587392580087165, -25.613660642659518, 17.05484509150072, 38.75705174225501, -87.17908115893334, 22.46215183019139] imu_ang_vel=[0.0, 0.143325951091795, 0.0] imu_quat_wxyz=[0.9999735378843396, 0.0, -0.0072748560863493275, 0.0] status=0x0003
joint_pos=[9.652034979323123, -20.932030882114226, 10.900646012885401, 10.928443015584763, -25.53381857067103, 12.781834395078043] joint_vel=[20.80389026420447, -25.594091379652177, 18.894738032317058, 47.17974874502456, -112.26819369604108, 68.5566395931601] imu_ang_vel=[0.0, 0.2493748547174603, 0.0] imu_quat_wxyz=[0.9999883479548566, 0.0, -0.0048274169611345645, 0.0] status=0x0003
joint_pos=[10.17238958656834, -21.36385188169865, 11.233274107454152, 12.1138149173726, -27.909890265581495, 13.860575996885864] joint_vel=[28.818449609202116, -19.38926604429175, 15.808494837679026, 65.87744975302941, -122.09870891126153, 46.0637470184057] imu_ang_vel=[0.0, 0.40527978767897893, 0.0] imu_quat_wxyz=[0.999998834827231, 0.0, -0.001526546488178365, 0.0] status=0x0003
joint_pos=[10.723206535338035, -21.656269014436123, 11.508820013137385, 13.562327011274213, -30.563259372462092, 14.898981867759524] joint_vel=[26.77248536504787, -11.968490823582412, 12.87495114365078, 75.96329581222439, -138.16374888934774, 54.991153799873] imu_ang_vel=[0.0, 0.4827324820437408, 0.0] imu_quat_wxyz=[0.999995061289331, 0.0, 0.0031428326310812198, 0.0] status=0x0003
joint_pos=[11.186077373999423, -21.75871459728667, 11.708210068620534, 15.119684782426132, -33.317317625469116, 15.758558502123599] joint_vel=[21.12669241287655, -1.3726345807492608, 8.616515557851745, 78.90144192631159, -137.15447746119986, 36.52831113776143] imu_ang_vel=[0.0, 0.5014311707047715, 0.0] imu_quat_wxyz=[0.9999671106389116, 0.0, 0.008110341575213816, 0.0] status=0x0003
joint_pos=[11.512279368084194, -21.619139160177436, 11.798645808251038, 16.676801390678538, -35.95341880580018, 16.31076415220596] joint_vel=[13.577875398617715, 11.786419071990977, 2.6203857806137947, 77.31364967947005, -128.54368724049183, 22.84139008717761] imu_ang_vel=[0.0, 0.500730352685232, 0.0] imu_quat_wxyz=[0.9999138070899671, 0.0, 0.013129295139038108, 0.0] status=0x0003
joint_pos=[11.600388795954146, -21.16915854483681, 11.754530557317524, 18.087204038792297, -38.295026479597375, 16.523371162971436] joint_vel=[-0.5234173999299128, 28.658217336481844, -4.681259633476113, 67.00440312202115, -110.48784889375828, 4.129840638273196] imu_ang_vel=[0.0, 0.43681226647619675, 0.0] imu_quat_wxyz=[0.9998416049677138, 0.0, 0.01779789244787753, 0.0] status=0x0003
joint_pos=[11.440021731152848, -20.48071913587673, 11.598994865829379, 19.25089756380195, -40.21474427513772, 16.40144882232025] joint_vel=[-12.241828302934174, 37.92053010526978, -9.118747535005005, 53.410832717278886, -87.74438453402097, -11.51876264046935] imu_ang_vel=[0.0, 0.33124297966785404, 0.0] imu_quat_wxyz=[0.9997677865592022, 0.0, 0.021549314571780727, 0.0] status=0x0003
joint_pos=[11.004084588974933, -19.63495458461087, 11.481329419546551, 20.06042444350206, -41.57919251263331, 16.037538862105365] joint_vel=[-24.534190393500623, 40.11806656839534, -12.66272594084067, 31.777026787414346, -56.34106272093105, -21.755287585283316] imu_ang_vel=[0.0, 0.1560094783134971, 0.0] imu_quat_wxyz=[0.9997130431283543, 0.0, 0.023954778209057635, 0.0] status=0x0003
joint_pos=[10.38132109378598, -18.825078906006592, 11.22542472408268, 20.393550566573502, -42.192101173555656, 15.434914212780432] joint_vel=[-34.78188337378447, 40.84072485834676, -12.452630049599462, 8.395043078294947, -16.238621834022407, -34.53460788991934] imu_ang_vel=[0.0, -0.0270025876398838, 0.0] imu_quat_wxyz=[0.9997035575112935, 0.0, 0.0243474249000572, 0.0] status=0x0003
joint_pos=[9.554507691101636, -17.95509077743259, 11.033875227395871, 20.278916814136466, -41.99229381164944, 14.649221553273117] joint_vel=[-43.08534656164411, 41.759582636767924, -14.58211116222878, -14.657275029820934, 25.30986959722716, -41.77510854917199] imu_ang_vel=[0.0, -0.17986173035131103, 0.0] imu_quat_wxyz=[0.9997312254110937, 0.0, 0.023183548866229135, 0.0] status=0x0003
joint_pos=[8.580455775954606, -17.045247179878, 10.798005654085875, 19.733608533673777, -40.98825539698665, 13.78006212118214] joint_vel=[-54.10125787052627, 52.136912481310574, -1.3414054649011433, -32.556262541032915, 63.220898754726555, -44.24264393948574] imu_ang_vel=[0.0, -0.3009654786245828, 0.0] imu_quat_wxyz=[0.9997879861158064, 0.0, 0.020590843074045843, 0.0] status=0x0003
joint_pos=[7.518158914914432, -16.10911446573307, 10.433247448314598, 18.81035611867519, -39.25526589511214, 12.93287009662642] joint_vel=[-54.80229599701999, 48.31713409038399, -19.219699720117397, -52.100772138101874, 98.73163175725924, -41.246270428761285] imu_ang_vel=[0.0, -0.38086715122939474, 0.0] imu_quat_wxyz=[0.9998532390029216, 0.0, 0.017131854989074033, 0.0] status=0x0003
joint_pos=[6.334599794448171, -15.031704591996336, 10.077668840024606, 17.582149463511705, -36.92556852209001, 12.171158380375706] joint_vel=[-59.993569773359084, 54.3023400439123, -23.221833373903504, -67.5465629178656, 126.78494526291576, -36.36516610473068] imu_ang_vel=[0.0, -0.4370928547056935, 0.0] imu_quat_wxyz=[0.9999148960882286, 0.0, 0.013046094467961556, 0.0] status=0x0003
joint_pos=[5.094728673714991, -13.839714208254907, 9.657992769935333, 16.1202123659916, -34.12711752289983, 11.376776746736084] joint_vel=[-61.25455554991661, 59.48463069007691, -26.996080206861418, -77.33130518391982, 147.74694374043304, -41.50079597550243] imu_ang_vel=[0.0, -0.4393683750404422, 0.0] imu_quat_wxyz=[0.9999622401888534, 0.0, 0.008690120625737945, 0.0] status=0x0003
joint_pos=[3.8829702552798238, -12.62082033164359, 9.119663583160252, 14.501170771209637, -31.03235332250717, 10.496945365459494] joint_vel=[-60.236044263151996, 62.05321008723131, -27.168194860462652, -82.86643759915478, 158.36528131873985, -45.285021070895894] imu_ang_vel=[0.0, -0.4138732955086314, 0.0] imu_quat_wxyz=[0.999990192046912, 0.0, 0.0044289739195579264, 0.0] status=0x0003
joint_pos=[2.701332408563757, -11.382190157837245, 8.686549976563574, 12.794807859450156, -27.809941377852127, 9.561568596975153] joint_vel=[-56.556710953616914, 58.586127610550676, -26.35589328392459, -88.00038534429653, 163.05412910273844, -47.564816541579546] imu_ang_vel=[0.0, -0.382603504681444, 0.0] imu_quat_wxyz=[0.9999998238445685, 0.0, 0.0005935577747188895, 0.0] status=0x0003
joint_pos=[1.6944198290734096, -10.362280610527758, 8.263378450636605, 11.012195795108035, -24.539986783845944, 8.541840246455646] joint_vel=[-46.915740610495625, 46.98916165624161, -18.711554626596204, -89.75429660693099, 163.42681921954411, -52.782507425671525] imu_ang_vel=[0.0, -0.31731216754396585, 0.0] imu_quat_wxyz=[0.9999959169393148, 0.0, -0.002857639707705281, 0.0] status=0x0003
joint_pos=[0.9158592625892966, -9.648018578636472, 8.158207724667903, 9.225515832122612, -21.318009524613895, 7.478908220224415] joint_vel=[-37.82220977972063, 36.03582322283513, 14.461953290858554, -86.70835757196338, 158.22621743816828, -53.21366879113928] imu_ang_vel=[0.0, -0.23965981148434448, 0.0] imu_quat_wxyz=[0.9999846106205702, 0.0, -0.005547839401656092, 0.0] status=0x0003
joint_pos=[0.5756243795460031, -9.58813960433788, 8.228010007426171, 7.438940518145187, -18.155983442574318, 6.490829215815897] joint_vel=[-8.789541343373388, -8.934969048571011, 9.430133392580702, -88.52031953232782, 156.39418971599014, -47.23704273139856] imu_ang_vel=[0.0, -0.13261321283657987, 0.0] imu_quat_wxyz=[0.9999741035166615, 0.0, -0.007196686463166957, 0.0] status=0x0003
joint_pos=[0.6734158281193825, -10.245561739944602, 8.705898136566416, 5.629182926212521, -14.981996092687703, 5.809261710142729] joint_vel=[12.560323119886222, -46.43327687202123, 31.475601231610877, -91.67614039681321, 159.6309286828844, -27.02127104073766] imu_ang_vel=[0.0, -0.04467624716919162, 0.0] imu_quat_wxyz=[0.9999685036399251, 0.0, -0.007936732837208083, 0.0] status=0x0003
joint_pos=[1.2312705919920979, -11.445294249685238, 9.561821813822814, 3.8989717280978464, -11.98090358185842, 6.561184250266931] joint_vel=[37.209283451010535, -68.94850220649697, 40.87582348937101, -84.09324541106817, 146.58336713517107, 64.10768459903795] imu_ang_vel=[0.0, 0.1640995140677497, 0.0] imu_quat_wxyz=[0.9999737056185403, 0.0, -0.00725176333900964, 0.0] status=0x0003
joint_pos=[2.1339705277802326, -13.055112131373148, 10.866983816816903, 2.720898240516586, -9.641458075777932, 6.776232450354865] joint_vel=[39.04685602851363, -70.95995097114734, 88.3547903285373, -32.01588953751852, 76.852392499182, -45.57542702304701] imu_ang_vel=[0.0, 0.11369899478710534, 0.0] imu_quat_wxyz=[0.9999874014211649, 0.0, -0.0050196612381546695, 0.0] status=0x0003
joint_pos=[3.016373524629347, -13.961137686545047, 13.94893289984232, 2.3473064434845266, -8.04516422394257, 5.890015450711006] joint_vel=[47.035612273992065, -30.676903181213763, 189.1725569889768, -11.391969326147915, 82.04451653798506, -43.87756556190319] imu_ang_vel=[0.0, 0.476188360260651, 0.0] imu_quat_wxyz=[0.9999983392542066, 0.0, -0.0018224952205196947, 0.0] status=0x0003
joint_pos=[4.274116085659197, -15.005943578834518, 18.228352057900956, 2.3526889620101326, -6.543797814914112, 5.116761123468275] joint_vel=[71.36868636148311, -63.87910893126429, 226.9667433231437, 6.357996603839604, 71.74886739693939, -36.316574390454086] imu_ang_vel=[0.0, 0.7377835438981533, 0.0] imu_quat_wxyz=[0.9999886698195278, 0.0, 0.004760276522566191, 0.0] status=0x0003
joint_pos=[5.6940086525893445, -16.769648630330444, 22.16070812478849, 2.391814439474294, -5.193850168475618, 4.468074101285323] joint_vel=[70.72077153182686, -101.49244057029891, 180.1232194386775, -0.41351958491593355, 65.49068759666665, -30.557958700581676] imu_ang_vel=[0.0, 0.6642514587167874, 0.0] imu_quat_wxyz=[0.9999281878520265, 0.0, 0.011984120283205892, 0.0] status=0x0003
joint_pos=[6.850670129427902, -19.124493499310883, 24.92550318117218, 2.0919609619997743, -3.8559003471802598, 3.878238914928383] joint_vel=[50.556088563229565, -126.63408814404306, 115.64812661865122, -23.104348525592698, 68.12316998672624, -28.974308343544354] imu_ang_vel=[0.0, 0.3722749150719163, 0.0] imu_quat_wxyz=[0.9998559767129678, 0.0, 0.01697132379507094, 0.0] status=0x0003
joint_pos=[7.683293226524102, -21.712790436382004, 26.50074971034425, 1.3989642127982431, -2.2100171259664827, 3.1820717697914005] joint_vel=[36.679186847581214, -130.7897278706814, 58.950453001921176, -41.08091717026052, 90.83748757507198, -38.10857653953284] imu_ang_vel=[0.0, 0.23170268933980206, 0.0] imu_quat_wxyz=[0.9998078422557644, 0.0, 0.019603024355252043, 0.0] status=0x0003
joint_pos=[8.282846998493927, -24.116088800854094, 27.428911025604577, 0.4444944242717035, -0.05148980522512484, 2.280975199797306] joint_vel=[26.375348526693568, -114.10573166279224, 39.69354920833371, -51.45491226224712, 118.3067398231978, -49.346092975414614] imu_ang_vel=[0.0, 0.28534812082446537, 0.0] imu_quat_wxyz=[0.9997555820837403, 0.0, 0.02210828108201918, 0.0] status=0x0003
joint_pos=[8.61606104303414, -26.311951224262728, 28.23307093197335, -0.06328498695204714, 0.9530591799516793, 1.956753580277104] joint_vel=[9.431215326074877, -107.99387185948264, 40.40155645152147, -6.834860678757745, -1.0142918072961649, 9.172433149832187] imu_ang_vel=[0.0, 0.08540425520440523, 0.0] imu_quat_wxyz=[0.9997002697784293, 0.0, 0.024482046583886304, 0.0] status=0x0003
joint_pos=[8.614662493682061, -27.8115392906061, 29.429886797045754, -0.04535142216346903, 0.6576561003759882, 2.295333744904664] joint_vel=[-4.499253067509146, -56.087876128816255, 70.26177978413966, 3.2672811071377668, -16.214426155238854, 18.172066100015222] imu_ang_vel=[0.0, 0.06968006088600089, 0.0] imu_quat_wxyz=[0.999688658495176, 0.0, 0.024951674815840433, 0.0] status=0x0003
joint_pos=[8.570268001230902, -28.48265437341995, 30.89561190058384, 0.1364516463091337, 0.4062067879168639, 2.6169594955085715] joint_vel=[-0.8286792875364041, -20.873284903197845, 74.88251042498925, 12.185620236342931, -10.229568849439499, 14.945639561171687] imu_ang_vel=[0.0, 0.25428958426156745, 0.0] imu_quat_wxyz=[0.9996430821879315, 0.0, 0.02671531833634728, 0.0] status=0x0003
joint_pos=[8.537761372171273, -28.709898883497562, 32.18782988611795, 0.31760433679202804, 0.26632634617849765, 2.8920129788118523] joint_vel=[-1.9592048507544757, -6.066218218523819, 59.07074933690932, 7.3716074055774765, -5.413076768406884, 13.071770096119907] imu_ang_vel=[0.0, 0.2736450842188588, 0.0] imu_quat_wxyz=[0.9995621078364432, 0.0, 0.02959041360925636, 0.0] status=0x0003
joint_pos=[8.466780179272698, -28.777446098990012, 32.98059241509433, 0.3467982115995257, 0.19545855609519988, 3.126178072588249] joint_vel=[-4.165454635855837, -1.888020120354104, 29.2105106794915, -1.6766858304569867, -2.694258883466272, 11.282801058817501] imu_ang_vel=[0.0, 0.15746981662949525, 0.0] imu_quat_wxyz=[0.9994980133632603, 0.0, 0.031681560613329884, 0.0] status=0x0003
joint_pos=[8.354270523110134, -28.730022037799397, 33.25491809633546, 0.19166444202079383, 0.16088719441084132, 3.448045372543006] joint_vel=[-7.410758190154927, 6.152452852137938, 5.21677878254077, -10.20700109339502, -1.4727457817212586, 8.14217266172519] imu_ang_vel=[0.0, 0.01757727328354422, 0.0] imu_quat_wxyz=[0.999474371813938, 0.0, 0.032418823037460576, 0.0] status=0x0003
joint_pos=[8.225468299007437, -28.450997107084167, 33.16959802966851, -0.04494681137761995, 0.14254473797289358, 3.611949494212107] joint_vel=[-5.793766774529265, 18.287876839001555, -9.324357823887404, -12.804913873128822, -0.6810065821126033, 8.385660289332687] imu_ang_vel=[0.0, -0.04932319704685823, 0.0] imu_quat_wxyz=[0.9994852560278075, 0.0, 0.03208150531113185, 0.0] status=0x0003
joint_pos=[8.15522051457605, -27.878567396866647, 32.85594559464903, -0.2879188251387778, 0.1328210930934961, 3.787987721897929] joint_vel=[-2.162483879194791, 34.374620421577006, -19.05829063136863, -11.853846727770936, -0.3858379426850113, 8.937700944753262] imu_ang_vel=[0.0, -0.04483386651757896, 0.0] imu_quat_wxyz=[0.9995017780312457, 0.0, 0.03156256821582255, 0.0] status=0x0003
joint_pos=[8.181585823061525, -27.04737455131406, 32.323148331886074, -0.5032269180358444, 0.12704406797567003, 3.9695166707425327] joint_vel=[3.3137452317616303, 45.53778030710138, -30.664484354041406, -10.251952314442633, -0.23370614815169025, 9.152026492696905] imu_ang_vel=[0.0, -0.019125898020772965, 0.0] imu_quat_wxyz=[0.9995111495784762, 0.0, 0.03126438658142935, 0.0] status=0x0003
joint_pos=[8.314536214517819, -26.04520030412283, 31.557026896763396, -0.6996401497045454, 0.12346803311976785, 4.155812124352244] joint_vel=[8.543942513079015, 52.60804571117673, -42.35472754663166, -9.674715209139647, -0.14621193552795625, 9.41514308865701] imu_ang_vel=[0.0, -0.0033574135528449916, 0.0] imu_quat_wxyz=[0.9995136850131421, 0.0, 0.031183224199068205, 0.0] status=0x0003
joint_pos=[8.565620061023981, -24.95390061315956, 30.5573772230364, -0.8797834350723608, 0.1214992014187795, 4.343562198510607] joint_vel=[14.805551515939595, 55.59824928464763, -54.01406186492684, -8.739516027144845, -0.0759895434640921, 9.47763988423002] imu_ang_vel=[0.0, 0.013091965082272063, 0.0] imu_quat_wxyz=[0.99951173723979, 0.0, 0.031245593607690227, 0.0] status=0x0003
joint_pos=[8.946819400147097, -23.82264909542569, 29.329066206855565, -1.0440593243137508, 0.12026161197168633, 4.624210594246841] joint_vel=[20.41439184177164, 58.209114165457585, -65.47560859911002, -7.235296596736153, -0.11253050300146072, 7.189832140192359] imu_ang_vel=[0.0, 0.03440098429796287, 0.0] imu_quat_wxyz=[0.9995028364846378, 0.0, 0.031529032004858175, 0.0] status=0x0003
joint_pos=[9.432118750680305, -22.640081384270555, 27.874664565012854, -1.16322419358475, 0.11979705805098112, 4.778250486973696] joint_vel=[26.38749850427593, 59.577471678540476, -76.52428418118215, -5.329590331261006, -0.0007649519267365723, 8.154218522016834] imu_ang_vel=[0.0, 0.0692625093043045, 0.0] imu_quat_wxyz=[0.9994854190680499, 0.0, 0.03207642546114977, 0.0] status=0x0003
joint_pos=[10.015310162874247, -21.419794417782104, 26.222118445375045, -1.244221837373772, 0.11999205024593312, 4.949616872120486] joint_vel=[30.672918659939874, 61.738465602262075, -85.80870576027013, -3.408916841603542, 0.01215646255559463, 8.95191760920951] imu_ang_vel=[0.0, 0.1078089647391366, 0.0] imu_quat_wxyz=[0.9994551630104629, 0.0, 0.03300571362247912, 0.0] status=0x0003
joint_pos=[10.666735351568525, -20.123923970195705, 24.40639778674995, -1.2874804163961417, 0.12091154639112513, 5.2398183514426515] joint_vel=[32.456813870246485, 67.5276482126005, -93.51297359462527, -0.9638946306141086, -0.20152250208048814, 9.52707115848803] imu_ang_vel=[0.0, 0.1647657234041542, 0.0] imu_quat_wxyz=[0.9994082466399371, 0.0, 0.034397042722982815, 0.0] status=0x0003
joint_pos=[11.2884066758435, -18.63355019742987, 22.456181094427873, -1.2639629393872238, 0.10443555711059546, 5.412992233970962] joint_vel=[30.457204067118504, 78.19709274970016, -99.52892375706269, 2.1103174411784806, -0.8567461119909984, 9.426122050640553] imu_ang_vel=[0.0, 0.20896500436895477, 0.0] imu_quat_wxyz=[0.9993419975190393, 0.0, 0.036270814640100665, 0.0] status=0x0003
joint_pos=[11.734273787423044, -16.531276509848414, 20.38520437426026, -0.9988342400843968, -0.1648267017187446, 5.763914642751291] joint_vel=[17.67280696556616, 119.87955519199794, -105.57298020512467, 19.54400762206047, -20.488311182403525, 21.980871644692193] imu_ang_vel=[0.0, 0.3487906183372973, 0.0] imu_quat_wxyz=[0.9992338501804849, 0.0, 0.03913710072915629, 0.0] status=0x0003
joint_pos=[11.54519398034646, -13.244265595544784, 18.00766010071041, 0.12826955809477023, -2.2487564863343543, 7.17767806603305] joint_vel=[-25.86744684768807, 189.18204124302005, -125.9513210734984, 78.02402897832715, -153.1138109787221, 91.56643931668864] imu_ang_vel=[0.0, 0.3452169766335543, 0.0] imu_quat_wxyz=[0.9990858971853122, 0.0, 0.042747749009975446, 0.0] status=0x0003
sim t=    1.02s  x= 0.070m z= 0.532m pitch= 4.99deg action=[-1.0, 0.325, -0.422, 1.0, -1.0, 0.67]
joint_pos=[10.89673663367871, -11.26448957273544, 13.405482328865391, 1.985054370990914, -6.707840775796762, 10.019183986830951] joint_vel=[-36.05969729959864, 93.23236123510128, -252.01876216937475, 101.58513410916392, -262.26202631516963, 169.08949991675576] imu_ang_vel=[0.0, -0.06098105023344803, 0.0] imu_quat_wxyz=[0.999032684187826, 0.0, 0.04397380952871214, 0.0] status=0x0003
joint_pos=[10.120276140847864, -9.473306615836126, 8.787432112447755, 4.13044801736544, -11.990267503800641, 13.158124273280716] joint_vel=[-40.40396445850256, 87.87262832632153, -221.50593398922777, 110.23639628260621, -264.34269948555794, 150.304262252357] imu_ang_vel=[0.0, -0.20971375978446938, 0.0] imu_quat_wxyz=[0.9991161075048978, 0.0, 0.04203574341273876, 0.0] status=0x0003
joint_pos=[9.54206191501866, -8.194816419033314, 5.18565538343417, 6.36377686527965, -17.031674623263427, 14.611965015527948] joint_vel=[-22.56429919713983, 51.157657020752154, -159.36636642720242, 112.11641660717291, -244.72300144568123, 31.162245707821228] imu_ang_vel=[0.0, -0.13033113367365806, 0.0] imu_quat_wxyz=[0.9991878776318298, 0.0, 0.040293736406537564, 0.0] status=0x0003
joint_pos=[9.121055151054144, -7.81597744715436, 2.9181567574536187, 8.367868377382223, -21.95690406911006, 14.206711666910184] joint_vel=[-20.176175725084377, 1.3116429659954827, -89.0535351453075, 93.13899697952193, -246.56641839171627, -47.73450117986702] imu_ang_vel=[0.0, -0.29452853470989854, 0.0] imu_quat_wxyz=[0.9992667569267903, 0.0, 0.03828770691768868, 0.0] status=0x0003
joint_pos=[8.6059495202238, -8.283770882105859, 3.6444216214925342, 9.976255291386929, -26.65134737151025, 12.816808103482686] joint_vel=[-23.660915462704835, -40.0736979913355, 38.77141548659293, 69.27227288101822, -230.6869650428182, -80.73442260238234] imu_ang_vel=[0.0, -0.460770615087, 0.0] imu_quat_wxyz=[0.9994023645937988, 0.0, 0.034567522970609076, 0.0] status=0x0003
joint_pos=[8.15530396867601, -9.283061531779518, 4.404221903716263, 11.077074036852899, -30.966319664044445, 11.697195091357488] joint_vel=[-21.924081433884073, -55.78721841882657, 41.73044914307786, 47.071890662850905, -206.82258403289433, -42.641419622793705] imu_ang_vel=[0.0, -0.5867595178521271, 0.0] imu_quat_wxyz=[0.9995784375644083, 0.0, 0.029033552250734507, 0.0] status=0x0003
joint_pos=[7.6852087335224235, -10.35072051892312, 5.218342837739277, 11.710079638400632, -34.42859986796849, 11.747207430719541] joint_vel=[-24.193020160719854, -52.311171195111704, 40.9967415614264, 23.14701341062977, -154.13483761733286, 26.419386755805615] imu_ang_vel=[0.0, -0.5963770400137107, 0.0] imu_quat_wxyz=[0.9997348657089058, 0.0, 0.023026034960367012, 0.0] status=0x0003
joint_pos=[7.293024069935448, -11.293207051606142, 5.968608607541856, 12.070662204525679, -36.813005452275235, 12.681755650427197] joint_vel=[-16.936847002533508, -44.499143331867806, 36.346836486449355, 15.26293860747167, -99.58041587223792, 57.63833896924232] imu_ang_vel=[0.0, -0.45070851096221504, 0.0] imu_quat_wxyz=[0.9998411357657776, 0.0, 0.017824231557062815, 0.0] status=0x0003
joint_pos=[7.065169758862662, -12.070886893342449, 6.633658693637441, 12.462970747546347, -38.45266476729066, 13.902561176012336] joint_vel=[-8.21374318071883, -36.03962862259991, 31.586688551748512, 21.991902372996794, -71.98114493934627, 62.85114009335976] imu_ang_vel=[0.0, -0.2498726624040863, 0.0] imu_quat_wxyz=[0.9998940952260628, 0.0, 0.01455329282510453, 0.0] status=0x0003
joint_pos=[7.00404917524132, -12.685098042374339, 7.224893820290483, 13.05150928229496, -39.69533099446597, 15.12350774567095] joint_vel=[-0.2553788490368674, -27.930812521739913, 28.006318192068882, 33.3589139302627, -56.49398853957657, 60.05367712211545] imu_ang_vel=[0.0, -0.04561098653073964, 0.0] imu_quat_wxyz=[0.9999112026737901, 0.0, 0.013326168521173049, 0.0] status=0x0003
joint_pos=[7.099611687696723, -13.153291498978568, 7.746294709085601, 13.832645095052559, -40.57763656876772, 16.112497165677063] joint_vel=[7.612994812742315, -21.037383113415633, 24.891368365643782, 42.16859043763743, -37.097859993753346, 43.76472182901142] imu_ang_vel=[0.0, 0.15031184678497192, 0.0] imu_quat_wxyz=[0.9999009015392675, 0.0, 0.014077894052739476, 0.0] status=0x0003
joint_pos=[7.286039728240691, -13.488860149739212, 8.201761766500129, 14.71398200005017, -41.076883934373825, 16.641488207401938] joint_vel=[10.285610989789886, -14.501790923821549, 21.805267157039342, 45.10679019416043, -18.13044777492346, 17.192863588125075] imu_ang_vel=[0.0, 0.28043522516875213, 0.0] imu_quat_wxyz=[0.9998644480754232, 0.0, 0.016464673541533813, 0.0] status=0x0003
joint_pos=[7.456723112758152, -13.722848914025667, 8.605058264360459, 15.57542867655962, -41.23051418103957, 16.702988562363082] joint_vel=[7.547280115416077, -10.227005505351983, 19.66179357995566, 41.99645652233159, -2.033256385346473, -4.042372666393242] imu_ang_vel=[0.0, 0.3030437642395236, 0.0] imu_quat_wxyz=[0.9998097230601909, 0.0, 0.01950686223626155, 0.0] status=0x0003
joint_pos=[7.520849045474562, -13.891224720977826, 8.973921150528646, 16.284133546616037, -41.014661438318456, 16.476503086184035] joint_vel=[0.9542905356068588, -7.526622468429886, 18.264797835579113, 31.95255210211952, 17.959095358269593, -15.183673093853745] imu_ang_vel=[0.0, 0.23239193947191097, 0.0] imu_quat_wxyz=[0.9997542561203241, 0.0, 0.02216816116184209, 0.0] status=0x0003
joint_pos=[7.412719715749806, -13.968021739368513, 9.407217083076423, 16.739175760294945, -40.308775199608746, 16.036001538185566] joint_vel=[-6.4165527007645435, -6.364589071151874, 15.04602305703149, 16.071613506802436, 46.06431883341139, -25.697447209909395] imu_ang_vel=[0.0, 0.12435265347607842, 0.0] imu_quat_wxyz=[0.9997128790885137, 0.0, 0.02396162316193934, 0.0] status=0x0003
joint_pos=[7.159388610682619, -14.035601145762444, 9.68279916569447, 16.831838886624293, -39.00252542267986, 15.37163442451285] joint_vel=[-15.911966311393227, -1.8080513890767433, 13.572134986051637, -1.4353273004239908, 75.91518186828986, -37.191709208975276] imu_ang_vel=[0.0, -0.003461054895577367, 0.0] imu_quat_wxyz=[0.9997023712029509, 0.0, 0.024396085981100938, 0.0] status=0x0003
joint_pos=[6.697932513779502, -13.964878616666038, 10.012907655500754, 16.589543432697592, -37.12651969947067, 14.525560253721991] joint_vel=[-25.03987806816143, 2.766478870543184, 11.624748491519156, -19.254153880701082, 104.58527336439364, -45.02964496540219] imu_ang_vel=[0.0, -0.08624064122304552, 0.0] imu_quat_wxyz=[0.9997187348074629, 0.0, 0.02371605521510328, 0.0] status=0x0003
joint_pos=[6.084788133635671, -13.846011899421972, 10.184255506233692, 15.981174142181507, -34.7175391844784, 13.56885914386662] joint_vel=[-33.904273654189765, 7.903295165842357, 8.105528200763416, -36.39812471416774, 129.0488821034194, -49.274481981234764] imu_ang_vel=[0.0, -0.23946287858674453, 0.0] imu_quat_wxyz=[0.9997631626809143, 0.0, 0.02176277891850605, 0.0] status=0x0003
joint_pos=[5.284762799156964, -13.54791007680409, 10.383225180019094, 15.067186950520576, -31.85488425131328, 12.570367449496212] joint_vel=[-41.3283630822015, 15.202122348903677, 3.5869710496077896, -52.11232416800358, 151.4837907888353, -50.262042931216996] imu_ang_vel=[0.0, -0.31535762308217524, 0.0] imu_quat_wxyz=[0.9998206236531786, 0.0, 0.0189399186315337, 0.0] status=0x0003
joint_pos=[4.380728921173872, -13.152701500155343, 10.429553540141505, 13.865946694701476, -28.632990773575333, 11.503049618303471] joint_vel=[-47.28447064157323, 22.340384628634645, 1.626085080994195, -64.38537259604249, 166.1137537656855, -54.974580716055684] imu_ang_vel=[0.0, -0.36120316709595784, 0.0] imu_quat_wxyz=[0.9998803601630736, 0.0, 0.015468204813819783, 0.0] status=0x0003
joint_pos=[3.3875666663228947, -12.633957344829822, 10.530544451275812, 12.476865091097354, -25.22708187307328, 10.362583531668673] joint_vel=[-49.12522972411854, 24.59009953459024, -0.15139368399762754, -73.50417886698759, 172.85797019247136, -58.111947580049105] imu_ang_vel=[0.0, -0.3766744071132776, 0.0] imu_quat_wxyz=[0.9999299105163768, 0.0, 0.011839512435515434, 0.0] status=0x0003
joint_pos=[2.4365844686052953, -12.18272035839669, 10.578975785458441, 10.932735629324362, -21.75804411029016, 9.192360087292] joint_vel=[-46.64030843810519, 21.508407134250003, 3.6060648251788114, -79.2397051127227, 173.3788650420056, -58.68047810124542] imu_ang_vel=[0.0, -0.35424115663172556, 0.0] imu_quat_wxyz=[0.9999665139643995, 0.0, 0.00818357806135661, 0.0] status=0x0003
joint_pos=[1.6050070878594849, -11.893438942577491, 10.842224477213867, 9.32042196647525, -18.337870212176217, 8.043708444003723] joint_vel=[-36.79730765717954, 6.807942170044694, 10.631810513040664, -82.8493000629381, 169.9081171471187, -56.77751044283564] imu_ang_vel=[0.0, -0.30305685174063274, 0.0] imu_quat_wxyz=[0.9999872398629821, 0.0, 0.005051743383688903, 0.0] status=0x0003
joint_pos=[1.0852271832172304, -12.082199965518514, 11.262060270851949, 7.65759430888422, -15.015623930194325, 7.0044156932845265] joint_vel=[-19.952378343446, -18.580926639105982, 26.43661912768627, -83.41517173953795, 163.62032747307833, -49.359730746645944] imu_ang_vel=[0.0, -0.21047141979369038, 0.0] imu_quat_wxyz=[0.9999967053812294, 0.0, 0.002566948906126198, 0.0] status=0x0003
joint_pos=[0.9895890362713857, -12.928758385088207, 12.07525899150496, 6.000782637355656, -11.808831670853555, 6.228449039960643] joint_vel=[3.48751878877129, -55.702073074109684, 48.219195355975884, -82.82264295471235, 158.1229319809073, -33.1318099198441] imu_ang_vel=[0.0, -0.08961398322533544, 0.0] imu_quat_wxyz=[0.9999992762389218, 0.0, 0.0012031299316467633, 0.0] status=0x0003
joint_pos=[0.9898734142532839, -13.557343640902227, 13.496213640320029, 4.9987312422501144, -10.372483383294464, 5.558236768627623] joint_vel=[0.9376401335434561, -18.25215027835124, 84.9916007166381, -36.37254051631961, 50.224954082437854, -12.260791581644728] imu_ang_vel=[0.0, 0.0198775240721569, 0.0] imu_quat_wxyz=[0.9999996369744376, 0.0, 0.000852086259158738, 0.0] status=0x0003
joint_pos=[1.1724235520567952, -13.87649229988159, 15.708772697022821, 4.4339225041913615, -9.421765440777909, 5.340241826644763] joint_vel=[13.660879846773454, -14.472048364580905, 124.23543107893224, -23.858576665935832, 46.250647067146595, -10.50936643675822] imu_ang_vel=[0.0, 0.18191536441506445, 0.0] imu_quat_wxyz=[0.9999978848973141, 0.0, 0.0020567452195345954, 0.0] status=0x0003
joint_pos=[1.777103397794112, -14.61734268782026, 18.502261333072695, 4.05641329718257, -8.406697423155961, 5.0709672413854845] joint_vel=[39.325187954342994, -49.32141877647378, 147.74938196980062, -16.34429237081975, 53.642811885888484, -15.383592228364668] imu_ang_vel=[0.0, 0.3477491030936107, 0.0] imu_quat_wxyz=[0.9999879827218349, 0.0, 0.004902490378897297, 0.0] status=0x0003
joint_pos=[2.7416250933175768, -16.06703201108045, 21.65317447654943, 3.6925541713438497, -7.249831494213944, 4.7241177320809395] joint_vel=[53.048025565574584, -85.06152482102878, 162.57991803516794, -19.406337008293725, 60.61479765454433, -18.823687545562077] imu_ang_vel=[0.0, 0.3864667184890176, 0.0] imu_quat_wxyz=[0.9999616029270054, 0.0, 0.008763142795476514, 0.0] status=0x0003
joint_pos=[3.9148976954906325, -18.12401443937098, 24.477082660263587, 3.235692520286865, -5.85052008989185, 4.243931580018095] joint_vel=[61.68318859865067, -112.45948957458056, 129.58122458978613, -24.94704595003422, 75.76567434148048, -26.842487327706024] imu_ang_vel=[0.0, 0.4101355590260258, 0.0] imu_quat_wxyz=[0.9999187943990039, 0.0, 0.012743806638620804, 0.0] status=0x0003
joint_pos=[5.108983087482862, -20.533141513979412, 26.584668076097245, 2.5901325250705063, -4.123684071684229, 3.611775827993305] joint_vel=[58.56411489269009, -124.65243005123708, 92.31979639849996, -36.474510599803025, 92.93739406303618, -34.50129149254973] imu_ang_vel=[0.0, 0.38873713320262665, 0.0] imu_quat_wxyz=[0.9998593145200587, 0.0, 0.0167735257915086, 0.0] status=0x0003
joint_pos=[6.232748464191029, -23.0598133655812, 28.155717458805583, 1.7589702546576518, -2.038244670475718, 2.822302645704858] joint_vel=[54.86913083857227, -127.00694393636101, 71.1212594022039, -44.521173969639115, 111.4384548944981, -42.567199153671716] imu_ang_vel=[0.0, 0.4109879307108232, 0.0] imu_quat_wxyz=[0.9997849751423398, 0.0, 0.02073652525451225, 0.0] status=0x0003
joint_pos=[7.289881425170349, -25.478021434552414, 29.45409038535506, 0.8001645705782141, 0.4742364321371734, 1.8471245641671077] joint_vel=[51.82427350277467, -117.30212172524226, 61.57246485089214, -50.00315805858916, 134.53760260208702, -52.64439705164427] imu_ang_vel=[0.0, 0.5197967629387322, 0.0] imu_quat_wxyz=[0.9996760865320121, 0.0, 0.025450383416383827, 0.0] status=0x0003
joint_pos=[8.042708429970558, -27.89675338241577, 30.61270168916003, 0.577445017996667, 0.8669772866681776, 1.897540941394668] joint_vel=[32.436583374034356, -119.9424752733237, 55.912423518872814, -1.660398278447089, -9.427758593548324, 17.41928524554548] imu_ang_vel=[0.0, 0.1534808647402164, 0.0] imu_quat_wxyz=[0.9995899849569367, 0.0, 0.028633231982975228, 0.0] status=0x0003
joint_pos=[8.47076055009849, -29.5426942984326, 32.04017965953814, 0.6061771943246755, 0.5690989041037131, 2.3120524926098023] joint_vel=[15.776954227080697, -60.976525765663155, 79.66813076473403, 2.031535668737549, -14.394879470631132, 20.97556046546186] imu_ang_vel=[0.0, 0.13897588933629107, 0.0] imu_quat_wxyz=[0.999553525426179, 0.0, 0.02987891912531135, 0.0] status=0x0003
joint_pos=[8.792678816094389, -30.25781995507104, 33.52309366156796, 0.7287334366899845, 0.35642386985505364, 2.683488244808368] joint_vel=[16.40714688418655, -21.60629675028154, 71.17129287578615, 8.37222133225346, -8.493370622117245, 17.50072501808982] imu_ang_vel=[0.0, 0.27566603316931326, 0.0] imu_quat_wxyz=[0.9994865115680128, 0.0, 0.03204236560562475, 0.0] status=0x0003
joint_pos=[9.046481262764447, -30.38965722393884, 34.685608641855126, 0.8114013061147514, 0.24155309559346522, 3.016271887921235] joint_vel=[10.793410707683066, 1.4969213058626691, 51.123294874176494, 1.8161125459151133, -4.426123896680738, 16.121052929677763] imu_ang_vel=[0.0, 0.2564066280741535, 0.0] imu_quat_wxyz=[0.9993914695401563, 0.0, 0.03488109244801049, 0.0] status=0x0003
joint_pos=[9.206571590047705, -30.21443997418239, 35.311083253448174, 0.7268851053692701, 0.184298448812671, 3.4329536527662055] joint_vel=[5.560201070827698, 14.31937063958311, 20.41563359160235, -6.741568027542189, -2.450277894588682, 14.468625158771548] imu_ang_vel=[0.0, 0.14564895154566213, 0.0] imu_quat_wxyz=[0.9993237285698229, 0.0, 0.03677071548538376, 0.0] status=0x0003
joint_pos=[9.267296992237236, -29.788348915727084, 35.36110684482508, 0.4937182212428923, 0.1549642496534661, 3.671999302699635] joint_vel=[1.8555202087049212, 25.006784095445216, -6.738026200101881, -14.577340201634998, -1.0537646508065284, 12.085152349464474] imu_ang_vel=[0.0, 0.0038967146670767436, 0.0] imu_quat_wxyz=[0.9993037903186918, 0.0, 0.037308640483086304, 0.0] status=0x0003
joint_pos=[9.299194406576204, -29.115348463985377, 34.982602898634624, 0.16249540609148946, 0.1408981371493036, 3.918467269064027] joint_vel=[1.517937685610762, 38.4376335916178, -25.42189078342845, -17.721560883274037, -0.5413922672864133, 12.468954360875923] imu_ang_vel=[0.0, -0.06688731476627435, 0.0] imu_quat_wxyz=[0.9993212631701814, 0.0, 0.0368376570366916, 0.0] status=0x0003
joint_pos=[9.357880260702556, -28.16129953598701, 34.277361407565, -0.18576774019055092, 0.132913345389356, 4.172159055472218] joint_vel=[3.7681559327548544, 52.825822932221826, -40.48803317585354, -17.310036784904252, -0.3209520477325901, 12.786258688740176] imu_ang_vel=[0.0, -0.07309358121891082, 0.0] imu_quat_wxyz=[0.9993490190853611, 0.0, 0.03607683540897923, 0.0] status=0x0003
joint_pos=[9.502085179761854, -26.992483237661887, 33.270987501117986, -0.5169381830497555, 0.1288157192786422, 4.541275352280558] joint_vel=[8.102552547046782, 62.956915654600614, -55.73661035267245, -15.429427698909379, -0.43974528359859216, 12.660243581860179] imu_ang_vel=[0.0, -0.03887665617891274, 0.0] imu_quat_wxyz=[0.999369423504763, 0.0, 0.035507117085983364, 0.0] status=0x0003
joint_pos=[9.738847075315782, -25.699267290084702, 31.955353433005758, -0.801399520377541, 0.12517207506700023, 4.753839210400646] joint_vel=[14.051768501808946, 65.40197049890125, -71.07381395368114, -13.78866509721682, -0.08783138080229397, 10.976157637124064] imu_ang_vel=[0.0, -0.02081940216924236, 0.0] imu_quat_wxyz=[0.9993801651912625, 0.0, 0.03520348593939169, 0.0] status=0x0003
joint_pos=[10.097738134584734, -24.39778756828664, 30.373924698224386, -1.0593602697330406, 0.12453474207293555, 4.980659743925534] joint_vel=[20.08644083368321, 64.81352415337349, -83.27443767669111, -12.491392113986167, -0.016562826324911118, 11.661964220727546] imu_ang_vel=[0.0, 0.003484954627547776, 0.0] imu_quat_wxyz=[0.9993821537622519, 0.0, 0.035146987659293874, 0.0] status=0x0003
joint_pos=[10.585450009047202, -23.120627605532864, 28.572351824281395, -1.288407554081172, 0.12648550467953493, 5.3206244490051695] joint_vel=[28.22746003181504, 61.59193756869033, -93.40122889319844, -12.009712210485773, 0.3856225356310554, 32.86244491465048] imu_ang_vel=[0.0, 0.03899962675896181, 0.0] imu_quat_wxyz=[0.9993736650909616, 0.0, 0.035387533435640245, 0.0] status=0x0003
joint_pos=[11.184539436945636, -21.81748648622956, 26.582974631270037, -1.4295546780634052, 0.12583550096317425, 5.523197549859219] joint_vel=[32.34360069458264, 65.34081427843685, -102.38100039694777, -5.416030810581262, 0.052581551241770094, 9.951733608735456] imu_ang_vel=[0.0, 0.10732010561197916, 0.0] imu_quat_wxyz=[0.9993450725789633, 0.0, 0.03618599055085518, 0.0] status=0x0003
joint_pos=[11.832974393748286, -20.3909561598558, 24.48026100932452, -1.5006021895104236, 0.1251041159811776, 5.743796131190497] joint_vel=[32.42171007946733, 74.55449621612705, -106.49819769774233, -2.53890168889562, -0.05203065161355449, 11.619162040382534] imu_ang_vel=[0.0, 0.170731108991569, 0.0] imu_quat_wxyz=[0.9992903466573216, 0.0, 0.03766700250205705, 0.0] status=0x0003
joint_pos=[12.433889911418692, -18.707074069167952, 22.37775705307016, -1.498162862018933, 0.10108455108546403, 6.084328564766052] joint_vel=[27.71577621448579, 90.27066087639912, -104.37948505280706, 1.9499660603286104, -1.375710156744214, 12.174524755933268] imu_ang_vel=[0.0, 0.2478841070120446, 0.0] imu_quat_wxyz=[0.9992056010603433, 0.0, 0.03985181061931832, 0.0] status=0x0003
joint_pos=[12.758162023707087, -16.24035822217738, 20.14263752808182, -1.0679115386926092, -0.5198221011138268, 6.662511213569386] joint_vel=[9.656550719095279, 141.47520899260914, -115.56668725266255, 32.44578958934352, -47.576876824288675, 38.18081412131922] imu_ang_vel=[0.0, 0.3922078874563634, 0.0] imu_quat_wxyz=[0.9990681332329521, 0.0, 0.043160921658653414, 0.0] status=0x0003
joint_pos=[12.336622165958337, -13.010578270669834, 17.134165393398007, 0.22152769009085643, -3.2175180786170436, 8.490946721569111] joint_vel=[-31.24032653871714, 107.43786419751095, -219.02775506252488, 77.62586034007784, -179.40809932072577, 115.74430993762866] imu_ang_vel=[0.0, 0.28679336032519953, 0.0] imu_quat_wxyz=[0.9989096722761903, 0.0, 0.046684758038080344, 0.0] status=0x0003
sim t=    2.02s  x= 0.179m z= 0.532m pitch= 5.31deg action=[-1.0, 0.691, -0.134, 1.0, -0.974, 0.466]
joint_pos=[11.50858452903568, -10.902194565060027, 12.363745250515304, 2.1252492170257575, -8.08162618106629, 11.301795992105689] joint_vel=[-47.856686729911395, 106.51828024143474, -248.97459055523504, 104.7431314797519, -277.73095761923827, 153.52806680601552] imu_ang_vel=[0.0, -0.12391140960122425, 0.0] imu_quat_wxyz=[0.9989012148228348, 0.0, 0.04686537128269452, 0.0] status=0x0003
joint_pos=[10.61958422396096, -8.869481972693457, 7.851216693198395, 4.479891112179916, -13.722074881303719, 13.940513948961573] joint_vel=[-42.715268149366494, 99.53079618765081, -214.90799827573605, 124.70945314485802, -283.48309137551126, 120.26321974670287] imu_ang_vel=[0.0, -0.13335704052890712, 0.0] imu_quat_wxyz=[0.9989802336457981, 0.0, 0.04514967092888467, 0.0] status=0x0003
joint_pos=[9.92692921375782, -7.510134080135034, 4.558565235148237, 6.879079622109915, -19.22253645493114, 15.179346567745814] joint_vel=[-30.158397775709698, 50.991339888838205, -139.17602119441574, 116.92910515313885, -269.6853909333034, 30.727325083008463] imu_ang_vel=[0.0, -0.1564804785321029, 0.0] imu_quat_wxyz=[0.999039872911357, 0.0, 0.04381018526849271, 0.0] status=0x0003
joint_pos=[9.407360652573539, -7.262390358332134, 2.691913654189234, 8.896857366594846, -24.492282270740528, 14.550163630808681] joint_vel=[-23.677507789305395, -8.543921158786166, -69.60288191140442, 91.54965347440447, -259.563989249892, -64.64893760459553] imu_ang_vel=[0.0, -0.3829241369450327, 0.0] imu_quat_wxyz=[0.9991580931726104, 0.0, 0.04102566084383306, 0.0] status=0x0003
joint_pos=[8.853515335924003, -7.963752521093116, 3.152437953261036, 10.327809651235786, -29.24318155313035, 12.966003844296976] joint_vel=[-26.116806037942073, -54.130448244638565, 45.807146883901595, 58.04054695078307, -224.9907821268773, -86.8540766839846] imu_ang_vel=[0.0, -0.5873518773224482, 0.0] imu_quat_wxyz=[0.9993527695750091, 0.0, 0.0359727944808142, 0.0] status=0x0003
joint_pos=[8.359610107157739, -9.192435696211696, 4.072029419353278, 11.145527539551498, -33.1781724190578, 11.763621463567917] joint_vel=[-23.834270172555307, -65.81374328009507, 48.96207324921368, 31.358291044344895, -180.67308292349145, -45.67944910584665] imu_ang_vel=[0.0, -0.6871861374574708, 0.0] imu_quat_wxyz=[0.9995718337962155, 0.0, 0.02926002531220746, 0.0] status=0x0003
joint_pos=[7.850576052840697, -10.382612693850582, 4.985326871719573, 11.499695050711278, -36.08128316489729, 11.816117109020501] joint_vel=[-26.117024942098098, -56.373417394316036, 44.66137126826671, 10.210145679856215, -125.1809038191342, 28.23272404224977] imu_ang_vel=[0.0, -0.6531086905178646, 0.0] imu_quat_wxyz=[0.9997463172519206, 0.0, 0.022523346581316786, 0.0] status=0x0003
joint_pos=[7.437258230924744, -11.361428896205146, 5.783791088852903, 11.697614553362655, -37.989045203746755, 12.858300314402324] joint_vel=[-17.507986184016815, -45.125352840139044, 37.87167389437885, 9.767563447612009, -78.57106896100126, 64.90877829967347] imu_ang_vel=[0.0, -0.4630923682700643, 0.0] imu_quat_wxyz=[0.9998549868540806, 0.0, 0.017029540893000662, 0.0] status=0x0003
joint_pos=[7.216597616247285, -12.119049981590022, 6.461370750511497, 12.060070487821564, -39.289235309488355, 14.285871914440659] joint_vel=[-7.354852096493201, -34.138828713639725, 31.58132361526482, 22.705716652948432, -57.248679692393985, 74.81043782732208] imu_ang_vel=[0.0, -0.21947612651113052, 0.0] imu_quat_wxyz=[0.9999033746731802, 0.0, 0.013901126471827426, 0.0] status=0x0003
joint_pos=[7.1847592328830965, -12.679857978259736, 7.041703515785686, 12.710619372313019, -40.27988528908478, 15.666027506398281] joint_vel=[1.4715886185276157, -24.79624820405199, 27.142716111208397, 37.74512885139381, -45.09771776137481, 65.86196753095852] imu_ang_vel=[0.0, 0.012236437937756982, 0.0] imu_quat_wxyz=[0.9999132361334316, 0.0, 0.013172706827690126, 0.0] status=0x0003
joint_pos=[7.310034229271157, -13.07562409045379, 7.539331497661898, 13.612254799624036, -41.004868480021806, 16.691662947623637] joint_vel=[8.935257879692761, -17.116526910166147, 23.52305465180526, 49.09148603622306, -31.208998276987995, 43.46113756940932] imu_ang_vel=[0.0, 0.21448796674746826, 0.0] imu_quat_wxyz=[0.9998939024173318, 0.0, 0.014566533858106925, 0.0] status=0x0003
joint_pos=[7.51114383852601, -13.344814858217864, 7.972429415745565, 14.64171375752602, -41.45632210394994, 17.185947370753006] joint_vel=[10.663317174794681, -11.485757137981581, 20.850582861261955, 52.76778378518817, -17.694292648292823, 14.68671376987745] imu_ang_vel=[0.0, 0.3266962614849479, 0.0] imu_quat_wxyz=[0.9998468046555268, 0.0, 0.017503348826232435, 0.0] status=0x0003
joint_pos=[7.675907475458142, -13.536834316261526, 8.364104908209155, 15.63884652855039, -41.6231263325882, 17.199382049017867] joint_vel=[6.870926759337868, -8.595748551641314, 19.361529463702208, 48.246734160215844, -3.0986014045512422, -6.4814125146409785] imu_ang_vel=[0.0, 0.321023310328716, 0.0] imu_quat_wxyz=[0.9997828831057531, 0.0, 0.020837145887762816, 0.0] status=0x0003
joint_pos=[7.714679634788597, -13.69283318815942, 8.735628284187856, 16.443480946214454, -41.42363270234839, 16.897448285449975] joint_vel=[-0.5999606061834899, -7.479949937435098, 18.724690051631253, 35.96772466780694, 17.283686041478283, -19.66529972953232] imu_ang_vel=[0.0, 0.22330824911753633, 0.0] imu_quat_wxyz=[0.9997237948688649, 0.0, 0.02350178659157371, 0.0] status=0x0003
joint_pos=[7.5591063015010365, -13.778104713088327, 9.193559537934565, 16.95044279554686, -40.72569878875372, 16.346919324415005] joint_vel=[-9.361344303768456, -7.101865966029764, 18.008700811503573, 17.996841619145485, 45.88092693384829, -31.74340325180566] imu_ang_vel=[0.0, 0.12824957360853026, 0.0] imu_quat_wxyz=[0.9996869212091191, 0.0, 0.025021182294858554, 0.0] status=0x0003
joint_pos=[7.242929590275, -13.891132598442235, 9.495262913520854, 17.051369022655606, -39.42687160746473, 15.561497646060582] joint_vel=[-19.418568234274844, -4.6395870127867305, 15.110277859015566, -1.717051675432555, 75.36868753377304, -43.238786031790376] imu_ang_vel=[0.0, -0.07374063129857751, 0.0] imu_quat_wxyz=[0.9996901715081169, 0.0, 0.024890982103402622, 0.0] status=0x0003
joint_pos=[6.712085966568155, -13.862597410271896, 9.84988207007375, 16.787775499484052, -37.52981799744382, 14.64088578968879] joint_vel=[-28.459979003617715, 1.0028759260027997, 12.819372034251067, -20.746716188936965, 106.49702735850903, -47.50845333637636] imu_ang_vel=[0.0, -0.1567980524125729, 0.0] imu_quat_wxyz=[0.9997244747928825, 0.0, 0.02347284601609433, 0.0] status=0x0003
joint_pos=[6.032661798691399, -13.766590799951365, 10.041131122113969, 16.139253064746956, -35.05919623457873, 13.63400658347835] joint_vel=[-37.130358328512784, 7.086159687191089, 8.950751652874626, -38.70683492785267, 132.78397428629538, -51.796073927860924] imu_ang_vel=[0.0, -0.29752866530376015, 0.0] imu_quat_wxyz=[0.9997816914894444, 0.0, 0.020894242329059787, 0.0] status=0x0003
joint_pos=[5.177262337419321, -13.473940638614938, 10.249745158269741, 15.186987976274901, -32.12613974057631, 12.58524079447681] joint_vel=[-43.860882100793766, 15.289762903032525, 3.9195505600006837, -53.80364571681493, 154.8732122097415, -52.76834059522544] imu_ang_vel=[0.0, -0.35639443919140473, 0.0] imu_quat_wxyz=[0.9998452770879276, 0.0, 0.017590391836607388, 0.0] status=0x0003
joint_pos=[4.227614764017572, -13.06684413255136, 10.298313076235985, 13.95877622542302, -28.84881808572399, 11.489073843107947] joint_vel=[-49.42136956569765, 23.22709615298779, 1.5787671273614743, -65.55041476598929, 168.53266668463243, -55.847280224847225] imu_ang_vel=[0.0, -0.38754319614044436, 0.0] imu_quat_wxyz=[0.9999047157448535, 0.0, 0.013804326539304263, 0.0] status=0x0003
joint_pos=[3.2020688225482723, -12.525832484631303, 10.395160941451062, 12.554214833830034, -25.39859049879481, 10.338740628027246] joint_vel=[-50.462592642475656, 25.859392298268364, -0.45033416082051003, -74.06805252527012, 174.96172692133624, -58.40147280841199] imu_ang_vel=[0.0, -0.38721629372144756, 0.0] imu_quat_wxyz=[0.9999499225979795, 0.0, 0.010007611917669586, 0.0] status=0x0003
joint_pos=[2.230176405451062, -12.04679398754321, 10.43582972733877, 11.002891563236064, -21.89581011319249, 9.160620703772745] joint_vel=[-47.52563163073837, 22.980721405619853, 3.1650288143037004, -79.49035560169123, 174.82902397446207, -59.13175175727043] imu_ang_vel=[0.0, -0.3539831138428594, 0.0] imu_quat_wxyz=[0.9999800292258935, 0.0, 0.006319901057877813, 0.0] status=0x0003
joint_pos=[1.387690967907556, -11.73505297826311, 10.692853601328247, 9.388741006222146, -18.45942561947532, 7.997831610270305] joint_vel=[-37.17001077699993, 7.781049543163661, 10.40883141367209, -82.85826967450832, 170.36282979905457, -57.62052764198781] imu_ang_vel=[0.0, -0.2976097556855528, 0.0] imu_quat_wxyz=[0.9999947940130786, 0.0, 0.003226754831176624, 0.0] status=0x0003
joint_pos=[0.8653744799911176, -11.91307698923192, 11.112233429230077, 7.7240552514110945, -15.135147608852005, 6.942836781717044] joint_vel=[-19.94285653507801, -18.280967626510122, 26.52303010640583, -83.56143845090185, 163.52503438513463, -50.113751746621] imu_ang_vel=[0.0, -0.20379325148469365, 0.0] imu_quat_wxyz=[0.9999996742934975, 0.0, 0.0008071015419287573, 0.0] status=0x0003
joint_pos=[0.7743997091459327, -12.762175661534492, 11.931017216304642, 6.061753605002219, -11.934283867195182, 6.152211086593961] joint_vel=[3.8455658281620586, -56.06373252843016, 48.60718219960265, -83.17372460385411, 157.71428893604727, -33.85326079948423] imu_ang_vel=[0.0, -0.08288637020756172, 0.0] imu_quat_wxyz=[0.9999998803852707, 0.0, -0.0004891108711784295, 0.0] status=0x0003
joint_pos=[0.9127559441718772, -13.737285636168567, 13.342190468352042, 4.909209987287043, -10.067576497233475, 5.218419913908949] joint_vel=[6.836299449621114, -32.165274104576206, 84.81889052393494, -42.3036096276167, 58.821415063931916, -19.88982559790911] imu_ang_vel=[0.0, -0.017266757032734115, 0.0] imu_quat_wxyz=[0.9999995728641019, 0.0, -0.000924268150348503, 0.0] status=0x0003
joint_pos=[1.1861167004559605, -14.155656235348609, 15.657612445921014, 4.2720179281101585, -8.969138103906143, 4.9017571067982155] joint_vel=[17.432195563030294, -14.444900557127054, 132.23888746136453, -26.117823592177533, 53.002243444497736, -14.561796791393116] imu_ang_vel=[0.0, 0.20004053537179822, 0.0] imu_quat_wxyz=[0.9999999702971571, 0.0, 0.0002437328143144179, 0.0] status=0x0003
joint_pos=[1.8644648908280985, -14.834602350844538, 18.604789091705886, 3.895021778801955, -7.868820900680462, 4.586062652754791] joint_vel=[42.94675020978267, -44.51675630491997, 155.26044286875168, -15.04583988569058, 56.521519614275945, -16.770359872659366] imu_ang_vel=[0.0, 0.402629248658634, 0.0] imu_quat_wxyz=[0.9999937916606657, 0.0, 0.003523725319194398, 0.0] status=0x0003
joint_pos=[2.885790934109073, -16.203919394481527, 21.83271301957258, 3.5579453004132886, -6.685559993801403, 4.233902585467611] joint_vel=[55.435235744905604, -81.50091878865065, 164.4650802798216, -18.037728421838203, 61.053818860839925, -18.482054949448408] imu_ang_vel=[0.0, 0.435055661013335, 0.0] imu_quat_wxyz=[0.999968516968132, 0.0, 0.007935053405903862, 0.0] status=0x0003
joint_pos=[4.0861363026613144, -18.228973977975734, 24.737775519896896, 3.1035103835655353, -5.285680594730227, 3.7703685909152065] joint_vel=[62.45172323913771, -111.95892407093329, 134.79065952811771, -25.50770236023528, 75.54855097403323, -25.753364393560584] imu_ang_vel=[0.0, 0.42743935420544116, 0.0] imu_quat_wxyz=[0.9999252945713318, 0.0, 0.01222314511225449, 0.0] status=0x0003
joint_pos=[5.299687783383158, -20.653446040457798, 26.94121741099243, 2.4493304227098327, -3.565937125140691, 3.160435043170508] joint_vel=[59.63920652816438, -126.1204053798212, 96.88118189443749, -36.839168086713585, 92.50550323983765, -33.30660090449457] imu_ang_vel=[0.0, 0.3988162241434947, 0.0] imu_quat_wxyz=[0.9998663483617442, 0.0, 0.016348865824615647, 0.0] status=0x0003
joint_pos=[6.4379809402408625, -23.20321006184602, 28.55882706861131, 1.6079988573346826, -1.4824097424302347, 2.3918994060142644] joint_vel=[55.39963531621483, -127.99456412825249, 72.25290942593949, -45.10435017384707, 111.5291994603998, -41.569940504589155] imu_ang_vel=[0.0, 0.42212669500250743, 0.0] imu_quat_wxyz=[0.9997915043463134, 0.0, 0.020419300598590467, 0.0] status=0x0003
joint_pos=[7.464140907924065, -25.676308848426558, 29.843619134569217, 0.7531670816480159, 0.6698165465643752, 1.6051199406023278] joint_vel=[44.744566016030966, -124.30401900640764, 59.88396506283447, -26.726470970454066, 61.578884461255235, -17.786545184380735] imu_ang_vel=[0.0, 0.5281670005779916, 0.0] imu_quat_wxyz=[0.9996816227900401, 0.0, 0.02523198477868511, 0.0] status=0x0003
joint_pos=[8.134184476278516, -28.11393039514195, 30.884713302444656, 0.5712064397208191, 0.7138265815640522, 1.8386227484038518] joint_vel=[28.791969115658883, -118.7952243834901, 47.827065353380334, -5.841188938059985, -11.884510654301694, 19.028013803349477] imu_ang_vel=[0.0, 0.06518741923263838, 0.0] imu_quat_wxyz=[0.9996359007912391, 0.0, 0.026982695367363137, 0.0] status=0x0003
joint_pos=[8.519708766855123, -29.634329086823247, 32.19600479377844, 0.5404140474794382, 0.45889359340592234, 2.243702224774095] joint_vel=[14.18878965743101, -52.008351907144856, 75.08840362608314, 0.1727932589263126, -11.427207137892802, 20.021729788434666] imu_ang_vel=[0.0, 0.12714476605068759, 0.0] imu_quat_wxyz=[0.9996139027834204, 0.0, 0.027785704275731963, 0.0] status=0x0003
joint_pos=[8.79613662431018, -30.12618520553135, 33.672344629072114, 0.6343533319452641, 0.2940462851400518, 2.6145016362975393] joint_vel=[13.732113836857744, -9.238884102155886, 73.11740122010549, 7.245157709735356, -6.521755481486347, 17.75528243584092] imu_ang_vel=[0.0, 0.28728841630341917, 0.0] imu_quat_wxyz=[0.9995491733142874, 0.0, 0.030024159051081117, 0.0] status=0x0003
joint_pos=[9.00984383562052, -30.041530273538754, 34.7713942261304, 0.7122668589573555, 0.20733086843270893, 2.948139405937583] joint_vel=[9.093813596099103, 11.712824744216077, 45.200114612581835, 2.070047359862903, -3.314398744703036, 16.27400308304024] imu_ang_vel=[0.0, 0.28032240326201396, 0.0] imu_quat_wxyz=[0.9994536668148795, 0.0, 0.033050989248310715, 0.0] status=0x0003
joint_pos=[9.143127147725366, -29.755667050167734, 35.28680011130641, 0.6108877274360321, 0.1659172612826599, 3.3760333935615545] joint_vel=[4.376869602041999, 17.2465070115665, 15.129023828392938, -8.184078360754523, -1.8334825905371621, 14.974746187506877] imu_ang_vel=[0.0, 0.1478548556412602, 0.0] imu_quat_wxyz=[0.9993842593269308, 0.0, 0.03508706612930354, 0.0] status=0x0003
joint_pos=[9.194794819870244, -29.346837923827575, 35.24249689635145, 0.34651536628481244, 0.14480734921734287, 3.623893601235443] joint_vel=[1.7968307090585651, 22.031498616166477, -11.148165606041179, -16.22586739835558, -0.7385930640816358, 12.558723365095181] imu_ang_vel=[0.0, -0.008186766376514195, 0.0] imu_quat_wxyz=[0.9993684529939956, 0.0, 0.035534422190154485, 0.0] status=0x0003
joint_pos=[9.233180476562199, -28.741655940539506, 34.78886921138954, -0.00783248107648308, 0.13525798225781233, 3.880146687877076] joint_vel=[2.046633089037808, 34.82181811886081, -28.824025987610852, -18.60559027468834, -0.36279716739416834, 12.976119345782548] imu_ang_vel=[0.0, -0.0721314857870356, 0.0] imu_quat_wxyz=[0.9993884200814951, 0.0, 0.03496835436524184, 0.0] status=0x0003
joint_pos=[9.309705479480499, -27.862259322208317, 34.01825123758651, -0.36170702035092883, 0.12964424072687744, 4.143978407558908] joint_vel=[4.853363367196661, 49.03590909747307, -43.681428917976476, -17.25580633141537, -0.23009840141170015, 13.298986864396058] imu_ang_vel=[0.0, -0.06441236006243281, 0.0] imu_quat_wxyz=[0.9994136885293715, 0.0, 0.0342385627635902, 0.0] status=0x0003
joint_pos=[9.476239753755495, -26.76943404037696, 32.96129964798163, -0.68728853366685, 0.12689501125669483, 4.52360320197365] joint_vel=[9.227606886218451, 59.14654058237818, -57.904350352228214, -15.026643056689236, -0.3843913026524808, 13.21868578347273] imu_ang_vel=[0.0, -0.022284960544758165, 0.0] imu_quat_wxyz=[0.9994281933802518, 0.0, 0.0338125165683663, 0.0] status=0x0003
joint_pos=[9.736814029891507, -25.55805732940575, 31.623857562593223, -0.9617771004429119, 0.1241695901593844, 4.747199673598628] joint_vel=[15.275171641275387, 61.163233125769445, -71.58641113270033, -13.233451407570305, -0.05260878522106938, 11.528868149782644] imu_ang_vel=[0.0, -0.0012106861775189378, 0.0] imu_quat_wxyz=[0.9994321090647386, 0.0, 0.03369657802223357, 0.0] status=0x0003
joint_pos=[10.119649236703877, -24.339634071993107, 30.04948921758119, -1.2071939188337364, 0.12410561036008813, 4.984548396750332] joint_vel=[21.268167664269136, 60.71856137766909, -82.45800653264095, -11.823460097924208, 0.008380160913979444, 12.184386518549159] imu_ang_vel=[0.0, 0.024661876716799997, 0.0] imu_quat_wxyz=[0.9994270449009582, 0.0, 0.03384644620249062, 0.0] status=0x0003
joint_pos=[10.62873405597794, -23.135792621342343, 28.27545598593568, -1.4217035104791345, 0.12653336094415735, 5.333440345699586] joint_vel=[29.225954800166054, 58.19344810917557, -91.73069145186103, -11.234803711106386, 0.4072896308806054, 33.13325974485633] imu_ang_vel=[0.0, 0.06127032541337317, 0.0] imu_quat_wxyz=[0.9994113819702274, 0.0, 0.03430582440869421, 0.0] status=0x0003
joint_pos=[11.242945873984194, -21.887091506981868, 26.327120549887056, -1.5480949664363282, 0.126353103686319, 5.546600099698448] joint_vel=[32.95865162685673, 63.021825850670965, -100.13195716548644, -4.6804045171520245, 0.07218415615217273, 10.481885707602231] imu_ang_vel=[0.0, 0.12955969444592508, 0.0] imu_quat_wxyz=[0.9993757795098095, 0.0, 0.03532776994321507, 0.0] status=0x0003
joint_pos=[11.897974799752406, -20.490187971979047, 24.27583934829667, -1.6038116970021605, 0.1247183770050383, 5.77855713506026] joint_vel=[32.598685760659706, 73.5448470498681, -103.75572385131696, -1.760655530367204, -0.1069910201071651, 12.190973924651058] imu_ang_vel=[0.0, 0.19297693035741212, 0.0] imu_quat_wxyz=[0.9993141367524863, 0.0, 0.03703047510676984, 0.0] status=0x0003
joint_pos=[12.492447469898105, -18.7858974412926, 22.22845728303379, -1.5781308839752484, 0.09856068563317036, 6.131848012542421] joint_vel=[27.124603739337193, 92.41920925792351, -101.61522137563526, 3.3209651443281913, -1.4817041717375914, 12.871184515912496] imu_ang_vel=[0.0, 0.2786412869747319, 0.0] imu_quat_wxyz=[0.9992203350706639, 0.0, 0.03948065325283094, 0.0] status=0x0003
joint_pos=[12.77729012274457, -16.2344316910477, 20.023905884640342, -1.0808998738169089, -0.6247321914760721, 6.774563211579738] joint_vel=[6.902540243625816, 146.86031076492765, -114.70026668376234, 36.88637467699607, -55.49122224486372, 42.806507034507305] imu_ang_vel=[0.0, 0.41530468811165716, 0.0] imu_quat_wxyz=[0.999071961866314, 0.0, 0.043072206962198274, 0.0] status=0x0003
joint_pos=[12.30922450119956, -12.919155591914231, 17.005021860509686, 0.28687170178549737, -3.474543845382075, 8.705692110536845] joint_vel=[-32.362227381606544, 109.69496603219348, -221.6323809490622, 80.8621632655091, -186.51772351067567, 121.8212061415102] imu_ang_vel=[0.0, 0.30330672479174947, 0.0] imu_quat_wxyz=[0.9989053909910526, 0.0, 0.04677627442424591, 0.0] status=0x0003
sim t=    3.02s  x= 0.293m z= 0.532m pitch= 5.33deg action=[-1.0, 0.672, -0.132, 1.0, -0.956, 0.427]
joint_pos=[11.467513907490025, -10.786014401834597, 12.20260656772812, 2.2383923123548755, -8.428505097458487, 11.53155349003763] joint_vel=[-48.36307005954881, 107.26845928486537, -249.95958387414322, 106.69051688745814, -280.77906900571867, 151.44037357956208] imu_ang_vel=[0.0, -0.12071853057295898, 0.0] imu_quat_wxyz=[0.9988953545714554, 0.0, 0.04699011189140154, 0.0] status=0x0003
joint_pos=[10.567669785870514, -8.757487514205575, 7.686848568720298, 4.603478388607781, -14.096455836946566, 14.08588505843296] joint_vel=[-43.260020802980804, 98.77323544908256, -214.63867751714088, 124.43760348520271, -283.9470297746609, 114.91277325617355] imu_ang_vel=[0.0, -0.13827245432517565, 0.0] imu_quat_wxyz=[0.9989750086883675, 0.0, 0.04526513024476956, 0.0] status=0x0003
joint_pos=[9.86699344247938, -7.435872213965328, 4.411162686090748, 6.976558647453933, -19.582267172052262, 15.197510917275023] joint_vel=[-30.46751138073545, 48.45882752989973, -138.0183532165403, 115.0475942084848, -268.307462410123, 23.83643296366696] imu_ang_vel=[0.0, -0.17134799627942784, 0.0] imu_quat_wxyz=[0.9990396778370721, 0.0, 0.043814633482422524, 0.0] status=0x0003
joint_pos=[9.346351754341992, -7.2493009519259966, 2.5674287456271774, 8.941497923423267, -24.795338562988594, 14.454700834999215] joint_vel=[-23.582222978458116, -11.907090062957781, -68.45767258270003, 88.49223687333907, -255.94765182068448, -69.67354661474936] imu_ang_vel=[0.0, -0.40002225265007774, 0.0] imu_quat_wxyz=[0.9991649282826368, 0.0, 0.04085885571027705, 0.0] status=0x0003
joint_pos=[8.800291999662845, -8.041177931971927, 3.2331491004415387, 10.309258761317533, -29.426253719610912, 12.806159576101996] joint_vel=[-27.389692945635648, -53.65431499937475, 44.666671311607104, 55.204296689733965, -221.14420518537386, -88.75873414647597] imu_ang_vel=[0.0, -0.5989431960990877, 0.0] imu_quat_wxyz=[0.9993627916551983, 0.0, 0.03569328585502746, 0.0] status=0x0003
joint_pos=[8.287209152068113, -9.260238198962512, 4.173280517828727, 11.081201342585805, -33.2768391843019, 11.609010707756143] joint_vel=[-24.59232981214728, -65.2334212915605, 49.775428303993344, 29.3411196030454, -176.38402671732584, -44.248855932127285] imu_ang_vel=[0.0, -0.6849316422386622, 0.0] imu_quat_wxyz=[0.9995805897537062, 0.0, 0.028959360967273667, 0.0] status=0x0003
joint_pos=[7.775171200773629, -10.43621865886035, 5.093197545422774, 11.420680714288853, -36.114681223554136, 11.728006451398992] joint_vel=[-25.962496365392752, -55.560022472967546, 44.79903428458712, 10.19640381811374, -122.48116112443384, 32.56604562456315] imu_ang_vel=[0.0, -0.6380234360179331, 0.0] imu_quat_wxyz=[0.9997508394422497, 0.0, 0.022321716657037406, 0.0] status=0x0003
joint_pos=[7.372338390607686, -11.396451036708118, 5.890607793428784, 11.63809927930935, -37.98417430730519, 12.860627958260924] joint_vel=[-16.79665662996118, -44.11219983339723, 37.71010878852989, 11.293275173905009, -77.09253215845544, 69.52591991282762] imu_ang_vel=[0.0, -0.43796990966380706, 0.0] imu_quat_wxyz=[0.9998547228991069, 0.0, 0.017045031427078163, 0.0] status=0x0003
joint_pos=[7.168374963825524, -12.131666972628238, 6.563405796689301, 12.041149044301006, -39.25937890570762, 14.362024880654019] joint_vel=[-6.461473999596862, -32.9448748163258, 31.279218242953277, 25.016834405047078, -56.12876143912913, 78.00264283872417] imu_ang_vel=[0.0, -0.1894345607664695, 0.0] imu_quat_wxyz=[0.9998991365300345, 0.0, 0.014202702788253089, 0.0] status=0x0003
joint_pos=[7.149946529733154, -12.669931540284496, 7.138582613751247, 12.739637984609454, -40.238384616379825, 15.775354789428405] joint_vel=[2.0623223160437596, -23.712367181876605, 26.896386376419837, 40.22777443698145, -44.81574214827696, 66.69834339931657] imu_ang_vel=[0.0, 0.03740219088431686, 0.0] imu_quat_wxyz=[0.9999054117583821, 0.0, 0.013753818971481584, 0.0] status=0x0003
joint_pos=[7.28428625486745, -13.045987355468544, 7.632217742072904, 13.691540699119189, -40.9682162418359, 16.801842855417522] joint_vel=[9.305772881362193, -16.175244735415045, 23.346417118592953, 51.61932402275451, -31.744735358751758, 43.07829153261393] imu_ang_vel=[0.0, 0.23521687088959636, 0.0] imu_quat_wxyz=[0.9998818200417499, 0.0, 0.015373547085749928, 0.0] status=0x0003
joint_pos=[7.489403364955163, -13.30187050194996, 8.063832357166511, 14.76611508728625, -41.43435314607023, 17.278215616674494] joint_vel=[10.763639340878498, -10.964935485083783, 20.854357885820715, 54.871241215330656, -18.539109448022284, 13.5174676453669] imu_ang_vel=[0.0, 0.3398675441494094, 0.0] imu_quat_wxyz=[0.9998293517120425, 0.0, 0.01847342564542199, 0.0] status=0x0003
joint_pos=[7.651364741405949, -13.487934241125398, 8.456942172792703, 15.795312024679209, -41.61383374298752, 17.263478966357944] joint_vel=[6.595556739678665, -8.417925992417453, 19.49932526086498, 49.5724859344644, -3.6145899861345456, -8.016303254306825] imu_ang_vel=[0.0, 0.32477590142829565, 0.0] imu_quat_wxyz=[0.999760572887436, 0.0, 0.02188142819346604, 0.0] status=0x0003
joint_pos=[7.67999016185486, -13.643764654278211, 8.832408299640525, 16.615460749976496, -41.4170984224707, 16.927895013969948] joint_vel=[-1.2339701387824473, -7.5657825267058465, 18.971491202694068, 36.43769017138634, 17.355741416104127, -21.424687981212724] imu_ang_vel=[0.0, 0.21794818012433836, 0.0] imu_quat_wxyz=[0.9996991877044884, 0.0, 0.024526192182769236, 0.0] status=0x0003
joint_pos=[7.512318129073254, -13.738788574588595, 9.283063908289035, 17.120238274065755, -40.707533546196046, 16.34292376929013] joint_vel=[-9.94577125038113, -7.498738085290515, 16.407623829639817, 17.522771735884945, 46.64028765611268, -33.43698627066557] imu_ang_vel=[0.0, 0.07494927195668842, 0.0] imu_quat_wxyz=[0.999663390557204, 0.0, 0.025944278361039703, 0.0] status=0x0003
joint_pos=[7.177440465064282, -13.83537855948792, 9.58885810184131, 17.20964887765073, -39.37202576215764, 15.534099371531537] joint_vel=[-20.27313708952038, -3.447964423595329, 15.17339817730475, -2.507609090847109, 77.87010632739408, -44.130945532529296] imu_ang_vel=[0.0, -0.07533886528536175, 0.0] imu_quat_wxyz=[0.9996688380118202, 0.0, 0.025733524983904424, 0.0] status=0x0003
joint_pos=[6.628395000404754, -13.793722311794452, 9.933233118847427, 16.924352147372748, -37.4350066774371, 14.571094775080025] joint_vel=[-29.345222103520065, 1.4626569931205011, 11.327920076092449, -22.040613376280564, 108.10271370187871, -50.2785989674003] imu_ang_vel=[0.0, -0.1968574350982022, 0.0] imu_quat_wxyz=[0.9997049191569469, 0.0, 0.024291451447004377, 0.0] status=0x0003
joint_pos=[5.926657342318191, -13.667615839500092, 10.123146207822433, 16.25818092943102, -34.93576735400647, 13.536120629262316] joint_vel=[-38.15849147250382, 8.932774414225898, 8.708742965921324, -39.49060285636515, 134.1652898390223, -52.47268902626171] imu_ang_vel=[0.0, -0.2961404784399452, 0.0] imu_quat_wxyz=[0.9997651853516436, 0.0, 0.021669659867974204, 0.0] status=0x0003
joint_pos=[5.047638791853325, -13.349049735589945, 10.31729276298243, 15.283507323185429, -31.98839907771211, 12.469346327254753] joint_vel=[-45.42056674760629, 16.823345285974696, 3.757784022266965, -54.94424570032505, 155.07603625175517, -53.778646862586534] imu_ang_vel=[0.0, -0.3645943005645739, 0.0] imu_quat_wxyz=[0.9998316214779996, 0.0, 0.018350168736935464, 0.0] status=0x0003
joint_pos=[4.050826626925056, -12.876427609126926, 10.443847559138602, 14.051150206163369, -28.719928336121804, 11.361409774009692] joint_vel=[-50.43389810050659, 23.939849158271716, 1.2842173352800816, -66.48209591383704, 168.48831394716487, -56.258809199287164] imu_ang_vel=[0.0, -0.36022022195133374, 0.0] imu_quat_wxyz=[0.9998937639664596, 0.0, 0.014576034473957573, 0.0] status=0x0003
joint_pos=[3.022209447911929, -12.374304590355356, 10.44371645792805, 12.60794737862509, -25.2831967494142, 10.20415964333816] joint_vel=[-52.18004098345227, 26.185866066934086, 0.03510041568689849, -75.1047612163945, 173.2755282714327, -58.669655560321374] imu_ang_vel=[0.0, -0.40839862838087476, 0.0] imu_quat_wxyz=[0.9999445102346423, 0.0, 0.01053453613603322, 0.0] status=0x0003
joint_pos=[2.0052773775302595, -11.84617520933356, 10.566065408503938, 11.051538492920786, -21.799387866589143, 9.040124642419514] joint_vel=[-48.03025143845608, 22.770532297548165, 1.416952945638901, -80.77076910763424, 175.00669853301886, -57.96104070229665] imu_ang_vel=[0.0, -0.36901570733175293, 0.0] imu_quat_wxyz=[0.9999772925636772, 0.0, 0.006739017511325942, 0.0] status=0x0003
joint_pos=[1.1781142403053937, -11.573206018684056, 10.722026121038907, 9.404591253083762, -18.354068200122835, 7.893327075028995] joint_vel=[-37.63968534416626, 8.610238196471437, 11.10121245740688, -83.26816296425642, 170.34010329028814, -56.96961049572409] imu_ang_vel=[0.0, -0.3001062205981194, 0.0] imu_quat_wxyz=[0.9999940532053886, 0.0, 0.003448703214032247, 0.0] status=0x0003
joint_pos=[0.632643612170713, -11.698455015080244, 11.255042706471547, 7.756322113844739, -15.048273418670254, 6.8528834721081076] joint_vel=[-24.678184463188884, -8.071479583107504, 46.799981255449495, -79.72072841980271, 161.19325957025512, -49.24517196467335] imu_ang_vel=[0.0, -0.20098835144101296, 0.0] imu_quat_wxyz=[0.9999994554784409, 0.0, 0.0010435721449019357, 0.0] status=0x0003
joint_pos=[0.5925019793039287, -12.615174456483425, 12.068055558983732, 6.108518539527815, -11.885397034428923, 6.074550182316847] joint_vel=[7.260105172932619, -60.389421028785534, 48.37011303019252, -81.87744443966783, 155.11680883481807, -33.26965840075429] imu_ang_vel=[0.0, -0.07640090504192888, 0.0] imu_quat_wxyz=[0.9999999957826711, 0.0, -9.184039342637934e-05, 0.0] status=0x0003
joint_pos=[0.7682872273265339, -13.694136309974928, 13.45934653694948, 4.9465292438291835, -10.029808089141353, 5.163579260521202] joint_vel=[7.865406036432359, -38.40137532251346, 82.7558585958041, -43.77174611087953, 59.13628175974874, -19.740203889419764] imu_ang_vel=[0.0, -0.03502981273070306, 0.0] imu_quat_wxyz=[0.999999840237067, 0.0, -0.0005652661678199013, 0.0] status=0x0003
joint_pos=[1.0487586644823421, -14.217603279719247, 15.765691069105044, 4.279818463701169, -8.93689895239934, 4.852461454105359] joint_vel=[17.4179113911281, -19.140998489600843, 132.64841197216302, -27.599294614395397, 52.390416703561826, -14.146425278066612] imu_ang_vel=[0.0, 0.1681268856454375, 0.0] imu_quat_wxyz=[0.9999999515838159, 0.0, 0.0003111789931146405, 0.0] status=0x0003
joint_pos=[1.7559919891253088, -14.945805268794997, 18.67095449780005, 3.8994698148417726, -7.813459918990483, 4.523319316917701] joint_vel=[45.208926262882315, -45.72763117514526, 151.83346649531384, -14.48933603658047, 58.68610657153263, -18.011952806597616] imu_ang_vel=[0.0, 0.41308848396969244, 0.0] imu_quat_wxyz=[0.9999939480872839, 0.0, 0.0034790499861958764, 0.0] status=0x0003
joint_pos=[2.810742252252391, -16.308051815084227, 21.883570625002335, 3.566711132625991, -6.57849912668138, 4.144065932365089] joint_vel=[56.7924602977698, -80.27568298678047, 165.12825981480742, -18.00641622047516, 63.891859407702256, -19.948646533998687] imu_ang_vel=[0.0, 0.4577068877341303, 0.0] imu_quat_wxyz=[0.9999670129912159, 0.0, 0.008122372155059543, 0.0] status=0x0003
joint_pos=[4.05188744553429, -18.33692759798306, 24.82476972724903, 3.1218903006272556, -5.134059205615607, 3.6558549898918296] joint_vel=[64.86144719377883, -112.92588960788115, 137.2039321932391, -24.79177254788477, 77.4541143550045, -26.861442925832897] imu_ang_vel=[0.0, 0.4520100764442164, 0.0] imu_quat_wxyz=[0.9999200383915147, 0.0, 0.012645822358070944, 0.0] status=0x0003
joint_pos=[5.304701003714279, -20.771240123541133, 27.08383321739327, 2.4786049013740326, -3.3810679284348994, 3.0264697975182107] joint_vel=[61.358515840839, -126.3494283210658, 99.85732416120538, -36.391839487553156, 94.04310509378696, -34.20443591256817] imu_ang_vel=[0.0, 0.4185763070990298, 0.0] imu_quat_wxyz=[0.9998555697356806, 0.0, 0.01699528371453493, 0.0] status=0x0003
joint_pos=[6.473959841984839, -23.33108552100645, 28.751183266434005, 1.642359519474349, -1.2694024525277432, 2.2408269554041502] joint_vel=[56.85282401600315, -128.6515820206721, 74.47505055469809, -44.96173028075217, 112.872423927512, -42.39161260329463] imu_ang_vel=[0.0, 0.4350338831013718, 0.0] imu_quat_wxyz=[0.9997748167734503, 0.0, 0.02122064432607952, 0.0] status=0x0003
joint_pos=[7.51963049773021, -25.820005352891368, 30.065292558654626, 0.7891588148537829, 0.8907021463224939, 1.447038733727691] joint_vel=[45.23811359390115, -125.29088646732744, 60.93736987183573, -25.987032779404426, 59.36695302754988, -16.912931691153748] imu_ang_vel=[0.0, 0.5318786724415744, 0.0] imu_quat_wxyz=[0.9996591340472173, 0.0, 0.026107771179626222, 0.0] status=0x0003
joint_pos=[8.18685495109239, -28.274574550307403, 31.12330126471009, 0.6278329621779983, 0.8506439219197743, 1.718232504004699] joint_vel=[28.412646151671154, -119.50078069145829, 48.56464683055824, -5.038738930260389, -16.049980950173982, 20.91626091275951] imu_ang_vel=[0.0, 0.04109626622918304, 0.0] imu_quat_wxyz=[0.9996168723491335, 0.0, 0.027678665338777886, 0.0] status=0x0003
joint_pos=[8.557421878969995, -29.77052715863691, 32.466551542407046, 0.6085524611647337, 0.5325936129278874, 2.1524863443205553] joint_vel=[13.271301029497996, -49.711439807653875, 77.14912185044106, 0.6368252840871415, -13.97386799124823, 21.199741812463056] imu_ang_vel=[0.0, 0.10825748627474621, 0.0] imu_quat_wxyz=[0.9996006482387598, 0.0, 0.0282585215581282, 0.0] status=0x0003
joint_pos=[8.820319333084361, -30.199442006824725, 33.979308742261836, 0.7147072948907432, 0.3322348523586928, 2.539793579600165] joint_vel=[13.236436974400622, -5.832069996279576, 74.81610262713508, 7.93640755326788, -7.907864616160554, 18.388435914311934] imu_ang_vel=[0.0, 0.28296003226774835, 0.0] imu_quat_wxyz=[0.9995379372244263, 0.0, 0.030395921587257815, 0.0] status=0x0003
joint_pos=[9.02383741788802, -30.048112471220044, 35.08801366814604, 0.8021471763769877, 0.22664630592629226, 2.8818904541821158] joint_vel=[8.57472182235882, 14.99524004548103, 45.03093371267537, 2.43971735340768, -4.0429448429198125, 16.59987487531899] imu_ang_vel=[0.0, 0.27938937934535313, 0.0] imu_quat_wxyz=[0.999441712357724, 0.0, 0.03341053126576161, 0.0] status=0x0003
joint_pos=[9.14576263497652, -29.713325512633364, 35.579505646338795, 0.7000692465238549, 0.17666058003534058, 3.3161163302910803] joint_vel=[6.325779155281417, 15.5164201679938, 13.908443673447069, -10.634690107417619, -1.5296884528677217, 39.536258723771354] imu_ang_vel=[0.0, 0.13261199336645074, 0.0] imu_quat_wxyz=[0.9993736074160331, 0.0, 0.03538916218653184, 0.0] status=0x0003
joint_pos=[9.207737212034646, -29.28661849532924, 35.516477310070215, 0.4416338999189693, 0.150470199267804, 3.5657978717044228] joint_vel=[2.8814230049512304, 22.313426212861803, -11.963849190122046, -15.57739308267325, -0.8940057356780838, 11.877542524652478] imu_ang_vel=[0.0, -0.007350158250690048, 0.0] imu_quat_wxyz=[0.9993578906967387, 0.0, 0.0358302428426779, 0.0] status=0x0003
joint_pos=[9.256721526899188, -28.663908854870346, 35.032536691145715, 0.09288844705218179, 0.13860149593747795, 3.811919809627888] joint_vel=[2.2671695281302755, 36.02544120058894, -30.712874765323313, -18.51922390219467, -0.45640132655547055, 12.492316252945987] imu_ang_vel=[0.0, -0.0759525231687023, 0.0] imu_quat_wxyz=[0.9993781578037193, 0.0, 0.03526042689537911, 0.0] status=0x0003
joint_pos=[9.32636937824942, -27.744784121133176, 34.23953815370983, -0.2589176602157685, 0.130519624171189, 4.071376683715417] joint_vel=[4.192449096181133, 51.45438126846776, -44.38752396474813, -17.134022468135292, -0.34623290495106424, 13.131375070716857] imu_ang_vel=[0.0, -0.06808335831369512, 0.0] imu_quat_wxyz=[0.9994052999240666, 0.0, 0.03448255332318811, 0.0] status=0x0003
joint_pos=[9.480174661802996, -26.608311343611202, 33.174359199232825, -0.5814078032861434, 0.12760937902506891, 4.450405952988466] joint_vel=[11.197548008810312, 57.80230893701867, -57.67102435790983, -16.83070859569279, 0.20987385538053502, 36.22573618171313] imu_ang_vel=[0.0, -0.030888606107645922, 0.0] imu_quat_wxyz=[0.9994211535593429, 0.0, 0.03401996205336286, 0.0] status=0x0003
joint_pos=[9.757192963166313, -25.396078288962276, 31.818993769412014, -0.8382364984456009, 0.12424851115086599, 4.668538216101995] joint_vel=[16.85402461261208, 60.073370996485984, -72.81804799306796, -11.919125853475762, -0.039864076249233216, 10.530900415968333] imu_ang_vel=[0.0, 0.008881948099544337, 0.0] imu_quat_wxyz=[0.9994224962022571, 0.0, 0.03398049565338047, 0.0] status=0x0003
joint_pos=[10.150805292464177, -24.193678993467955, 30.203943364086303, -1.075308968640435, 0.12434663924862036, 4.891173999333188] joint_vel=[21.229077891181724, 60.073656234522254, -84.91983154133494, -11.890023244651625, 0.014196724546211785, 11.501946538106333] imu_ang_vel=[0.0, 0.01972828250515674, 0.0] imu_quat_wxyz=[0.9994160876617231, 0.0, 0.03416846093892752, 0.0] status=0x0003
joint_pos=[10.64194333921045, -22.995877904490467, 28.407494474148347, -1.2990730866935378, 0.12602461988132715, 5.233704334461261] joint_vel=[27.868207210370162, 58.05652234855417, -92.12683481039232, -11.924647933835793, 0.35980527559620057, 33.12637539426881] imu_ang_vel=[0.0, 0.04493591389578137, 0.0] imu_quat_wxyz=[0.9994048977012346, 0.0, 0.034494208945628685, 0.0] status=0x0003
joint_pos=[11.228546416232899, -21.74315059275039, 26.451057621830646, -1.4334794325490832, 0.12509025658554693, 5.439644128802044] joint_vel=[31.586056413989596, 63.38416663643053, -100.53493969036514, -4.9389551897742345, 0.04313567496362408, 10.141406582475822] imu_ang_vel=[0.0, 0.11750535554341325, 0.0] imu_quat_wxyz=[0.9993744078102377, 0.0, 0.035366552191820125, 0.0] status=0x0003
joint_pos=[11.852515314154434, -20.342474333547194, 24.37000798820544, -1.4962471675763975, 0.12352240441751591, 5.664414211996741] joint_vel=[30.944976706882823, 73.63133183461427, -105.82378196510173, -2.159895048322965, -0.09643307902003052, 11.844838715145936] imu_ang_vel=[0.0, 0.1813400346268267, 0.0] imu_quat_wxyz=[0.999316752779145, 0.0, 0.036959810807756045, 0.0] status=0x0003
joint_pos=[12.412058469423329, -18.656665735368502, 22.265986718337842, -1.4867881659509847, 0.09801149933521831, 6.01179637427452] joint_vel=[25.318775299943397, 90.93416670308376, -104.85621498658135, 2.292910319326874, -1.448834058077151, 12.51970163548989] imu_ang_vel=[0.0, 0.2584447452777172, 0.0] imu_quat_wxyz=[0.9992294713679553, 0.0, 0.03924873946659445, 0.0] status=0x0003
