Log file: /home/cx/robot_deploy/log_sim2sim/2026-08-02_23-58-54.txt
Loaded ONNX policy: /home/cx/mjlab-recovered/logs/rsl_rl/custom_biped_velocity_nolinvel/2026-07-30_23-56-50/2026-07-30_23-56-50.onnx
  input=obs[1,65] output=actions[1,6]
  velocity_command=[0.3, 0.0, 0.0]
  startup=move 0s + hold 0s
MuJoCo sim2sim started
  robot=/home/cx/mjlab-recovered/src/mjlab/asset_zoo/robots/custom_biped/mjcf/biped.xml
  physics=200 Hz, policy=50 Hz
  command=[0.3, 0.0, 0.0]
  press R in the viewer to reset; close the viewer or press Ctrl+C to stop
joint_pos=[10.0, -20.0, 10.0, 10.0, -20.0, 10.0] joint_vel=[0.0, 0.0, 0.0, 0.0, 0.0, 0.0] imu_ang_vel=[0.0, 0.0, 0.0] imu_quat_wxyz=[1.0, 0.0, 0.0, 0.0] status=0x0003
ONNX startup: moving from measured joint positions to [10.0, -20.0, 10.0, 10.0, -20.0, 10.0] deg over 0 s.
ONNX startup: move command complete; waiting for measured joints to enter +/-2 deg.
ONNX startup: measured joints reached the default pose; holding before inference.
ONNX startup complete: history, last_action and gait phase reset; actor inference started.
sim t=    0.02s  x= 0.000m z= 0.521m pitch=-0.34deg action=[-0.759, 1.0, 0.995, 0.143, 0.231, 0.319]
joint_pos=[9.370411495984888, -19.579540396365232, 10.93738142656274, 9.50928438364496, -19.861495229360052, 10.431124937814893] joint_vel=[-37.97047336524091, -6.64238932875265, 35.45374021990337, -44.86350491166308, 8.138326121125974, 26.748596933896717] imu_ang_vel=[0.0, -0.42659195491256274, 0.0] imu_quat_wxyz=[0.9999987901476043, 0.0, -0.0015555395615583663, 0.0] status=0x0003
joint_pos=[9.29849231282947, -19.905245288565396, 11.659454092269575, 9.23853960629133, -19.633604270071196, 9.995591265830598] joint_vel=[15.304680342394418, -21.86967384616103, 36.33700057920164, 2.7784847609308283, 12.905487511767513, -47.924482773582426] imu_ang_vel=[0.0, 0.046348272528392076, 0.0] imu_quat_wxyz=[0.9999919803760657, 0.0, -0.004004894949210801, 0.0] status=0x0003
joint_pos=[9.421081259288304, -20.48237859462389, 12.763004632333631, 9.26437413905915, -19.915453239078687, 10.197151648379654] joint_vel=[1.1059056356855903, -32.84858174954118, 65.68859656453775, 0.6106479939915355, -28.759669558045626, 41.123221375325485] imu_ang_vel=[0.0, 0.03481308228259091, 0.0] imu_quat_wxyz=[0.9999962597347472, 0.0, -0.0027350532930989525, 0.0] status=0x0003
joint_pos=[9.70377441365355, -20.95755537220545, 13.432428829707566, 9.792824617134457, -20.87582389118657, 10.772795000107841] joint_vel=[21.262296487428927, -19.10429098650954, 16.29617000009765, 40.53543450209477, -58.453950654835786, 22.123844488228603] imu_ang_vel=[0.0, 0.2727486406965879, 0.0] imu_quat_wxyz=[0.9999989910094306, 0.0, -0.001420556271629559, 0.0] status=0x0003
joint_pos=[10.047103223717675, -21.178735687833548, 13.343206337664657, 10.79490790945564, -22.51999019906391, 12.262248097855446] joint_vel=[14.832312920674882, -6.870877294129394, -15.684952101796116, 55.30710177786258, -95.01244981932297, 102.35150177810695] imu_ang_vel=[0.0, 0.3293519612459048, 0.0] imu_quat_wxyz=[0.9999979841488211, 0.0, 0.0020079089356953815, 0.0] status=0x0003
joint_pos=[10.377955858768868, -21.238485710949377, 12.810779473454373, 12.08465828403156, -24.50056979882602, 13.835433135642011] joint_vel=[17.419949815269252, -1.011807353091169, -32.59635187243033, 69.50893789319974, -101.01969723216705, 65.91391830652577] imu_ang_vel=[0.0, 0.3947295075434474, 0.0] imu_quat_wxyz=[0.9999843765304004, 0.0, 0.005589874337259475, 0.0] status=0x0003
joint_pos=[10.832998157885422, -21.286030334108926, 12.088346023049965, 13.748580868373505, -26.812009452881107, 14.807793985656815] joint_vel=[25.565028119845362, -3.141673354639682, -38.282369768880066, 90.60110052091768, -123.30267948062283, 39.30237435513521] imu_ang_vel=[0.0, 0.522544423596608, 0.0] imu_quat_wxyz=[0.9999470155671114, 0.0, 0.010293981660512442, 0.0] status=0x0003
joint_pos=[11.255624989550219, -21.50201360545953, 12.270269111718543, 15.609090642557515, -29.385553614283886, 15.283762565011843] joint_vel=[18.504336443813436, -13.425226560583681, 26.587956860708136, 94.33872082173157, -131.93794491334384, 15.534867874107787] imu_ang_vel=[0.0, 0.5331359623391638, 0.0] imu_quat_wxyz=[0.999876663032559, 0.0, 0.01570537242075497, 0.0] status=0x0003
joint_pos=[11.61744050111464, -21.68357935497949, 12.745527463342059, 17.56539436292925, -31.977246058820818, 15.317916200152155] joint_vel=[17.703485420309114, -6.634743746796477, 23.413841018712738, 99.7175581910667, -127.92158862898133, -5.343694204915938] imu_ang_vel=[0.0, 0.5803462035441318, 0.0] imu_quat_wxyz=[0.9997752350573051, 0.0, 0.02120092842566769, 0.0] status=0x0003
joint_pos=[11.713073285005104, -21.615218511386157, 13.138135104506857, 19.37330074845393, -34.356988131537264, 15.21804298703643] joint_vel=[-2.2391437282578655, 9.08387070528129, 18.1096742998794, 85.46295931235221, -113.77012045942818, -4.764501141753797] imu_ang_vel=[0.0, 0.4759409152632541, 0.0] imu_quat_wxyz=[0.9996474357230517, 0.0, 0.02655191617053738, 0.0] status=0x0003
joint_pos=[11.429777887781922, -21.097522668675825, 13.339656733933266, 20.90421451700485, -36.233407551156176, 14.968379889665973] joint_vel=[-20.876447886430096, 35.586816899398464, 6.35461930663469, 71.80873005011642, -82.56590189637056, -16.541316048962585] imu_ang_vel=[0.0, 0.39744211227386017, 0.0] imu_quat_wxyz=[0.9995274094692946, 0.0, 0.030740164599444987, 0.0] status=0x0003
joint_pos=[10.761655847060844, -20.18111269164386, 13.366532521670209, 22.107192049741222, -37.54813199795822, 14.520884762048393] joint_vel=[-40.47745023719723, 51.85986665941473, -0.7691692445063427, 53.859464584765696, -56.26634780077449, -25.428033810165548] imu_ang_vel=[0.0, 0.24910649139923402, 0.0] imu_quat_wxyz=[0.9994252327610338, 0.0, 0.033899913282388484, 0.0] status=0x0003
joint_pos=[9.725677156508969, -19.001798152300275, 13.379730249483012, 22.926735106507806, -38.245024592611216, 13.876976119378142] joint_vel=[-55.9611467867681, 59.10856994843746, -5.922748150535767, 32.501214106897635, -22.07470619686125, -35.77424695832349] imu_ang_vel=[0.0, 0.058395479986908194, 0.0] imu_quat_wxyz=[0.9993761407166096, 0.0, 0.03531755040168156, 0.0] status=0x0003
joint_pos=[8.424964305277625, -17.720351505594724, 13.30533779701179, 23.28134083013954, -38.155730308618935, 13.039995468018208] joint_vel=[-72.44529224261953, 71.59645210310072, 6.437533130036257, 11.349401298775799, 18.290418137440764, -44.96467697973196] imu_ang_vel=[0.0, -0.12081084752857486, 0.0] imu_quat_wxyz=[0.999395902288648, 0.0, 0.034753855738018605, 0.0] status=0x0003
joint_pos=[6.942211067299376, -16.39658369204021, 13.112013948938591, 23.15320085180342, -37.19609500700045, 11.995030101722415] joint_vel=[-77.32476672725377, 67.79113931465973, -10.224526503285364, -14.611319107077724, 63.65472322308573, -56.013981085774304] imu_ang_vel=[0.0, -0.2571927163663237, 0.0] imu_quat_wxyz=[0.9994639563993712, 0.0, 0.032738354548077726, 0.0] status=0x0003
joint_pos=[5.236066175913516, -14.917367769847688, 12.9920710886064, 22.56683852346081, -35.432438173185986, 10.845415276740894] joint_vel=[-90.29410229262405, 78.900012881604, -1.415622230614425, -36.93434821449593, 101.51293555017601, -58.166560146240755] imu_ang_vel=[0.0, -0.3791008726067767, 0.0] imu_quat_wxyz=[0.9995656921002305, 0.0, 0.029469088485857574, 0.0] status=0x0003
joint_pos=[3.428243216677835, -13.387028415489093, 12.77803600904888, 21.56541966114925, -32.98094822239068, 9.585086374406146] joint_vel=[-93.64981809514092, 81.61704758801392, -2.78529348802902, -54.908284217630104, 132.96064030178576, -65.48393636534044] imu_ang_vel=[0.0, -0.43013855615804697, 0.0] imu_quat_wxyz=[0.999678749312806, 0.0, 0.025345575005986002, 0.0] status=0x0003
joint_pos=[1.5545476687545468, -11.778960374520267, 12.537627667018505, 20.231039070709578, -30.028976160121985, 8.29396446102362] joint_vel=[-94.22698150682854, 81.07610116634658, -15.274403240569596, -72.85019502658675, 155.3704789991817, -63.97903165673848] imu_ang_vel=[0.0, -0.4221058224740244, 0.0] imu_quat_wxyz=[0.99977823410726, 0.0, 0.021059026695668493, 0.0] status=0x0003
joint_pos=[-0.35724860238983, -10.102294612770907, 12.273103744819787, 18.612823511221283, -26.772168115642977, 7.002147914610916] joint_vel=[-95.59010172441448, 84.19634279152075, -15.799445748144974, -85.98684242044537, 167.10336670390134, -64.86614157467496] imu_ang_vel=[0.0, -0.41096067578573764, 0.0] imu_quat_wxyz=[0.9998597807372557, 0.0, 0.016745711810696343, 0.0] status=0x0003
joint_pos=[-2.2103815208335, -8.468284922225909, 12.036228336170403, 16.783578738568977, -23.38849564104944, 5.73325793047581] joint_vel=[-90.28215758655467, 79.22411762211195, -13.593748374192964, -95.17087445689897, 170.346880598074, -62.64128260961353] imu_ang_vel=[0.0, -0.3785692290774066, 0.0] imu_quat_wxyz=[0.99991838975446, 0.0, 0.012775516852472154, 0.0] status=0x0003
joint_pos=[-3.860769262456196, -7.144286388272913, 11.998622080300366, 14.79214595171854, -20.05581298618148, 4.650536860031474] joint_vel=[-77.23105101572753, 57.42760606241115, -0.46458612487052603, -103.00029036231349, 164.64637527981535, -49.56814215108945] imu_ang_vel=[0.0, -0.31539199467131274, 0.0] imu_quat_wxyz=[0.9999554920952991, 0.0, 0.009434714009882677, 0.0] status=0x0003
joint_pos=[-5.065713477609923, -6.560008770273739, 12.401030317752975, 12.71015600707757, -16.94285632477184, 3.956329556871596] joint_vel=[-49.60416381755471, 11.308846139409113, 25.474703914807645, -106.10981032180996, 150.87906729648665, -26.780937927980283] imu_ang_vel=[0.0, -0.20507578175643898, 0.0] imu_quat_wxyz=[0.9999755464589196, 0.0, 0.006993317108862474, 0.0] status=0x0003
joint_pos=[-5.5727870610668715, -7.103358362745099, 13.372060688336493, 10.604223940917413, -14.09232996732483, 3.856711833107436] joint_vel=[-11.89552290320723, -48.66171736509576, 60.79385608763174, -105.16361251358403, 137.61823395219238, 6.207152717095885] imu_ang_vel=[0.0, -0.02374269824485432, 0.0] imu_quat_wxyz=[0.9999819256424827, 0.0, 0.006012352979674092, 0.0] status=0x0003
joint_pos=[-5.254424999852223, -8.913112834293564, 15.082292500993587, 8.520089486574266, -11.308150066620811, 4.4545941188692675] joint_vel=[31.35440751186065, -113.99225644092856, 98.90363372679013, -103.90354344960818, 139.77320157575375, 42.52134497352905] imu_ang_vel=[0.0, 0.22499158100303096, 0.0] imu_quat_wxyz=[0.9999735937691192, 0.0, 0.0072671703208709425, 0.0] status=0x0003
joint_pos=[-4.40278598117766, -11.58163977825952, 17.488575396691097, 7.303417627356695, -9.682401749071298, 3.641635367690662] joint_vel=[47.39581748075281, -136.60862000520157, 131.74267271483816, -38.06277418903587, 50.39622094420154, -78.11311463174425] imu_ang_vel=[0.0, 0.11372547933089679, 0.0] imu_quat_wxyz=[0.9999554857442547, 0.0, 0.009435387112967113, 0.0] status=0x0003
joint_pos=[-3.146900835457233, -13.877898726442009, 20.6942267105505, 6.7339765157560985, -8.719667651240098, 3.70436839576036] joint_vel=[68.986922459253, -103.59872899674227, 175.92575398907974, -21.56284678092941, 49.74076103442015, 4.480152565671864] imu_ang_vel=[0.0, 0.48703583478873197, 0.0] imu_quat_wxyz=[0.9999188568126034, 0.0, 0.012738908531599345, 0.0] status=0x0003
joint_pos=[-1.466274626161531, -16.10806260484682, 24.288042871828978, 6.454610815696123, -7.657439310570355, 3.7454158670173436] joint_vel=[92.26245970293408, -115.43154075103318, 181.51738408753127, -9.984542015969945, 55.323141093466376, 0.7928409068197871] imu_ang_vel=[0.0, 0.7514620607153264, 0.0] imu_quat_wxyz=[0.9998121195149098, 0.0, 0.019383644422650552, 0.0] status=0x0003
joint_pos=[0.49738563936053176, -18.835657057368874, 27.675265246420828, 6.134161656108998, -6.436028377835839, 3.6951972642090793] joint_vel=[101.32286244527755, -147.56544836388184, 162.64493535989996, -19.58560140579338, 64.67120091270087, -4.2933529031851405] imu_ang_vel=[0.0, 0.7314038109999103, 0.0] imu_quat_wxyz=[0.9996340831958805, 0.0, 0.027049948486669518, 0.0] status=0x0003
joint_pos=[2.4162915374994753, -21.838089411963196, 30.706035763068904, 5.53914488977168, -4.982176743863844, 3.5326844569074156] joint_vel=[92.93144311406027, -151.17000259659852, 145.4547928884829, -35.54880546219953, 77.70828434443338, -10.177701088117844] imu_ang_vel=[0.0, 0.5919561438825837, 0.0] imu_quat_wxyz=[0.9994373500614061, 0.0, 0.03354077074597974, 0.0] status=0x0003
joint_pos=[4.211806936676723, -24.720706503346474, 33.29702778793046, 4.709032763906552, -3.1948783285764386, 3.213184571054648] joint_vel=[88.05392434702456, -139.89887666282814, 120.9537167323266, -45.0005442755571, 96.59678107385241, -19.15154144322076] imu_ang_vel=[0.0, 0.565364619748557, 0.0] imu_quat_wxyz=[0.9992332381010136, 0.0, 0.039152724990262316, 0.0] status=0x0003
joint_pos=[5.895186076589864, -27.30726187797499, 35.42431481116164, 3.675350526911456, -0.9640957748719922, 2.692625161268438] joint_vel=[82.0974420557723, -123.21149748545629, 98.5081081256847, -55.58864507629532, 120.7618803518973, -30.064567074402504] imu_ang_vel=[0.0, 0.6021199507180345, 0.0] imu_quat_wxyz=[0.998986766412879, 0.0, 0.04500489453314908, 0.0] status=0x0003
joint_pos=[7.412395407100743, -29.76774359892571, 37.20478098544614, 2.737301497532995, 0.8052687385457451, 2.400686577107325] joint_vel=[67.67956535799676, -125.98160647578456, 83.85784044482565, -27.380001616000627, 25.60530845221931, 15.737993828884871] imu_ang_vel=[0.0, 0.40909540546438183, 0.0] imu_quat_wxyz=[0.9987118006209419, 0.0, 0.050741889011703394, 0.0] status=0x0003
joint_pos=[8.534585989504333, -31.953546975060682, 38.8174720122971, 2.325528667810088, 0.6658985564967597, 3.0434401356557106] joint_vel=[50.70712877402567, -98.88298099780741, 78.87056373463801, -20.751025785630265, -13.723419197635291, 35.98559186405112] imu_ang_vel=[0.0, 0.06955165777143825, 0.0] imu_quat_wxyz=[0.9986317685321867, 0.0, 0.05229331580878256, 0.0] status=0x0003
joint_pos=[9.420273666946052, -33.23646662208375, 40.34514183397031, 1.931264427448985, 0.423598848300283, 3.7497855380519565] joint_vel=[40.92139087581105, -44.595395846595196, 75.04996244747196, -19.443074690665387, -10.300421128115262, 34.77751479896124] imu_ang_vel=[0.0, 0.08341817260617741, 0.0] imu_quat_wxyz=[0.9985999756115623, 0.0, 0.05289696313198918, 0.0] status=0x0003
joint_pos=[10.166020749873608, -33.61893884759839, 41.60490957268773, 1.522857891174544, 0.27911285272831615, 4.4239693215759255] joint_vel=[35.37528222632284, -5.053273637985226, 56.51777769059386, -20.947364658804748, -5.652991728666539, 33.23022931906235] imu_ang_vel=[0.0, 0.11830067219863573, 0.0] imu_quat_wxyz=[0.9985416067703005, 0.0, 0.05398758698614479, 0.0] status=0x0003
joint_pos=[10.827458896798547, -33.46603452001293, 42.342458330416825, 1.0192912852232199, 0.20501051501487283, 5.164819750023863] joint_vel=[30.818440039972785, 16.27049456976432, 26.132777966603424, -26.653148701999527, -2.968322109256332, 29.850245864106032] imu_ang_vel=[0.0, 0.06649046255789572, 0.0] imu_quat_wxyz=[0.9984893422347098, 0.0, 0.05494573180599768, 0.0] status=0x0003
joint_pos=[11.416880986680832, -33.048136411393514, 42.49287091642721, 0.38442995000419994, 0.16909035239724352, 5.75497564646604] joint_vel=[28.72826758445374, 23.4657307228767, -2.0010365438476363, -34.638578798737946, -1.3111207543290264, 29.793303167985123] imu_ang_vel=[0.0, -0.04561841129087326, 0.0] imu_quat_wxyz=[0.9984892113755208, 0.0, 0.0549481097644906, 0.0] status=0x0003
joint_pos=[12.001187095714673, -32.535547097820086, 42.132124278748144, -0.37594410520901916, 0.1534436661514391, 6.349101207591246] joint_vel=[29.458415297603214, 26.849718430806078, -26.59982602722376, -39.99451387680909, -0.5675363531734838, 29.97518063879776] imu_ang_vel=[0.0, -0.1397451274073226, 0.0] imu_quat_wxyz=[0.9985476411544034, 0.0, 0.05387586050335315, 0.0] status=0x0003
joint_pos=[12.638391686567934, -31.945343610917252, 41.3202002342777, -1.1984599484945782, 0.14695766773051094, 7.019508013835448] joint_vel=[32.307754077818075, 32.07838253069122, -48.185402481763596, -41.24363681629398, -0.27699767886401405, 28.342899134028922] imu_ang_vel=[0.0, -0.17699298449514378, 0.0] imu_quat_wxyz=[0.9986362497884116, 0.0, 0.05220766810093398, 0.0] status=0x0003
joint_pos=[13.359399910402601, -31.260069730446627, 40.11158486762686, -2.0137995471655583, 0.14654598542115452, 7.67917881029742] joint_vel=[39.337967693567386, 33.90569723322254, -66.71155363063518, -41.4270872413732, 0.25393218704667203, 46.16447691778421] imu_ang_vel=[0.0, -0.16230469997565447, 0.0] imu_quat_wxyz=[0.9987245943157876, 0.0, 0.05048945146033344, 0.0] status=0x0003
joint_pos=[14.207620121755655, -30.519497265003725, 38.577449825527026, -2.7635793489201945, 0.1465166850114247, 8.238381201828759] joint_vel=[45.29007133721717, 37.13520387897085, -81.76362566320454, -36.22074292444704, 0.07953723488876234, 28.021421326906815] imu_ang_vel=[0.0, -0.107017684749007, 0.0] imu_quat_wxyz=[0.9987894847625907, 0.0, 0.0491890752879008, 0.0] status=0x0003
joint_pos=[15.206529229266327, -29.772268032662744, 36.79397495064859, -3.450644411359079, 0.14963304028933547, 8.877703580733217] joint_vel=[51.54667814259227, 38.455310221466064, -93.16147950048486, -32.872967108655594, 0.05594349509466301, 27.86518807398516] imu_ang_vel=[0.0, -0.04333026300697952, 0.0] imu_quat_wxyz=[0.9988220706772665, 0.0, 0.04852289282367367, 0.0] status=0x0003
joint_pos=[16.331466915853035, -28.985138876489636, 34.841550489039456, -4.0496110138026875, 0.15287099756039793, 9.51763126667253] joint_vel=[57.97632459288542, 40.71722048731095, -99.99958652378983, -28.02717719118178, 0.026180202710943307, 29.397353316655458] imu_ang_vel=[0.0, 0.046546796014348135, 0.0] imu_quat_wxyz=[0.9988180816355587, 0.0, 0.048604935941345316, 0.0] status=0x0003
joint_pos=[17.58472862742796, -28.120044573603, 32.781054801889084, -4.521377944282117, 0.15629309046053197, 10.154647554728822] joint_vel=[64.54882387539865, 45.309581135572834, -104.59746910683087, -20.949317455570178, 0.06988317639878175, 29.650104762220444] imu_ang_vel=[0.0, 0.17139076933285335, 0.0] imu_quat_wxyz=[0.9987595326465638, 0.0, 0.04979353319074022, 0.0] status=0x0003
joint_pos=[18.938294967550707, -27.06251478528475, 30.65285073019589, -4.824892535049086, 0.1590013356389049, 10.801935399449015] joint_vel=[68.7589469600475, 57.60688874515876, -107.31181607493127, -11.792918891926973, 0.03560703287639606, 30.6254058637268] imu_ang_vel=[0.0, 0.3374802120789194, 0.0] imu_quat_wxyz=[0.9986217698588694, 0.0, 0.052483909571785024, 0.0] status=0x0003
joint_pos=[20.30841072285904, -25.58598930889719, 28.526020329587247, -4.908711864507995, 0.1425139004894026, 11.482776538359035] joint_vel=[67.56212076087846, 83.27933034404212, -105.74289787298511, 0.03531576693840367, -0.9793796890625892, 31.97103189108868] imu_ang_vel=[0.0, 0.5496265754541464, 0.0] imu_quat_wxyz=[0.9983667870931843, 0.0, 0.05712931322213264, 0.0] status=0x0003
joint_pos=[21.483346834197217, -23.040792086079957, 26.362293533529126, -4.5949402757888205, -0.022284718868284707, 12.33610369376401] joint_vel=[54.10520554855457, 151.36725494953808, -109.33202738097877, 24.12855321086129, -11.311573541844135, 50.30072788780837] imu_ang_vel=[0.0, 0.8915387878538144, 0.0] imu_quat_wxyz=[0.9979102475484536, 0.0, 0.06461530652859417, 0.0] status=0x0003
joint_pos=[21.66303794964043, -18.458518771951866, 23.82285248976884, -3.4672547533179063, -1.8062475297549472, 14.040454657864345] joint_vel=[-14.47136813265339, 270.85847291796364, -136.17657564064078, 73.04547715039946, -129.73889796001845, 112.93662503357746] imu_ang_vel=[0.0, 0.9140470321654328, 0.0] imu_quat_wxyz=[0.9972520183993134, 0.0, 0.07408381603626676, 0.0] status=0x0003
joint_pos=[21.272193358620772, -16.220117948950822, 18.01829656777446, -1.5476528416332458, -5.869637708280292, 16.184939680452533] joint_vel=[-28.408339888145175, 117.84786259259826, -310.2440607265219, 108.76095406737535, -243.92602610831946, 105.1356948611372] imu_ang_vel=[0.0, 0.4896421954631347, 0.0] imu_quat_wxyz=[0.9967255191753176, 0.0, 0.08085938056090743, 0.0] status=0x0003
joint_pos=[20.37964012282711, -13.888152325928013, 12.591792231539479, 1.002148654113056, -11.809512778346651, 17.493901912065926] joint_vel=[-53.548048984123504, 115.89594928683788, -252.9334481634457, 137.4954616908098, -325.36638841966, 43.973048991544495] imu_ang_vel=[0.0, 0.10533921127468363, 0.0] imu_quat_wxyz=[0.9965253691567656, 0.0, 0.08328978705082725, 0.0] status=0x0003
sim t=    1.02s  x= 0.218m z= 0.528m pitch= 9.38deg action=[-1.0, 1.0, 0.653, 1.0, -0.733, -0.147]
joint_pos=[19.08571107054504, -11.680172139007235, 8.374646061325107, 3.9295914116677113, -18.673575265951943, 17.80643789492721] joint_vel=[-70.98519056335448, 107.96201451174556, -190.19384660536517, 151.02858087757156, -351.82829369398706, 0.7576624638705073] imu_ang_vel=[0.0, -0.18823781736880213, 0.0] imu_quat_wxyz=[0.9965975699278817, 0.0, 0.08242137837867632, 0.0] status=0x0003
joint_pos=[17.550186116386186, -9.761560185581798, 5.377326324626076, 6.8191982694733895, -25.36226862373024, 17.754799619525933] joint_vel=[-80.19930038529267, 90.1677804974275, -129.36153686554394, 140.75064803033342, -323.7951619215225, -4.261057325391183] imu_ang_vel=[0.0, -0.40852402755687334, 0.0] imu_quat_wxyz=[0.9968655952416963, 0.0, 0.07911374737312499, 0.0] status=0x0003
joint_pos=[15.899286601051667, -8.688751684478186, 3.7510968007412244, 9.090781170205524, -31.15398347781832, 17.085307900475577] joint_vel=[-83.9308908461791, 33.959710941455405, -56.159675632574825, 98.35479773546655, -270.1554785197515, -48.9383284087145] imu_ang_vel=[0.0, -0.7860300898601904, 0.0] imu_quat_wxyz=[0.9973395471240598, 0.0, 0.07289600635408804, 0.0] status=0x0003
joint_pos=[14.241375578659062, -8.577937195424209, 3.11637658328069, 10.537389931481338, -35.72209546550758, 15.664073081494045] joint_vel=[-82.38819300103629, -9.820669331578454, -18.885701841915374, 57.80600403024307, -205.0220675736544, -82.69724901522326] imu_ang_vel=[0.0, -1.1094994909499798, 0.0] imu_quat_wxyz=[0.998018095721095, 0.0, 0.0629275822929757, 0.0] status=0x0003
joint_pos=[12.600059852434864, -9.049629242704007, 3.0055966063351125, 11.225861202968545, -38.87275408600377, 14.367653403685265] joint_vel=[-81.76423853945147, -31.157795880266654, 1.3238657051162375, 21.434984939221952, -131.0693009130198, -55.07196570938792] imu_ang_vel=[0.0, -1.2655298246571245, 0.0] imu_quat_wxyz=[0.9987123971233299, 0.0, 0.050730147172781646, 0.0] status=0x0003
joint_pos=[11.068295519695198, -9.679515175128524, 3.0180817140027494, 11.418309110327769, -40.5468092429335, 13.784069115274148] joint_vel=[-73.40109878932638, -31.881834848873837, 0.25542686396338327, 3.2077817405605322, -57.24563401977089, -15.197927367202206] imu_ang_vel=[0.0, -1.1648239848751778, 0.0] imu_quat_wxyz=[0.9992596132114121, 0.0, 0.038473697568327775, 0.0] status=0x0003
joint_pos=[9.70563237286554, -10.20886941611976, 3.6505481315168606, 11.52222174132028, -41.03135908779783, 13.853399681819305] joint_vel=[-65.12620268147171, -22.777435483266366, 43.134196076363324, 6.255338627723825, -6.4947048530642695, 13.565469998332206] imu_ang_vel=[0.0, -0.8600825334737494, 0.0] imu_quat_wxyz=[0.9995919001871215, 0.0, 0.02856629272936501, 0.0] status=0x0003
joint_pos=[8.623323047904107, -10.517550180324946, 4.431682322956182, 11.978097035398244, -41.07187566411448, 14.297687535372317] joint_vel=[-48.08398972896848, -11.459913875821933, 36.884845488829455, 31.869334922136325, 0.40775806499676176, 26.85498039185656] imu_ang_vel=[0.0, -0.49113102970541184, 0.0] imu_quat_wxyz=[0.9997537364259973, 0.0, 0.022191586294304264, 0.0] status=0x0003
joint_pos=[7.809456603700936, -10.62211726478544, 5.1164325162030275, 12.901268054847856, -41.07880705782065, 15.126227179592707] joint_vel=[-36.65839816508995, -1.8627423744760407, 32.730845803162254, 53.93115301925922, -0.6073916519332451, 49.19185135698081] imu_ang_vel=[0.0, -0.17803959871405522, 0.0] imu_quat_wxyz=[0.9998135504703825, 0.0, 0.01930969434786496, 0.0] status=0x0003
joint_pos=[7.209123349351318, -10.611039315223945, 5.740586076664355, 14.179673800975323, -41.01459707811206, 15.976809838764696] joint_vel=[-26.489133955295713, 1.9540609404143092, 30.84548776400511, 69.34915611738454, 5.4769483095669065, 38.94188040849876] imu_ang_vel=[0.0, 0.05855684084272629, 0.0] imu_quat_wxyz=[0.9998184044033187, 0.0, 0.019056710534660053, 0.0] status=0x0003
joint_pos=[6.7394176806177, -10.544820018241994, 6.336181651882243, 15.683761271385043, -40.86862558306896, 16.42810958739368] joint_vel=[-21.990727487283046, 4.167636723855768, 29.814533113760515, 78.3479907764319, 8.398586830961023, 13.79694668051858] imu_ang_vel=[0.0, 0.19354118902065848, 0.0] imu_quat_wxyz=[0.9997882619038492, 0.0, 0.020577447832037937, 0.0] status=0x0003
joint_pos=[6.279144695232328, -10.480844722729241, 6.944390584606961, 17.24139630545299, -40.65011646581979, 16.398606259293068] joint_vel=[-23.711194856545543, 2.743079716062301, 31.288704624970723, 77.5179667873226, 12.361706626629752, -9.306457872438068] imu_ang_vel=[0.0, 0.20009011268417728, 0.0] imu_quat_wxyz=[0.9997430469767771, 0.0, 0.022668039650348366, 0.0] status=0x0003
joint_pos=[5.749243609386254, -10.464959922969499, 7.588487719197181, 18.66490602936937, -40.22377921164992, 15.975080631485863] joint_vel=[-28.19000622575083, -0.030189602819370023, 33.359317106589984, 67.59609994427186, 26.343340880705824, -27.48326617844577] imu_ang_vel=[0.0, 0.12940076248868676, 0.0] imu_quat_wxyz=[0.9997052667454351, 0.0, 0.024277142365576314, 0.0] status=0x0003
joint_pos=[5.078369375106898, -10.466223169295576, 8.254657023511404, 19.784871414362826, -39.39119657413708, 15.19545215776705] joint_vel=[-36.52886284738014, -0.05054741526174904, 34.07834404472202, 49.520610050664544, 50.10446862428907, -45.06696573117559] imu_ang_vel=[0.0, 0.011687136034575185, 0.0] imu_quat_wxyz=[0.9996905008431529, 0.0, 0.024877751585825343, 0.0] status=0x0003
joint_pos=[4.19963092241899, -10.387321447087999, 8.996761472746384, 20.517375936770293, -38.043177349469815, 14.095154381720878] joint_vel=[-46.311767235047654, 3.0737875193237385, 32.88824342548199, 28.148187380131162, 77.99931165002292, -60.29698193055898] imu_ang_vel=[0.0, -0.0880324519365053, 0.0] imu_quat_wxyz=[0.9997055966208824, 0.0, 0.024263554663021204, 0.0] status=0x0003
joint_pos=[3.136459239096245, -10.233266446059984, 9.572365425611503, 20.794202042801917, -36.1350662243649, 12.783521988311302] joint_vel=[-57.13065720555821, 10.585517632913849, 28.185703106626217, 6.052907825403856, 104.88468593892935, -68.31722668476961] imu_ang_vel=[0.0, -0.24129536381765157, 0.0] imu_quat_wxyz=[0.9997511341270514, 0.0, 0.022308514331401588, 0.0] status=0x0003
joint_pos=[1.8417632320137027, -9.814757731791147, 10.101208086778728, 20.657579229396216, -33.699743208773484, 11.424990213623795] joint_vel=[-67.74492340197882, 24.85622573305484, 20.830355342238494, -14.827022445807907, 131.4222129256284, -67.64703368449356] imu_ang_vel=[0.0, -0.3124996925234897, 0.0] imu_quat_wxyz=[0.9998106563723951, 0.0, 0.019458967192543107, 0.0] status=0x0003
joint_pos=[0.3413933560056022, -9.097411278687943, 10.542419348960847, 20.14018573588476, -30.836600086021665, 10.033424676247803] joint_vel=[-79.47650146221797, 43.15140457468083, 25.112025819989082, -31.554615165135207, 149.15885906519617, -70.52117816889685] imu_ang_vel=[0.0, -0.35228508958034394, 0.0] imu_quat_wxyz=[0.9998700061239351, 0.0, 0.016123611683556704, 0.0] status=0x0003
joint_pos=[-1.2647629783356855, -8.214125520352491, 10.84001150420914, 19.286858335168915, -27.711998252313457, 8.563454807432391] joint_vel=[-81.25737046705366, 45.92050352670862, 11.395482477057167, -48.44096496467963, 159.59165095360092, -75.0068541005926] imu_ang_vel=[0.0, -0.3441559827728908, 0.0] imu_quat_wxyz=[0.9999204481760836, 0.0, 0.01261337858546182, 0.0] status=0x0003
joint_pos=[-2.928733872266444, -7.242007346981274, 11.100689194663547, 18.12982365005146, -24.480685601499285, 7.042975588707017] joint_vel=[-83.48940411819962, 49.035039061134995, 10.077018870609933, -63.74049114015362, 162.59531028993104, -76.50809299727881] imu_ang_vel=[0.0, -0.3586854299046804, 0.0] imu_quat_wxyz=[0.9999589959208445, 0.0, 0.009055742762282364, 0.0] status=0x0003
joint_pos=[-4.550769165356642, -6.343499492660751, 11.486369901688663, 16.709177083336023, -21.278626207452163, 5.534306067221973] joint_vel=[-80.17272012835338, 43.741449986297816, 26.338368217518905, -74.77609314946893, 158.1517627371103, -74.790629088159] imu_ang_vel=[0.0, -0.33011591205193724, 0.0] imu_quat_wxyz=[0.9999839804376798, 0.0, 0.005660288686466036, 0.0] status=0x0003
joint_pos=[-5.914526585250461, -5.906841615029974, 12.093843121654704, 15.06036350164207, -18.255424266746395, 4.239694366195355] joint_vel=[-61.80320360054841, 10.234082940163017, 33.89692543957116, -86.70242535051219, 146.84921248663366, -59.3091210731888] imu_ang_vel=[0.0, -0.25722491457610736, 0.0] imu_quat_wxyz=[0.9999961362721805, 0.0, 0.0027798274605609556, 0.0] status=0x0003
joint_pos=[-6.851354353559766, -6.282158577853385, 13.19487453878282, 13.213635452959695, -15.522545325084744, 3.534843278099252] joint_vel=[-40.29970120358567, -31.374684298416877, 74.7077196638297, -93.97413361183035, 129.87490319018423, -22.339649148322533] imu_ang_vel=[0.0, -0.20618844374143086, 0.0] imu_quat_wxyz=[0.9999998945757539, 0.0, 0.00045918240514026106, 0.0] status=0x0003
joint_pos=[-7.120609431035156, -7.752309210662296, 14.853951357350454, 11.246244680961256, -12.996909292788445, 3.6721374513808938] joint_vel=[-0.2961298446365417, -93.68876787996837, 94.47313466975409, -99.59138908985565, 123.19605351845121, 22.48249958721399] imu_ang_vel=[0.0, -0.012144954158116067, 0.0] imu_quat_wxyz=[0.999999888956102, 0.0, -0.00047126190544170967, 0.0] status=0x0003
joint_pos=[-6.671536866228067, -10.291722172708077, 17.159394101219036, 9.438065296235475, -10.789984760841072, 4.089018611248901] joint_vel=[25.28430756710255, -136.4860221824524, 120.39144831267183, -57.95961737380117, 45.81776152110058, -57.53287034847468] imu_ang_vel=[0.0, 0.28528204945127, 0.0] imu_quat_wxyz=[0.9999993129047378, 0.0, 0.0011722585262505638, 0.0] status=0x0003
joint_pos=[-5.902492861160654, -13.119601676784827, 19.841925342044494, 8.486750809406502, -10.010185477814288, 2.7575807726535158] joint_vel=[46.0234814354879, -143.68021626511842, 141.435802123487, -43.197639908786364, 37.12875238352356, -69.05435689545502] imu_ang_vel=[0.0, 0.04205096109156248, 0.0] imu_quat_wxyz=[0.9999992570278049, 0.0, 0.001218992960716917, 0.0] status=0x0003
joint_pos=[-4.711044706753821, -15.573941789113272, 23.107545020688626, 7.894432162054961, -9.346620361738077, 2.022737120823739] joint_vel=[69.27213527095057, -109.2709576582308, 174.4550794163151, -23.651342850402454, 29.922122868540647, 15.663959082140114] imu_ang_vel=[0.0, 0.35134318453715624, 0.0] imu_quat_wxyz=[0.9999944538509473, 0.0, 0.0033305055690616, 0.0] status=0x0003
joint_pos=[-3.0809352069607483, -17.646210620649292, 26.62142192269348, 7.567580947276299, -8.707593701453481, 2.4456995906638417] joint_vel=[87.97002162937704, -100.20280054043617, 176.25352261825253, -12.192997393761432, 33.60429803541704, 20.21276430281396] imu_ang_vel=[0.0, 0.6470133270759918, 0.0] imu_quat_wxyz=[0.9999600572891131, 0.0, 0.008937775246322437, 0.0] status=0x0003
joint_pos=[-1.3114728965459759, -19.727891175252104, 29.788926654245962, 7.222973344158339, -7.964346594102479, 2.785589088347836] joint_vel=[88.7043449386725, -105.92824989891511, 148.65251071923336, -20.193969634706196, 39.34356279349746, 15.716286546628684] imu_ang_vel=[0.0, 0.6205844977110253, 0.0] imu_quat_wxyz=[0.9998795709993568, 0.0, 0.015519133292238857, 0.0] status=0x0003
joint_pos=[0.3987516135435353, -21.814427916703018, 32.567663863958494, 6.672241945222834, -7.055336491582447, 3.0328998896969797] joint_vel=[83.71493723752411, -103.15222085859303, 133.61889701184003, -31.7401652011979, 49.161864904269926, 10.635705965555221] imu_ang_vel=[0.0, 0.510096200585041, 0.0] imu_quat_wxyz=[0.9997784679199578, 0.0, 0.021047923499048007, 0.0] status=0x0003
joint_pos=[2.02389921240866, -23.709783008051627, 34.99372231202798, 5.934147924484886, -5.885386552589387, 3.1426933844482035] joint_vel=[79.91754130665984, -89.85807752633075, 114.62950443440002, -39.92804458659531, 64.16000912438074, 2.861590594261164] imu_ang_vel=[0.0, 0.47587773298946257, 0.0] imu_quat_wxyz=[0.9996659613759409, 0.0, 0.025845031753043, 0.0] status=0x0003
joint_pos=[3.5916596291966045, -25.38919478474271, 36.94502781884205, 5.018013964403227, -4.364860934789591, 3.0791497774300405] joint_vel=[77.56405730537158, -80.4863753695779, 88.37134655564165, -49.246369111128246, 83.24138826670897, -6.508906732650487] imu_ang_vel=[0.0, 0.4798238390291557, 0.0] imu_quat_wxyz=[0.9995313125422635, 0.0, 0.03061299148303104, 0.0] status=0x0003
joint_pos=[5.123279523343421, -26.996049970895033, 38.411319344811886, 3.8728396858638225, -2.413990127396153, 2.8111156989999495] joint_vel=[76.06550197508774, -80.06799068146948, 65.21167285405846, -61.9244997370614, 106.2858663268313, -17.39338444567311] imu_ang_vel=[0.0, 0.47342866170163594, 0.0] imu_quat_wxyz=[0.9993736175703603, 0.0, 0.03538887543185545, 0.0] status=0x0003
joint_pos=[6.6491424503570835, -28.65948482523996, 39.477591822437425, 2.4567751071477493, 0.05590061611149119, 2.299485180487161] joint_vel=[76.47679695243052, -84.71526468948271, 46.9228447977471, -76.01167155174632, 134.0635842353353, -30.387054717810003] imu_ang_vel=[0.0, 0.47892385212118055, 0.0] imu_quat_wxyz=[0.9991940745984087, 0.0, 0.04013977189060346, 0.0] status=0x0003
joint_pos=[7.945710703841746, -30.619649665606552, 40.20771230849495, 1.5838420253398187, 0.5920962702058433, 2.7125565725516805] joint_vel=[60.847890642989746, -102.43618643897135, 30.806147692657635, -36.603746187491005, -1.3352680248586637, 35.02184654539807] imu_ang_vel=[0.0, 0.02385972670048003, 0.0] imu_quat_wxyz=[0.999102945944028, 0.0, 0.04234741321455824, 0.0] status=0x0003
joint_pos=[8.990233266548232, -32.055285680975594, 40.91526818112555, 0.907027324494405, 0.4209237462340335, 3.488467407434941] joint_vel=[47.79120274423563, -54.31039644225988, 37.84932073181784, -33.455111551367686, -9.221015150111624, 39.64415972673425] imu_ang_vel=[0.0, -0.0467768386351525, 0.0] imu_quat_wxyz=[0.9991222401163165, 0.0, 0.04188972791692203, 0.0] status=0x0003
joint_pos=[9.918622770419688, -32.57673994667872, 41.4874251752752, 0.3146426016239524, 0.2805657568316929, 4.254744309671262] joint_vel=[45.694112770546894, -10.207820559462748, 23.6770950621685, -27.56040920094205, -5.669288931184188, 37.89893066198327] imu_ang_vel=[0.0, 0.06347301378388819, 0.0] imu_quat_wxyz=[0.9991171014630539, 0.0, 0.04201211211145733, 0.0] status=0x0003
joint_pos=[10.804928961041977, -32.47872138294709, 41.711388201017684, -0.2729301360051634, 0.20603722900778393, 5.117153313035432] joint_vel=[45.04081187749982, 11.231645039800535, 4.831400907229546, -31.551177030133754, -2.5372566482024896, 59.69484935467712] imu_ang_vel=[0.0, 0.09418879072908873, 0.0] imu_quat_wxyz=[0.9990767997451986, 0.0, 0.04295984416745995, 0.0] status=0x0003
joint_pos=[11.648789894737169, -32.04445752971636, 41.49771086820753, -0.9047879506819824, 0.16809272754567478, 5.8111618747758005] joint_vel=[42.078666121672654, 25.350548797658224, -18.659315607656975, -32.83960677729757, -1.3295895304744398, 34.318513165658025] imu_ang_vel=[0.0, 0.05808946600229013, 0.0] imu_quat_wxyz=[0.9990431807038116, 0.0, 0.04373468976923491, 0.0] status=0x0003
joint_pos=[12.491691869336142, -31.481937759618702, 40.798769334762625, -1.6204253809913418, 0.15355821101921155, 6.500313924234834] joint_vel=[42.12274718135039, 29.681780914906334, -43.62637583631277, -37.49034879533094, -0.5005908215485534, 34.871175160955616] imu_ang_vel=[0.0, -0.006201627906447862, 0.0] imu_quat_wxyz=[0.9990343101535012, 0.0, 0.04393685396245314, 0.0] status=0x0003
joint_pos=[13.372753771118523, -30.85488064245224, 39.6428648479249, -2.3904956389661236, 0.14827237363843745, 7.277210788561992] joint_vel=[44.08278242117688, 33.456354091161614, -65.47037415174675, -38.51176214872896, -0.2934310806608706, 33.68858741116045] imu_ang_vel=[0.0, -0.03341329841805168, 0.0] imu_quat_wxyz=[0.9990462027543018, 0.0, 0.0436656015899292, 0.0] status=0x0003
joint_pos=[14.330853113152097, -30.162873403737862, 38.10078270328982, -3.140690852759596, 0.14872777316095254, 8.032231821262208] joint_vel=[51.18314734626787, 33.82104206083522, -83.06952433244498, -37.803365640414675, 0.29569768785437683, 50.01483025763406] imu_ang_vel=[0.0, -0.007539559277729228, 0.0] imu_quat_wxyz=[0.9990559995148763, 0.0, 0.04344087744661057, 0.0] status=0x0003
joint_pos=[15.422801212304279, -29.433157519857602, 36.22650647854088, -3.800362622499308, 0.1505488376873832, 8.69643231562295] joint_vel=[57.598850065854315, 36.51394290467937, -99.13097800703888, -31.13127538983644, 0.1607122384283879, 33.34787130506502] imu_ang_vel=[0.0, 0.07247816845241603, 0.0] imu_quat_wxyz=[0.999039136552076, 0.0, 0.043826973854948846, 0.0] status=0x0003
joint_pos=[16.66097055599025, -28.647994341048612, 34.108964886970845, -4.354233198049873, 0.15465048832829123, 9.428642611636159] joint_vel=[63.48835077376978, 41.45452676360196, -109.44674426322149, -25.450784485463895, 0.15084566953436293, 33.460737016021035] imu_ang_vel=[0.0, 0.17347212462024228, 0.0] imu_quat_wxyz=[0.9989789725576244, 0.0, 0.04517756509278912, 0.0] status=0x0003
joint_pos=[18.000847966125164, -27.68621151481263, 31.87538178790308, -4.759194435102674, 0.1574722065753337, 10.165279799337776] joint_vel=[68.1690961214551, 52.35328700207224, -112.80981991775415, -17.03970583265345, 0.08647020535830519, 34.16388430583218] imu_ang_vel=[0.0, 0.31858026778465937, 0.0] imu_quat_wxyz=[0.9988582301244203, 0.0, 0.04777275492067155, 0.0] status=0x0003
joint_pos=[19.411762189284634, -26.38291150223811, 29.61993223837377, -4.955065266442369, 0.15502229058450376, 10.972139160058473] joint_vel=[72.06773181476572, 71.94430514039068, -112.59462610742474, -5.946254095170995, -0.05623548730777087, 46.01498301240389] imu_ang_vel=[0.0, 0.5262096269554831, 0.0] imu_quat_wxyz=[0.998636985319684, 0.0, 0.05219359684495032, 0.0] status=0x0003
joint_pos=[20.765757002888204, -24.3642098054115, 27.378288774842723, -4.839444647421278, 0.11598063850236745, 11.76754090576979] joint_vel=[65.58586412807693, 116.64973580134132, -111.63772899957213, 11.930174945595596, -2.173259360182694, 38.55880669061485] imu_ang_vel=[0.0, 0.8188110757155338, 0.0] imu_quat_wxyz=[0.9982473982904572, 0.0, 0.059178812140269176, 0.0] status=0x0003
joint_pos=[21.59644755010059, -20.669080526707077, 24.944828787248202, -3.822545720153765, -1.1724516252822017, 13.256541824376253] joint_vel=[28.09393477751836, 222.28986628211723, -126.88928219806165, 72.25143960481178, -98.54603519114777, 95.767259319101] imu_ang_vel=[0.0, 1.094908319813438, 0.0] imu_quat_wxyz=[0.9976079209654122, 0.0, 0.06912623255369853, 0.0] status=0x0003
joint_pos=[21.575312148741343, -16.969822020812256, 20.63722329362111, -1.87385231328782, -4.643554687025468, 15.795798262274324] joint_vel=[-7.10902732647576, 106.57517509303739, -297.2083063212408, 109.77711622128002, -215.06696945382365, 127.72027015970669] imu_ang_vel=[0.0, 0.8604950720297695, 0.0] imu_quat_wxyz=[0.99682232505512, 0.0, 0.07965709178538102, 0.0] status=0x0003
joint_pos=[21.0431651899292, -14.692235579558567, 15.031711071173515, 0.6994836752170431, -10.104551022708707, 17.440710463356666] joint_vel=[-37.53926390053871, 118.15274903324082, -273.2351950782552, 138.83390241336554, -304.31316153547, 57.66076700181554] imu_ang_vel=[0.0, 0.42928529290574363, 0.0] imu_quat_wxyz=[0.9963404246603915, 0.0, 0.08547372805459356, 0.0] status=0x0003
sim t=    2.02s  x= 0.492m z= 0.528m pitch= 10.01deg action=[-1.0, 1.0, 0.451, 1.0, -1.0, -0.141]
joint_pos=[19.982672384738855, -12.36292322806007, 10.243791857807203, 3.7420552615715996, -17.006919045964203, 18.004425236646764] joint_vel=[-61.63107508670432, 115.84123051062551, -223.40778550847557, 159.11173505628895, -366.4224155385622, 12.26684878449387] imu_ang_vel=[0.0, 0.051850062974000494, 0.0] imu_quat_wxyz=[0.9961761283628888, 0.0, 0.08736773592079153, 0.0] status=0x0003
joint_pos=[18.54033318808564, -10.120842182570275, 6.5192931749776974, 6.984346780550768, -24.374414127523, 18.189628034717465] joint_vel=[-78.12675029025071, 110.8830038644743, -167.84781469193052, 163.60338329597977, -368.12300563979215, 7.68547717454892] imu_ang_vel=[0.0, -0.21133894757197882, 0.0] imu_quat_wxyz=[0.9962843986392027, 0.0, 0.08612431148126698, 0.0] status=0x0003
joint_pos=[16.856338666932537, -8.603666827292189, 4.217009228899136, 9.693749785290024, -31.05044939706781, 18.028194205500874] joint_vel=[-87.65596045203317, 57.08470376303741, -87.65476340967052, 119.75059375286675, -314.1456232564359, -16.350124974768228] imu_ang_vel=[0.0, -0.641944028599753, 0.0] imu_quat_wxyz=[0.9966675506128014, 0.0, 0.08157078861626203, 0.0] status=0x0003
joint_pos=[15.136303191979078, -8.193906326533591, 3.0482221460740733, 11.450279084600814, -36.317128953449256, 16.834069515334438] joint_vel=[-85.15097706888427, 0.6086757048866762, -43.203323229958485, 70.05371541023054, -234.9924545488745, -82.68263942204001] imu_ang_vel=[0.0, -1.0456628761456765, 0.0] imu_quat_wxyz=[0.9973630655753344, 0.0, 0.07257351738872302, 0.0] status=0x0003
joint_pos=[13.428135989208695, -8.636546412761374, 2.5412250480998817, 12.251538186164481, -39.98159230552799, 15.114241856456568] joint_vel=[-85.41211697276535, -34.7976543338348, -15.888853819538786, 23.38061118563075, -154.45121863481444, -87.54534986268034] imu_ang_vel=[0.0, -1.3223259246238235, 0.0] imu_quat_wxyz=[0.9981796167363673, 0.0, 0.060311298543795085, 0.0] status=0x0003
joint_pos=[11.729526449059454, -9.399747551526069, 2.803133316684272, 12.361428709292115, -41.98426290598645, 13.890130878095194] joint_vel=[-90.18875481177776, -33.31698885001735, 84.24936084145153, -0.20230509416334178, -68.407166585098, -46.96880580148775] imu_ang_vel=[0.0, -1.338728361271556, 0.0] imu_quat_wxyz=[0.9989070951492893, 0.0, 0.04673986799733848, 0.0] status=0x0003
joint_pos=[10.265232375062816, -10.208557931154735, 3.860576484964498, 12.30213633124563, -42.56654599542262, 13.590402758977543] joint_vel=[-68.13697894127503, -36.44173221357325, 50.694058899551386, -2.2712521332071147, -9.784466353009519, 1.9247925989785974] imu_ang_vel=[0.0, -1.0019776589851155, 0.0] imu_quat_wxyz=[0.9993673811668286, 0.0, 0.035564553417058956, 0.0] status=0x0003
joint_pos=[9.01723107342812, -10.704119654266686, 4.770244073662692, 12.447096397177278, -42.48772975096233, 14.143682199988836] joint_vel=[-59.130701274755914, -18.54458374566528, 42.54876764528159, 12.421330479578902, 11.805271490000885, 41.438760053585575] imu_ang_vel=[0.0, -0.6804928119585435, 0.0] imu_quat_wxyz=[0.9996195723696485, 0.0, 0.027580981409681418, 0.0] status=0x0003
joint_pos=[8.034107013955134, -10.867046404214431, 5.51039161184519, 13.047406240379745, -42.12522391017204, 15.159130216124682] joint_vel=[-43.65909634666316, -2.562709081481595, 34.11168412223104, 39.652193699291225, 21.821277311219465, 55.737405582458535] imu_ang_vel=[0.0, -0.3008421725366796, 0.0] imu_quat_wxyz=[0.9997339626730511, 0.0, 0.023065209256330547, 0.0] status=0x0003
joint_pos=[7.333640577988272, -10.817293565229702, 6.132403297786093, 14.152552787082856, -41.6851584768297, 16.212709730838597] joint_vel=[-30.40707550668152, 5.36992181685169, 29.643078315305495, 63.788934020621774, 22.240707984328385, 51.00207457297811] imu_ang_vel=[0.0, 0.015492535413636889, 0.0] imu_quat_wxyz=[0.9997554941002984, 0.0, 0.02211225941119755, 0.0] status=0x0003
joint_pos=[6.805249404030022, -10.64765780227198, 6.698105545317422, 15.616197134647242, -41.24961191014754, 16.922711718846305] joint_vel=[-24.368109605218905, 10.325395478287819, 27.686540873662192, 78.26731172009475, 21.578589835602514, 27.18287720719926] imu_ang_vel=[0.0, 0.20366136177954006, 0.0] imu_quat_wxyz=[0.9997226060523635, 0.0, 0.023552302390015833, 0.0] status=0x0003
joint_pos=[6.35123626020315, -10.457270020647755, 7.255955722294416, 17.2518894645121, -40.810573848089774, 17.050167689055385] joint_vel=[-21.952239043817674, 9.214895301853403, 28.538849950125883, 83.61283649338569, 22.176254696575302, -4.311414528650326] imu_ang_vel=[0.0, 0.2744326496476054, 0.0] imu_quat_wxyz=[0.9996587248827548, 0.0, 0.026123433269476703, 0.0] status=0x0003
joint_pos=[5.852514253502448, -10.316068471119076, 7.845784742373655, 18.822609321587315, -40.26265392340885, 16.633410873952517] joint_vel=[-26.713894742214062, 5.970489246289852, 30.73338130222873, 75.63415712996208, 30.296723802258043, -29.64210517917819] imu_ang_vel=[0.0, 0.21289584865764957, 0.0] imu_quat_wxyz=[0.9995908780582963, 0.0, 0.028602036686995125, 0.0] status=0x0003
joint_pos=[5.210015764199404, -10.239465399066049, 8.476010048216258, 20.10597047163022, -39.409047539014985, 15.751336142054958] joint_vel=[-35.18447288251905, 2.709400529371027, 32.81251986751418, 57.75247661663606, 49.53435139222929, -51.77392786318014] imu_ang_vel=[0.0, 0.06788518554294366, 0.0] imu_quat_wxyz=[0.9995533370347921, 0.0, 0.02988522080579703, 0.0] status=0x0003
joint_pos=[4.334323455652465, -10.1239667903602, 9.18435511150803, 20.96522797203056, -38.07729192503636, 14.518490377901907] joint_vel=[-46.77103633160075, 4.479955041793803, 30.518272246165637, 33.42764956617984, 76.90846635756743, -66.87383438945965] imu_ang_vel=[0.0, -0.10346026507881742, 0.0] imu_quat_wxyz=[0.9995625401115512, 0.0, 0.02957580777837928, 0.0] status=0x0003
joint_pos=[3.213258900774751, -9.897830804027251, 9.80719744855532, 21.322210313658047, -36.17099756800541, 13.053248199879935] joint_vel=[-62.97025552484906, 18.444169544792956, 40.07228295383808, 10.625751500975548, 104.5494301577868, -76.54861615188146] imu_ang_vel=[0.0, -0.2601759843871062, 0.0] imu_quat_wxyz=[0.9996209428476271, 0.0, 0.027531266233518245, 0.0] status=0x0003
joint_pos=[1.8596712071515842, -9.47453984569288, 10.317995813009881, 21.20462466601461, -33.72385910156164, 11.49257058921132] joint_vel=[-73.37109604042139, 28.452542493350894, 31.819381966970656, -12.582018308398803, 130.56373012843366, -78.67539926918862] imu_ang_vel=[0.0, -0.3663428259381398, 0.0] imu_quat_wxyz=[0.9997050948384409, 0.0, 0.024284220268805133, 0.0] status=0x0003
joint_pos=[0.29838571441272943, -8.839460219799834, 10.738691860716164, 20.646718092880736, -30.854470905699973, 9.945460447948806] joint_vel=[-81.01664420641207, 34.51981912940991, 17.038421771965993, -36.07044965365942, 150.1710936631068, -76.55378769520252] imu_ang_vel=[0.0, -0.4268082256453838, 0.0] imu_quat_wxyz=[0.9997956263901014, 0.0, 0.020216464854785485, 0.0] status=0x0003
joint_pos=[-1.4045929597174993, -8.024349292412703, 11.078343560461478, 19.705353627227804, -27.703219598008364, 8.360304791154453] joint_vel=[-86.5528354801918, 42.99446275376945, 12.928468995070798, -53.863345119982775, 161.67281390310552, -80.63223653685353] imu_ang_vel=[0.0, -0.466692775059317, 0.0] imu_quat_wxyz=[0.9998779344545995, 0.0, 0.015624218086152941, 0.0] status=0x0003
joint_pos=[-3.1548114467061876, -7.077903285569198, 11.42804454283028, 18.481588107990397, -24.437918440466333, 6.713989095042002] joint_vel=[-88.43226858621351, 50.84861142455349, 22.039193372406586, -64.89957035300465, 163.57441482572514, -83.13197023294188] imu_ang_vel=[0.0, -0.4265168251679939, 0.0] imu_quat_wxyz=[0.9999373514405625, 0.0, 0.011193444243527558, 0.0] status=0x0003
joint_pos=[-4.796625101151233, -6.2162219423844975, 11.777240301318898, 17.02931456503845, -21.21305189492408, 5.145067106591766] joint_vel=[-79.06230818074262, 39.94445150830111, 17.114968141431163, -76.57355805272482, 159.35910333570698, -75.86870856575992] imu_ang_vel=[0.0, -0.3347148038936515, 0.0] imu_quat_wxyz=[0.9999720827122701, 0.0, 0.007472201555419864, 0.0] status=0x0003
joint_pos=[-6.21436941234833, -5.780113185634297, 12.396290785180984, 15.331094029946842, -18.169790416161025, 3.965924427756282] joint_vel=[-65.46313545972862, 10.29248832566698, 34.12540254650087, -90.53808251734893, 148.18392541917856, -49.89095099479721] imu_ang_vel=[0.0, -0.3140344754518163, 0.0] imu_quat_wxyz=[0.9999907297491306, 0.0, 0.004305858311782138, 0.0] status=0x0003
joint_pos=[-7.192119294005318, -6.15893012798194, 13.506505310739389, 13.442345219324103, -15.428099141001832, 3.4389611510135967] joint_vel=[-38.54284805060771, -37.28067060767397, 61.774770044302514, -97.98373185827677, 131.0624594539715, -13.780056979301198] imu_ang_vel=[0.0, -0.22459321432324797, 0.0] imu_quat_wxyz=[0.9999985561879905, 0.0, 0.0016993004250192114, 0.0] status=0x0003
joint_pos=[-7.496910609542188, -7.588400036199528, 15.26357145750721, 11.47484912005195, -12.910373909003274, 3.7165633248829435] joint_vel=[-4.42345433745641, -86.24014269710118, 110.59635940248374, -96.94071621871434, 121.85096212059314, 28.67530908681354] imu_ang_vel=[0.0, -0.007623297783713699, 0.0] imu_quat_wxyz=[0.9999997599962213, 0.0, 0.0006928257355434823, 0.0] status=0x0003
joint_pos=[-7.00813914195095, -10.178574533416514, 17.589920962591208, 9.698437772160855, -10.74425906139788, 4.158244845753692] joint_vel=[28.502396942843113, -140.4816360697574, 120.55391390386762, -53.34758665606525, 40.29106631034386, -62.64363741462794] imu_ang_vel=[0.0, 0.32083415696702444, 0.0] imu_quat_wxyz=[0.9999965572200509, 0.0, 0.002624032782877536, 0.0] status=0x0003
joint_pos=[-6.14659015993562, -13.15001422369251, 20.21321920260823, 8.784702818637081, -9.988292983124095, 2.7514629521237874] joint_vel=[51.32025185115085, -152.57728760971693, 136.77608152045102, -42.51228137308618, 37.863366297613695, -72.87019340220425] imu_ang_vel=[0.0, 0.05729649380071311, 0.0] imu_quat_wxyz=[0.9999959727079878, 0.0, 0.002838057047594079, 0.0] status=0x0003
joint_pos=[-4.905420298696198, -15.748706237134128, 23.45382809308481, 8.154876921953413, -9.309823365826064, 1.9906786299367778] joint_vel=[70.10166982228549, -115.6678735226334, 175.06783669571615, -26.84929784963931, 30.849125466530474, 12.943795789607416] imu_ang_vel=[0.0, 0.32275366660710314, 0.0] imu_quat_wxyz=[0.9999881440640513, 0.0, 0.004869469307243811, 0.0] status=0x0003
joint_pos=[-3.2401149228911605, -17.918140543595605, 26.931089988483077, 7.7900230255411875, -8.648911758852059, 2.360476623383861] joint_vel=[90.25259396670779, -104.18584547941995, 173.12145747122543, -13.396079904397055, 34.75631230666048, 17.723147578769034] imu_ang_vel=[0.0, 0.6292678843364389, 0.0] imu_quat_wxyz=[0.9999482482596999, 0.0, 0.010173534408336312, 0.0] status=0x0003
joint_pos=[-1.452300003255644, -19.989411991863644, 30.073934549961265, 7.423591183179073, -7.887246401575322, 2.674880500498231] joint_vel=[88.86940621729134, -102.92156361509501, 148.44967813244972, -21.187677445402333, 40.14092982759565, 14.810620979225993] imu_ang_vel=[0.0, 0.6150880569864395, 0.0] imu_quat_wxyz=[0.9998609211439056, 0.0, 0.016677480902718703, 0.0] status=0x0003
joint_pos=[0.2741308980814844, -22.012326773038993, 32.875026517356574, 6.86563641403712, -6.96898992581242, 2.9122439882110562] joint_vel=[84.88087524239778, -99.86994942727979, 135.44180494745095, -31.752574555404955, 49.43187068926296, 10.339086205473267] imu_ang_vel=[0.0, 0.5155045795098308, 0.0] imu_quat_wxyz=[0.9997532382866213, 0.0, 0.02221401664297184, 0.0] status=0x0003
joint_pos=[1.9224321791161576, -23.846697865496118, 35.346460702104636, 6.125020070072207, -5.800133851987299, 3.022616782606205] joint_vel=[81.06851372483028, -86.93963912336004, 117.13315128731827, -40.11784498144136, 63.91507733105225, 3.0597549265370056] imu_ang_vel=[0.0, 0.47860710149020774, 0.0] imu_quat_wxyz=[0.9996336800605804, 0.0, 0.027064842296626014, 0.0] status=0x0003
joint_pos=[3.514979705213709, -25.47763699304943, 37.350740928384326, 5.202725356951071, -4.289045297074136, 2.966356479067697] joint_vel=[78.84889390122434, -78.3375828767485, 91.09344275661698, -49.62379217879572, 82.6347868495345, -6.0393361689750025] imu_ang_vel=[0.0, 0.4758374463232138, 0.0] imu_quat_wxyz=[0.9994936925772046, 0.0, 0.03181758159232881, 0.0] status=0x0003
joint_pos=[5.069448517057075, -27.04549252141575, 38.854296958360344, 4.046946934457137, -2.3555943426541894, 2.7109833432279786] joint_vel=[77.12418863374545, -78.2313497777055, 66.61269402913773, -62.54037059573498, 105.25737353373646, -16.653413559064138] imu_ang_vel=[0.0, 0.46184828875359385, 0.0] imu_quat_wxyz=[0.9993333936705474, 0.0, 0.03650709923982906, 0.0] status=0x0003
joint_pos=[6.614980353190227, -28.673949241794293, 39.93423100143034, 2.6184202523830713, 0.08872977213426621, 2.216837281644268] joint_vel=[77.41182279708283, -83.01632930069607, 47.22066406241954, -76.6382506413926, 132.63462143219996, -29.422188653455176] imu_ang_vel=[0.0, 0.4625172028960189, 0.0] imu_quat_wxyz=[0.9991546852807296, 0.0, 0.04110857430714663, 0.0] status=0x0003
joint_pos=[7.929260784386433, -30.598967910512346, 40.66171352245512, 1.728303428646477, 0.6076536171734058, 2.6444161217590425] joint_vel=[61.705735168091636, -100.66288946748264, 30.442909670793693, -37.56282539207775, -1.9613090918808354, 35.64500429148639] imu_ang_vel=[0.0, 0.00784815578444123, 0.0] imu_quat_wxyz=[0.9990685989559539, 0.0, 0.043150139978768785, 0.0] status=0x0003
joint_pos=[8.993557328655038, -32.00523553175606, 41.352031827984845, 1.03272216885919, 0.4282596709268725, 3.4306404362999614] joint_vel=[48.84336987588658, -53.013539383667016, 36.71970996777354, -34.37389890627309, -9.53305636786556, 40.11831997550647] imu_ang_vel=[0.0, -0.05995559015701888, 0.0] imu_quat_wxyz=[0.9990944180893623, 0.0, 0.042548134420661375, 0.0] status=0x0003
joint_pos=[9.94322120281161, -32.505927507215404, 41.89302555002306, 0.4223495937668056, 0.2837178026602588, 4.20554526046597] joint_vel=[46.75562937966219, -9.315859343742284, 21.889732591783783, -28.44406364023741, -5.8295544551821825, 38.31604626056734] imu_ang_vel=[0.0, 0.05261898582823081, 0.0] imu_quat_wxyz=[0.9990941537120454, 0.0, 0.04255434194546819, 0.0] status=0x0003
joint_pos=[10.85101270553884, -32.39620191770675, 42.074264491957905, -0.18153422950040138, 0.20707350413199097, 5.075801025888477] joint_vel=[46.10854403563759, 11.639403551277786, 2.8536082266482587, -32.32877839987596, -2.617088722335305, 60.11725269051239] imu_ang_vel=[0.0, 0.08577095134868584, 0.0] imu_quat_wxyz=[0.9990574136414516, 0.0, 0.04340834306966066, 0.0] status=0x0003
joint_pos=[11.715555392389723, -31.95901794023423, 41.81239969827038, -0.8276539328148157, 0.16810656962712336, 5.776867677880455] joint_vel=[43.08609225842065, 25.349423646926354, -21.294239586219156, -33.518470334330196, -1.3674321554820033, 34.672149967106186] imu_ang_vel=[0.0, 0.05181235836519714, 0.0] imu_quat_wxyz=[0.9990265392576753, 0.0, 0.0441131937047471, 0.0] status=0x0003
joint_pos=[12.577523218816076, -31.401997734665354, 41.05509059699881, -1.5560832721986755, 0.15316711991220602, 6.472722973593255] joint_vel=[43.039404291666926, 29.253545379429116, -46.69370169040636, -38.10518922310328, -0.5141628584299667, 35.207306526983494] imu_ang_vel=[0.0, -0.011113612764002329, 0.0] imu_quat_wxyz=[0.9990199647495348, 0.0, 0.04426183493528327, 0.0] status=0x0003
joint_pos=[13.474537710820792, -30.78726415637148, 39.836652544644274, -2.3385174944469918, 0.14780665839338702, 7.25583660789719] joint_vel=[44.814193449089984, 32.725913575183455, -68.62551359447407, -39.13099435525502, -0.2936069915935227, 34.02761487919753] imu_ang_vel=[0.0, -0.0380758822952139, 0.0] imu_quat_wxyz=[0.9990339921214667, 0.0, 0.043944084765134145, 0.0] status=0x0003
joint_pos=[14.445177923532036, -30.111646842278407, 38.23331065513731, -3.100578659179028, 0.14832426354295838, 8.016863087072656] joint_vel=[51.73851667565285, 32.96806006255722, -86.08122551301112, -38.37482741246089, 0.29832577050568226, 50.23199713881213] imu_ang_vel=[0.0, -0.011781738017330907, 0.0] imu_quat_wxyz=[0.9990457921738188, 0.0, 0.0436749944451835, 0.0] status=0x0003
joint_pos=[15.545576503915319, -29.398279437464318, 36.303185811421386, -3.771603551692854, 0.15030428308201896, 8.687769000876969] joint_vel=[57.934802467130396, 35.733044716546146, -101.80441651068557, -31.688363869338698, 0.16784182931266267, 33.68505169875262] imu_ang_vel=[0.0, 0.06864097696053041, 0.0] imu_quat_wxyz=[0.9990305910591711, 0.0, 0.0440213371896315, 0.0] status=0x0003
joint_pos=[16.787684349858413, -28.624983721454846, 34.137859410953645, -4.33552145319879, 0.15454012245844131, 9.426203257535677] joint_vel=[63.61270966187507, 40.956453320007256, -111.68028563766445, -25.92308710805113, 0.15712723966018077, 33.80637741633983] imu_ang_vel=[0.0, 0.1708058496820047, 0.0] imu_quat_wxyz=[0.9989716184586301, 0.0, 0.04533988877517276, 0.0] status=0x0003
joint_pos=[18.134520670939875, -27.674081513947243, 31.86745914219081, -4.75292676937321, 0.1584343306631848, 10.22656484636184] joint_vel=[69.62657313558066, 50.845830700906404, -114.34392155668013, -18.260544948329443, 0.2890506602272674, 45.95008153493512] imu_ang_vel=[0.0, 0.3175719193612434, 0.0] imu_quat_wxyz=[0.9988512535681761, 0.0, 0.04791840194834588, 0.0] status=0x0003
joint_pos=[19.54829397827873, -26.363143162998593, 29.586452463226685, -4.9384085976066645, 0.15401002133989147, 10.981847668577572] joint_vel=[73.01427030601255, 71.92010129639482, -113.59242509003218, -5.278430957866703, -0.09876201739493931, 46.31354957650017] imu_ang_vel=[0.0, 0.5387210695000915, 0.0] imu_quat_wxyz=[0.998626216355726, 0.0, 0.05239923670290047, 0.0] status=0x0003
joint_pos=[20.900052555331495, -24.28860143828995, 27.342827582018618, -4.804175574922439, 0.11369353384787469, 11.784663095352364] joint_vel=[64.89800341705677, 121.00390262953735, -111.25463151297207, 13.015077733885366, -2.2326928797702164, 38.992249663281925] imu_ang_vel=[0.0, 0.8414348885462788, 0.0] imu_quat_wxyz=[0.9982235896448663, 0.0, 0.0595790657573407, 0.0] status=0x0003
joint_pos=[21.684293551406125, -20.483240468403803, 24.930272393692288, -3.737710220358665, -1.2681961810022406, 13.327449692733449] joint_vel=[24.756468943158772, 228.49248293516027, -125.49814938480296, 75.56863280686566, -105.92092039879711, 99.3418770485873] imu_ang_vel=[0.0, 1.1012178102709271, 0.0] imu_quat_wxyz=[0.9975690668841471, 0.0, 0.06968469556431964, 0.0] status=0x0003
joint_pos=[21.587340102460683, -16.66465720024364, 20.613859899628434, -1.7126757788641163, -4.910498347890849, 15.897680863410713] joint_vel=[-11.902197194238182, 113.22201973682118, -298.5244527372584, 114.50830862175334, -225.04667432003365, 126.04420442878053] imu_ang_vel=[0.0, 0.8498483294971919, 0.0] imu_quat_wxyz=[0.9967787992056392, 0.0, 0.08019990931518624, 0.0] status=0x0003
joint_pos=[20.96268452314587, -14.252744216383736, 14.996776104588065, 0.9466493238444841, -10.537086056976584, 17.50976514255185] joint_vel=[-42.05001737196053, 124.9008097397455, -273.44389759630945, 142.89131265365208, -311.61787112049245, 56.041426617895894] imu_ang_vel=[0.0, 0.42634670731378665, 0.0] imu_quat_wxyz=[0.9962986655751604, 0.0, 0.0859591122171158, 0.0] status=0x0003
sim t=    3.02s  x= 0.772m z= 0.528m pitch= 10.08deg action=[-1.0, 1.0, 0.416, 1.0, -0.996, -0.144]
joint_pos=[19.813659120360168, -11.76538643194971, 10.155566856484805, 4.062937733972739, -17.5507933234803, 18.039731984414985] joint_vel=[-66.0433011764171, 124.47071308720385, -227.34597551070013, 162.60646385157162, -371.007453799663, 10.55275688905037] imu_ang_vel=[0.0, 0.05846104341741894, 0.0] imu_quat_wxyz=[0.9961310595615207, 0.0, 0.0878801011426483, 0.0] status=0x0003
joint_pos=[18.265153629645692, -9.393217179364346, 6.317353147651501, 7.29976773243242, -24.956892740011746, 18.193812902921046] joint_vel=[-83.91519770895435, 116.18274762340978, -174.51653678689414, 161.25467939697467, -368.63480127322475, 6.221293495285053] imu_ang_vel=[0.0, -0.24813975288333562, 0.0] imu_quat_wxyz=[0.9962522196716547, 0.0, 0.0864957501805791, 0.0] status=0x0003
joint_pos=[16.49405108680299, -7.870205522159039, 3.876744426417546, 9.907529522722777, -31.58132438744953, 17.940976814904115] joint_vel=[-91.18213954144359, 54.533763082553214, -94.95831776353602, 113.14358497865378, -309.921838132746, -22.573935505041355] imu_ang_vel=[0.0, -0.7211259123233449, 0.0] imu_quat_wxyz=[0.9966900931958628, 0.0, 0.08129488375797361, 0.0] status=0x0003
joint_pos=[14.727478873872489, -7.550836480245633, 2.573872061165047, 11.503890576028649, -36.69214714683392, 16.611260347969015] joint_vel=[-86.7999530697276, -5.00800596981758, -49.67361330715099, 61.27412551474399, -225.26698384979738, -89.74863500817034] imu_ang_vel=[0.0, -1.1285798607493767, 0.0] imu_quat_wxyz=[0.997444754556722, 0.0, 0.07144201570001031, 0.0] status=0x0003
joint_pos=[13.005100505282883, -8.122731286126823, 1.982777685828732, 12.122681054714503, -40.11818571075104, 14.752393939232967] joint_vel=[-85.57858784721844, -41.75592231147636, -18.891950403254924, 14.063438464296116, -141.34021538467707, -94.42889444222048] imu_ang_vel=[0.0, -1.3869595592566386, 0.0] imu_quat_wxyz=[0.9982903335712366, 0.0, 0.05845006328678383, 0.0] status=0x0003
joint_pos=[11.298458613809755, -9.011344043796047, 2.594728625933315, 12.088007534703582, -41.82615450742135, 13.439966142136571] joint_vel=[-82.57399312426497, -51.506950408550985, 61.75471898085637, -11.162924288561562, -50.93875438974915, -50.182197574750894] imu_ang_vel=[0.0, -1.255769179256723, 0.0] imu_quat_wxyz=[0.9989995502577759, 0.0, 0.04472022567878555, 0.0] status=0x0003
joint_pos=[9.819409384214795, -9.871333679158626, 3.6884358516821405, 11.949049488428356, -42.2924294240229, 13.05352699244953] joint_vel=[-69.32951964246533, -38.30795223552396, 52.59530790399381, -4.48674603226996, -7.927690288444296, -3.0590545879702122] imu_ang_vel=[0.0, -1.024128056674648, 0.0] imu_quat_wxyz=[0.9994483824392646, 0.0, 0.03321040258017957, 0.0] status=0x0003
joint_pos=[8.58385686879773, -10.346970470806944, 4.60346220008353, 12.130876184685684, -42.198028015538746, 13.766838075252295] joint_vel=[-57.52086976163532, -15.943773287800632, 41.89101652250999, 16.522022994890122, 12.033191758654644, 56.377890096807285] imu_ang_vel=[0.0, -0.6404379202823491, 0.0] imu_quat_wxyz=[0.9996796298386463, 0.0, 0.025310821513081498, 0.0] status=0x0003
joint_pos=[7.656768017578301, -10.503440420656732, 5.353966395007574, 12.815133235087579, -41.826826267452475, 15.064831607897693] joint_vel=[-40.260361898313235, -3.334092827022778, 35.18831348351294, 43.904710632042054, 22.39448329384492, 69.41682827626667] imu_ang_vel=[0.0, -0.23969882268898307, 0.0] imu_quat_wxyz=[0.9997710752820745, 0.0, 0.021396191935117236, 0.0] status=0x0003
joint_pos=[7.019661281169208, -10.467611843507315, 5.997288770209443, 14.00492238609457, -41.37734608934781, 16.25037870069094] joint_vel=[-27.36975815007883, 4.710848600403436, 30.731314717107566, 68.00648005424252, 22.636284472669395, 53.80614293066728] imu_ang_vel=[0.0, 0.07565696762653765, 0.0] imu_quat_wxyz=[0.9997782976673372, 0.0, 0.02105600896184772, 0.0] status=0x0003
joint_pos=[6.554659473289291, -10.33827342280245, 6.597174327348607, 15.55940781360454, -40.97819914435794, 16.93175872331081] joint_vel=[-21.14276160953769, 7.55044152210055, 29.786696495431503, 82.97540007618241, 18.51460466882556, 23.484606767609673] imu_ang_vel=[0.0, 0.2519340712616961, 0.0] imu_quat_wxyz=[0.9997346722839446, 0.0, 0.02303443147364235, 0.0] status=0x0003
joint_pos=[6.1521600631530236, -10.209414106751275, 7.201611936755803, 17.27304062260364, -40.60958227854856, 17.02552403250271] joint_vel=[-19.732717249477258, 5.952340391722366, 31.02695092318271, 87.0571956736139, 18.403055691938512, -4.917561923810038] imu_ang_vel=[0.0, 0.30449310111740296, 0.0] imu_quat_wxyz=[0.9996625193286521, 0.0, 0.02597782611174829, 0.0] status=0x0003
joint_pos=[5.689773540429268, -10.138369866159346, 7.842072246127895, 18.891568812173198, -40.11546881408729, 16.594700480223736] joint_vel=[-25.1158844225408, 2.309291831391844, 33.38453473309054, 77.44333503936599, 28.211165058858274, -30.395053408635913] imu_ang_vel=[0.0, 0.22818661661126852, 0.0] imu_quat_wxyz=[0.9995892200461783, 0.0, 0.028659922670393065, 0.0] status=0x0003
joint_pos=[5.067580202610437, -10.12284538137255, 8.517790239305837, 20.19860027238791, -39.289596597825316, 15.693278861356557] joint_vel=[-34.54104391687837, 0.1482899391385198, 34.86329497154889, 58.60581698335905, 48.557540784271666, -52.85346040192902] imu_ang_vel=[0.0, 0.07359382040040288, 0.0] imu_quat_wxyz=[0.9995489572893621, 0.0, 0.03003134998212624, 0.0] status=0x0003
joint_pos=[4.196985398704307, -10.051944750370156, 9.261385609431507, 21.06841011770743, -37.974418955889966, 14.44190841231651] joint_vel=[-46.797001298281046, 2.5559402944098966, 32.338798723666294, 33.82440336238521, 76.11533081666208, -67.71473642404862] imu_ang_vel=[0.0, -0.10403472544575279, 0.0] imu_quat_wxyz=[0.9995577024785294, 0.0, 0.029738853640377413, 0.0] status=0x0003
joint_pos=[3.0738909101829117, -9.858573009655995, 9.914051552507999, 21.43014831386273, -36.07652057486501, 12.976424341628901] joint_vel=[-63.01180323654977, 16.771529575273398, 41.085421106031255, 10.70304940681131, 104.3974081842162, -76.11922853665746] imu_ang_vel=[0.0, -0.26160469435087824, 0.0] imu_quat_wxyz=[0.9996169213110279, 0.0, 0.02767689702011967, 0.0] status=0x0003
joint_pos=[1.7159339113880676, -9.468100799643073, 10.46126041550103, 21.3107818664475, -33.62850985491076, 11.426551443958665] joint_vel=[-71.2772988132901, 22.53105873819399, 23.06023627744812, -14.644042509199192, 131.79976929057887, -78.11649171626435] imu_ang_vel=[0.0, -0.3517661863390986, 0.0] imu_quat_wxyz=[0.9997010221112659, 0.0, 0.024451306502728882, 0.0] status=0x0003
joint_pos=[0.14775543091330148, -8.864945269271523, 10.90914876200528, 20.744186067035493, -30.754922938526654, 9.866128831311771] joint_vel=[-81.39549564176092, 33.013712686719735, 17.925262473167436, -36.62563957623413, 150.36726020165167, -77.89373972738409] imu_ang_vel=[0.0, -0.4464020406527673, 0.0] imu_quat_wxyz=[0.9997937968050018, 0.0, 0.020306744451998867, 0.0] status=0x0003
joint_pos=[-1.5591286103565858, -8.046338250443121, 11.328355690018881, 19.8224595006302, -27.602026344920517, 8.249154496305232] joint_vel=[-87.9228854152292, 46.46181808908907, 24.75142966178527, -50.94170908238762, 161.12323368732618, -82.3360688749707] imu_ang_vel=[0.0, -0.44699505908589704, 0.0] imu_quat_wxyz=[0.9998751705861317, 0.0, 0.01580010270074268, 0.0] status=0x0003
joint_pos=[-3.2635898373565357, -7.161301179851178, 11.669731476777335, 18.618118169178814, -24.33113543705031, 6.574840477706237] joint_vel=[-84.20070552684034, 44.202250642660886, 14.956196561206465, -65.0090458610602, 164.29080943426322, -84.36720475827664] imu_ang_vel=[0.0, -0.3798922436014477, 0.0] imu_quat_wxyz=[0.9999314420071853, 0.0, 0.011709452823722644, 0.0] status=0x0003
joint_pos=[-4.892987943509035, -6.359790870461461, 12.070222870609857, 17.157811052838706, -21.1018665951956, 5.03273469209056] joint_vel=[-79.29168499630434, 36.88719114308681, 19.413323206083625, -78.11113043431068, 159.76377153134928, -73.16647111242276] imu_ang_vel=[0.0, -0.3464737083853324, 0.0] imu_quat_wxyz=[0.9999670884041496, 0.0, 0.008113082553972386, 0.0] status=0x0003
joint_pos=[-6.320319965853667, -5.949549971038448, 12.786747845684218, 15.455925958086157, -18.062760092218873, 3.885420824483437] joint_vel=[-67.34234631184988, 12.420857530933857, 46.71185706800216, -88.7521504969727, 147.07355609577277, -48.87770763259709] imu_ang_vel=[0.0, -0.3083251691240661, 0.0] imu_quat_wxyz=[0.9999878040987076, 0.0, 0.004938790726977718, 0.0] status=0x0003
joint_pos=[-7.274673952824337, -6.359744673021491, 13.933471144501269, 13.585994100788307, -15.320087229380375, 3.3447834986475837] joint_vel=[-39.45220532625712, -33.57727536202744, 75.6827006819417, -93.83288150969015, 130.14183988840838, -15.316370655476936] imu_ang_vel=[0.0, -0.19381173624945996, 0.0] imu_quat_wxyz=[0.9999967932232042, 0.0, 0.0025324974448364635, 0.0] status=0x0003
joint_pos=[-7.549936417385957, -7.863222762831584, 15.65106257933922, 11.60364076976363, -12.79004393197535, 3.6362146238890842] joint_vel=[-1.0095810424076392, -95.48192313955998, 97.62897363054803, -101.02712892036807, 123.4956415985255, 30.540216774987947] imu_ang_vel=[0.0, 0.0026051739937296634, 0.0] imu_quat_wxyz=[0.9999983666529263, 0.0, 0.0018073990925046091, 0.0] status=0x0003
joint_pos=[-7.109727036900435, -10.472828791974397, 18.038659406731487, 9.788162269107836, -10.638904278827797, 4.139228308149117] joint_vel=[24.465774388283716, -140.97687467014313, 124.33464359601133, -54.63772975813801, 35.354446853676386, -64.36851590087852] imu_ang_vel=[0.0, 0.2936863906475215, 0.0] imu_quat_wxyz=[0.999993707412336, 0.0, 0.003547553485360653, 0.0] status=0x0003
joint_pos=[-6.309060684251085, -13.414707437948021, 20.700133473014162, 8.861747481964423, -9.956913567255857, 2.7196686837440893] joint_vel=[48.8447544536103, -150.0148975495477, 137.6918609794757, -42.80270911364045, 34.89805375129044, -72.8334865754892] imu_ang_vel=[0.0, 0.029045578857189117, 0.0] imu_quat_wxyz=[0.9999944668399459, 0.0, 0.003326603296505147, 0.0] status=0x0003
joint_pos=[-5.0813505765797515, -15.940318222280174, 23.894301799543335, 8.252663116194423, -9.322359240464454, 1.9676679640552905] joint_vel=[70.52082776928125, -111.38494906963939, 171.0084014907427, -25.14735474406488, 29.052318619830114, 14.560710829145766] imu_ang_vel=[0.0, 0.3392529406182207, 0.0] imu_quat_wxyz=[0.9999856963425334, 0.0, 0.005348561520485859, 0.0] status=0x0003
joint_pos=[-3.4142712071110037, -18.036663417791043, 27.319636021294055, 7.902286061368368, -8.686612641807104, 2.3690175803078954] joint_vel=[90.21630600148616, -100.85378062010514, 171.29909635318367, -13.25474893204189, 33.726454806708475, 20.074676578474584] imu_ang_vel=[0.0, 0.6433799259003633, 0.0] imu_quat_wxyz=[0.9999410235636322, 0.0, 0.010860450935185997, 0.0] status=0x0003
joint_pos=[-1.6127233162946941, -20.083599799099787, 30.394606236936315, 7.532454440417182, -7.934110975724705, 2.698836212086942] joint_vel=[89.99126693606225, -102.83879378854259, 144.20207490940192, -21.55565109274754, 39.925709359248216, 15.491763909066899] imu_ang_vel=[0.0, 0.6208427132542506, 0.0] imu_quat_wxyz=[0.9998478559879782, 0.0, 0.01744318996752386, 0.0] status=0x0003
joint_pos=[0.13315040276494378, -22.098706302758657, 33.11629027693829, 6.958151548426549, -7.010787841223399, 2.947262741787405] joint_vel=[85.77322406786901, -99.30604170672022, 131.62402252705292, -32.81312751370585, 49.9326939702422, 10.805900516453272] imu_ang_vel=[0.0, 0.5155448057182936, 0.0] imu_quat_wxyz=[0.9997354258874912, 0.0, 0.023001700492716184, 0.0] status=0x0003
joint_pos=[1.8046535970456707, -23.916641660113925, 35.52261608934186, 6.198268870806188, -5.827059472516296, 3.0644124064267166] joint_vel=[82.37773088364462, -85.96930131378447, 114.1821503170966, -41.02862495106598, 64.79256240369158, 3.3237520421301308] imu_ang_vel=[0.0, 0.4811444296218943, 0.0] imu_quat_wxyz=[0.9996118627129649, 0.0, 0.02785900076306742, 0.0] status=0x0003
joint_pos=[3.429489873108549, -25.530008841276185, 37.477437755135604, 5.258905273999257, -4.295010845109086, 3.011310847920407] joint_vel=[80.6312938172798, -77.50499909338433, 88.87856619907339, -50.44964719442651, 83.7819132456442, -5.948240004749268] imu_ang_vel=[0.0, 0.48176183250512167, 0.0] imu_quat_wxyz=[0.9994665273686252, 0.0, 0.032659771427571455, 0.0] status=0x0003
joint_pos=[5.025178053858609, -27.09019576443638, 38.955611923873775, 4.086187389254296, -2.3367886833883658, 2.7564906942847194] joint_vel=[79.33655289994026, -78.09160536854398, 65.85039495614886, -63.40532292595351, 106.55456278156049, -16.67020344360254] imu_ang_vel=[0.0, 0.4684353193680967, 0.0] imu_quat_wxyz=[0.9992998144641255, 0.0, 0.037414981116717455, 0.0] status=0x0003
joint_pos=[6.619318476131393, -28.724862735373385, 40.032438804761334, 2.63998998037441, 0.1346194582712602, 2.2608871791734755] joint_vel=[79.95958224276806, -83.57175862298116, 47.39001182805614, -77.53951375961324, 134.0311003276915, -29.52597461057927] imu_ang_vel=[0.0, 0.4689226482669003, 0.0] imu_quat_wxyz=[0.9991141998174515, 0.0, 0.042081061335636064, 0.0] status=0x0003
joint_pos=[7.983293666700024, -30.66961528635958, 40.76801651475247, 1.7444775155829892, 0.6435152176463508, 2.703883157482827] joint_vel=[64.2108058861307, -101.82812481673729, 30.971336242134473, -37.71670688130667, -2.844178002190033, 36.60491300707787] imu_ang_vel=[0.0, 0.006948640174403123, 0.0] imu_quat_wxyz=[0.9990252349613454, 0.0, 0.044142722055040606, 0.0] status=0x0003
joint_pos=[9.097178432384128, -32.09535656556842, 41.47024621952395, 1.045337086479634, 0.4486609110879046, 3.5077854573434384] joint_vel=[51.31084513732402, -53.873347031588885, 37.35116324504044, -34.58474388569102, -10.188460665986444, 40.945633057241224] imu_ang_vel=[0.0, -0.06087232653252028, 0.0] imu_quat_wxyz=[0.9990521933981732, 0.0, 0.043528322576217, 0.0] status=0x0003
joint_pos=[10.095985580812343, -32.60911934622704, 42.02089883782776, 0.4304660984930072, 0.29488368583525176, 4.296873840597258] joint_vel=[49.20229665802057, -9.851860962571614, 22.292947245060866, -28.673661583037855, -6.191246316183257, 38.97545161578615] imu_ang_vel=[0.0, 0.05356559249529246, 0.0] imu_quat_wxyz=[0.9990518428782315, 0.0, 0.04353636688573649, 0.0] status=0x0003
joint_pos=[11.050760177829721, -32.506179224213774, 42.206744607140806, -0.17833539734704, 0.21225239604727833, 5.176943234289596] joint_vel=[45.879013779517805, 15.102487371036249, 2.4581659143711385, -30.63223147896842, -3.4288130966464663, 38.3187655053014] imu_ang_vel=[0.0, 0.09455459542273385, 0.0] imu_quat_wxyz=[0.9990127670435255, 0.0, 0.044423994462888305, 0.0] status=0x0003
joint_pos=[11.93681387895351, -32.065495139441296, 41.92498082352295, -0.8453279224495223, 0.17079727044732743, 5.887843527837632] joint_vel=[43.528258461656456, 25.757163709841503, -22.900205633179386, -35.05636919139036, -1.4975707180860152, 35.86802697227359] imu_ang_vel=[0.0, 0.04149229568459745, 0.0] imu_quat_wxyz=[0.9989840091975719, 0.0, 0.04506605560225461, 0.0] status=0x0003
joint_pos=[12.81621211773512, -31.51667932678035, 41.14184585653826, -1.5982789764514922, 0.15438759489943255, 6.603092276711776] joint_vel=[44.14337937719943, 28.388210742587095, -47.815082834295914, -39.16389090311965, -0.5649927916186097, 36.13759914352179] imu_ang_vel=[0.0, -0.018286837541938293, 0.0] imu_quat_wxyz=[0.9989820154654684, 0.0, 0.045110229178654364, 0.0] status=0x0003
joint_pos=[13.745217724538993, -30.93635125967553, 39.88705069526639, -2.3980307111901786, 0.14910434300328754, 7.390071087955098] joint_vel=[46.822979531042726, 30.33486505380696, -70.78465242626436, -39.98492674024828, -0.20435216470885736, 34.66964711064327] imu_ang_vel=[0.0, -0.04259785460484712, 0.0] imu_quat_wxyz=[0.9989982856946223, 0.0, 0.04474846566314499, 0.0] status=0x0003
joint_pos=[14.756277012783254, -30.302742097433914, 38.223850691395505, -3.173578368805399, 0.14953486412680062, 8.164374655781335] joint_vel=[51.70397089543479, 33.432815597251555, -89.81816876898478, -37.74768685558835, -0.09153689701923538, 35.51187783251436] imu_ang_vel=[0.0, -0.008422726923258624, 0.0] imu_quat_wxyz=[0.9990105826090211, 0.0, 0.044473091135925576, 0.0] status=0x0003
joint_pos=[15.883203990153094, -29.605492007916382, 36.23725462735933, -3.868078073806708, 0.15263590106243566, 8.917838135679908] joint_vel=[60.02203587315539, 34.39582022969989, -104.16368043845749, -33.87068419961263, 0.3795064947657803, 48.39476170957046] imu_ang_vel=[0.0, 0.06474928938696785, 0.0] imu_quat_wxyz=[0.9989963090818947, 0.0, 0.04479257126747098, 0.0] status=0x0003
joint_pos=[17.15921358218434, -28.82660576425608, 34.03958720290412, -4.428066675575145, 0.15717458063225676, 9.661616791853765] joint_vel=[67.83434428616133, 39.29824724693963, -112.58302151646353, -25.956793025866297, 0.42118074741742173, 46.32567372110175] imu_ang_vel=[0.0, 0.18989820554766335, 0.0] imu_quat_wxyz=[0.9989330302412667, 0.0, 0.046182259505144464, 0.0] status=0x0003
joint_pos=[18.565699014726036, -27.85739985760881, 31.74648872088353, -4.808601342669832, 0.1604278838000034, 10.410739639054945] joint_vel=[71.90705769397671, 53.17941960325612, -115.5938192303977, -15.43155252811772, 0.06476732058476824, 35.25890363692366] imu_ang_vel=[0.0, 0.3603532549406055, 0.0] imu_quat_wxyz=[0.9987938281574086, 0.0, 0.04910080279047276, 0.0] status=0x0003
joint_pos=[20.009749277020187, -26.45954878868524, 29.487105282413545, -4.963483839951614, 0.15168245937315436, 11.183276996579558] joint_vel=[71.77407977422085, 79.63875288769785, -111.4761571452911, -3.3360948955852776, -0.6036316846136642, 37.294937913725015] imu_ang_vel=[0.0, 0.5762943458011136, 0.0] imu_quat_wxyz=[0.9985420491481225, 0.0, 0.05397940424892148, 0.0] status=0x0003
joint_pos=[21.33102890758918, -24.156468538699247, 27.278696234605086, -4.782203018246291, 0.10424022332129108, 12.013094130239448] joint_vel=[62.343594055905946, 135.29014376699357, -109.75586392469954, 16.051176831520507, -2.5512331040565748, 39.982072159162726] imu_ang_vel=[0.0, 0.9018596087138406, 0.0] imu_quat_wxyz=[0.998099045283373, 0.0, 0.0616303156281001, 0.0] status=0x0003
joint_pos=[21.91277528603794, -20.017677430767183, 24.7899676332646, -3.7407230891560452, -1.364278806846518, 13.648741249833352] joint_vel=[9.646064921824852, 246.90437388060866, -132.21355743277798, 73.03006518396604, -114.10933699637985, 100.38692040894509] imu_ang_vel=[0.0, 1.0609332068054182, 0.0] imu_quat_wxyz=[0.9974148612300202, 0.0, 0.07185815609587709, 0.0] status=0x0003
joint_pos=[21.75935696028826, -17.05245282590446, 19.62251582416549, -1.8243998028111945, -5.075828284149945, 16.14606036639635] joint_vel=[-15.573506405999243, 112.30221562754043, -310.529373877871, 108.76901273128253, -227.60949098607162, 121.12337948774157] imu_ang_vel=[0.0, 0.7324096589875573, 0.0] imu_quat_wxyz=[0.9967031425690388, 0.0, 0.08113473727696623, 0.0] status=0x0003
joint_pos=[21.08757094080855, -14.746373144595648, 13.952367823785291, 0.7278434356789427, -10.746872608718194, 17.648753120849516] joint_vel=[-43.56637499334796, 116.977826914531, -271.35173305207815, 137.7111937667988, -313.62829021828355, 50.275949218532595] imu_ang_vel=[0.0, 0.32474605992833344, 0.0] imu_quat_wxyz=[0.9963074763302057, 0.0, 0.08585693104541196, 0.0] status=0x0003
sim t=    4.02s  x= 1.058m z= 0.527m pitch= 9.93deg action=[-1.0, 1.0, 0.536, 1.0, -0.917, -0.163]
joint_pos=[19.944855386045866, -12.49640912474669, 9.286293485551433, 3.7189237841627323, -17.683976076266926, 18.042432882026223] joint_vel=[-64.7003320788759, 110.4037541104086, -215.03165466624287, 155.75581062961655, -363.96981136837024, 3.5482805116940597] imu_ang_vel=[0.0, -0.0286990114260411, 0.0] imu_quat_wxyz=[0.9962220089635274, 0.0, 0.08684301271071601, 0.0] status=0x0003
joint_pos=[18.437680117973166, -10.4387876924901, 5.813849989993858, 6.7920123347788195, -24.8614800162144, 18.078095763483926] joint_vel=[-81.46565333712617, 99.5831913154719, -152.83397345626167, 152.34740171213005, -354.8308324052052, 0.9052236947288895] imu_ang_vel=[0.0, -0.315377320621963, 0.0] imu_quat_wxyz=[0.9964057302464743, 0.0, 0.0847090357163297, 0.0] status=0x0003
joint_pos=[16.747862931789175, -9.112488589069182, 3.7557556347964924, 9.327750091665292, -31.239105465078364, 17.68027720429398] joint_vel=[-86.2734803224896, 48.42983531684077, -76.434775636879, 112.48753176383157, -298.3710218477846, -30.849560821345282] imu_ang_vel=[0.0, -0.6790273423821969, 0.0] imu_quat_wxyz=[0.9968416117777985, 0.0, 0.07941537022668071, 0.0] status=0x0003
joint_pos=[15.015308988476976, -8.813311216728195, 2.865127667064991, 10.956969029250125, -36.259325203024105, 16.398953866341703] joint_vel=[-86.908622511556, -3.103031473552699, -27.733859528364952, 64.19409122920055, -224.55385925878792, -81.62369714146789] imu_ang_vel=[0.0, -1.0553329027146228, 0.0] imu_quat_wxyz=[0.9975262991702966, 0.0, 0.07029425626331003, 0.0] status=0x0003
joint_pos=[13.293360290831208, -9.261564366329806, 2.6431463322124853, 11.72148826408315, -39.76955497299178, 14.814841232500433] joint_vel=[-85.54484874014788, -33.059984363855335, -2.4270329480899435, 23.78434892270578, -148.22127932216623, -77.7064944120968] imu_ang_vel=[0.0, -1.2731012849464431, 0.0] imu_quat_wxyz=[0.9983025651872334, 0.0, 0.05824077901770897, 0.0] status=0x0003
joint_pos=[11.578985617621903, -9.930640839364248, 3.354645255354812, 11.906092266359147, -41.688998101358735, 13.865996645033736] joint_vel=[-82.71658963713743, -39.93197544378685, 57.84604899306801, 0.3726196476891911, -63.772502399807124, -31.250621719772205] imu_ang_vel=[0.0, -1.1430214686357327, 0.0] imu_quat_wxyz=[0.9989540058324331, 0.0, 0.045726296934424336, 0.0] status=0x0003
joint_pos=[10.100650124363147, -10.59701504826304, 4.369041763325576, 11.986253530065538, -42.39344217470156, 13.71430400060789] joint_vel=[-69.2633156666243, -29.586362501777916, 49.019182288193505, 6.138567526305023, -19.079320913615884, 4.7096606017942895] imu_ang_vel=[0.0, -0.9337091442787339, 0.0] imu_quat_wxyz=[0.9993798277944284, 0.0, 0.035213062882668913, 0.0] status=0x0003
joint_pos=[8.872233951938297, -10.930069293717533, 5.226481772733761, 12.3639377857327, -42.48524505942972, 14.44750542413055] joint_vel=[-57.04040519694371, -9.668256530585657, 39.410893228760834, 25.908480947397724, 3.50380008872811, 53.766834953736144] imu_ang_vel=[0.0, -0.5651249892349998, 0.0] imu_quat_wxyz=[0.9996045754825241, 0.0, 0.028119258069919398, 0.0] status=0x0003
joint_pos=[7.94690481006242, -10.99319015819783, 5.943605204784514, 13.204987177282343, -42.26294965487171, 15.595787076351744] joint_vel=[-40.33370681775466, 0.27018698113604295, 34.06423344035212, 50.863794311283065, 15.53363275127723, 59.33393911322425] imu_ang_vel=[0.0, -0.1916245553724512, 0.0] imu_quat_wxyz=[0.9996923310968026, 0.0, 0.02480409535219596, 0.0] status=0x0003
joint_pos=[7.294059346806382, -10.889491730287984, 6.566262250673645, 14.502289783836808, -41.91585142998257, 16.59058996661106] joint_vel=[-28.54885903563008, 8.004940787747968, 29.779626255374676, 72.50679185469893, 18.507655628048877, 44.573987516232144] imu_ang_vel=[0.0, 0.10024242413802245, 0.0] imu_quat_wxyz=[0.9996927467557895, 0.0, 0.024787337167697116, 0.0] status=0x0003
joint_pos=[6.791151262753639, -10.697404639192753, 7.145600776720826, 16.11176231553944, -41.55052287799741, 17.115832069065444] joint_vel=[-23.43387986866279, 10.619107000332194, 28.797372726703006, 84.76493842998822, 18.20008964870929, 16.45181180044752] imu_ang_vel=[0.0, 0.25479601656555845, 0.0] imu_quat_wxyz=[0.999638724942933, 0.0, 0.026877864395576687, 0.0] status=0x0003
joint_pos=[6.32981340476852, -10.50097714371138, 7.723303650051957, 17.83335270435765, -41.13683457346407, 17.111983059883208] joint_vel=[-23.033417206588158, 9.518283473092753, 29.557593931218147, 86.69958150589385, 22.10448245539521, -8.758868533719578] imu_ang_vel=[0.0, 0.28966103681976557, 0.0] imu_quat_wxyz=[0.999557820142328, 0.0, 0.029734898559059194, 0.0] status=0x0003
joint_pos=[5.792630915773504, -10.348820993585095, 8.327110000260257, 19.427612756056828, -40.52748339272667, 16.62843598140672] joint_vel=[-29.094197967791928, 6.652995306499958, 31.342542295608236, 75.76478750947695, 35.125464275355235, -32.38193446268771] imu_ang_vel=[0.0, 0.20261411800499626, 0.0] imu_quat_wxyz=[0.9994815887660662, 0.0, 0.03219555431515587, 0.0] status=0x0003
joint_pos=[5.066434386581403, -10.190997911754163, 9.041578069608589, 20.715673008248476, -39.55256240401869, 15.702074534597699] joint_vel=[-43.15959764785212, 13.761690226314991, 49.83966374760341, 60.13453259534983, 54.7757047425418, -53.63665728386078] imu_ang_vel=[0.0, 0.04840897406042585, 0.0] imu_quat_wxyz=[0.9994452692163396, 0.0, 0.03330396134213748, 0.0] status=0x0003
joint_pos=[4.155611498308655, -10.061099346356528, 9.629200894721837, 21.544656228854304, -38.04737553447606, 14.434463846830083] joint_vel=[-49.53465327307327, 7.383854102377493, 29.199268883791515, 33.05304777704971, 84.96003481303426, -68.43841464539965] imu_ang_vel=[0.0, -0.12497546937859509, 0.0] imu_quat_wxyz=[0.9994618172807471, 0.0, 0.03280359428273687, 0.0] status=0x0003
joint_pos=[2.947878359369666, -9.74885151441114, 10.202985120914857, 21.861297008593326, -35.97083775084668, 13.005042047392022] joint_vel=[-65.08755665636063, 18.408946930732167, 23.821409298032727, 5.600716124106223, 114.59802728076342, -73.0226410464292] imu_ang_vel=[0.0, -0.2960417729310985, 0.0] imu_quat_wxyz=[0.9995337654356256, 0.0, 0.030532798006075827, 0.0] status=0x0003
joint_pos=[1.4737440700462057, -9.209565333995238, 10.729298271031375, 21.688731782033425, -33.37372687138022, 11.420630975525057] joint_vel=[-78.86172695954095, 32.7606488887454, 29.98642346053879, -16.138149396179667, 137.85840016797914, -82.43118918193086] imu_ang_vel=[0.0, -0.4122916081864847, 0.0] imu_quat_wxyz=[0.999639564619018, 0.0, 0.026846617073667575, 0.0] status=0x0003
joint_pos=[-0.14510466265009372, -8.531904366766263, 11.13606814148304, 21.105797529391445, -30.41587377882241, 9.690100628256499] joint_vel=[-82.49922607958943, 35.51681352454056, 17.040961837046897, -36.04958043733242, 152.95563542192184, -88.61401873950327] imu_ang_vel=[0.0, -0.4425917149572996, 0.0] imu_quat_wxyz=[0.9997476354400239, 0.0, 0.022464759782402685, 0.0] status=0x0003
joint_pos=[-1.8816612771176877, -7.697265330076611, 11.481404147909661, 20.161829293960214, -27.256015456654406, 7.917192888795103] joint_vel=[-88.35440144482094, 43.99697927745614, 13.395200211613357, -54.08433838469857, 160.77462894743792, -88.58241124930247] imu_ang_vel=[0.0, -0.47171405383843756, 0.0] imu_quat_wxyz=[0.9998412422088404, 0.0, 0.017818259687267562, 0.0] status=0x0003
joint_pos=[-3.654703665526567, -6.771816784357058, 11.86054425190712, 18.91836597894499, -24.016813705627555, 6.152285803466254] joint_vel=[-89.18006492016431, 48.60731561364297, 24.011791222858765, -66.34216785768977, 162.0607783463851, -87.97663199746907] imu_ang_vel=[0.0, -0.43465320191202833, 0.0] imu_quat_wxyz=[0.999911270144574, 0.0, 0.013321104979120108, 0.0] status=0x0003
joint_pos=[-5.300523091057231, -5.997560887902517, 12.281072356830006, 17.42779486259617, -20.847595574778133, 4.535944790144364] joint_vel=[-78.93993179187899, 34.338490188121305, 21.555992335437516, -78.77722568402471, 155.8806754286758, -76.91722260508435] imu_ang_vel=[0.0, -0.35179683363526837, 0.0] imu_quat_wxyz=[0.9999551719362109, 0.0, 0.009468585851271442, 0.0] status=0x0003
joint_pos=[-6.715941093514186, -5.663268744926593, 13.031483674340679, 15.700259263703185, -17.903448969295475, 3.411324456402204] joint_vel=[-66.62706011883577, 7.854575579502218, 48.39901205219658, -90.38955320904645, 141.87952948949888, -45.13429176305117] imu_ang_vel=[0.0, -0.32744373781188935, 0.0] imu_quat_wxyz=[0.9999811061062021, 0.0, 0.00614714816941317, 0.0] status=0x0003
joint_pos=[-7.663018126738468, -6.162801453711813, 14.230167688612761, 13.782088821165694, -15.24927656205826, 3.0475815964796644] joint_vel=[-39.136316772630295, -38.26830237352366, 78.33117728637374, -96.76390528400745, 126.22076447304367, -4.099085033612419] imu_ang_vel=[0.0, -0.21773972323452156, 0.0] imu_quat_wxyz=[0.9999938387485107, 0.0, 0.003510336880923923, 0.0] status=0x0003
joint_pos=[-7.901103953004703, -7.763265193214256, 16.006508320835923, 11.759906485093834, -12.760721987629775, 3.552377134016343] joint_vel=[1.693088432239275, -100.47605883110538, 100.65893775558119, -102.54225523450138, 122.45818340447809, 40.905247943572554] imu_ang_vel=[0.0, 0.007148336973035831, 0.0] imu_quat_wxyz=[0.9999963699567731, 0.0, 0.002694452314776255, 0.0] status=0x0003
joint_pos=[-7.493055841690086, -10.346127151008703, 18.375510815614508, 10.169091527079036, -11.128553256759668, 3.5899517282375557] joint_vel=[24.575996047817405, -135.29437512228486, 121.30916092194065, -50.07721673777921, 26.248960981771788, -59.87969264971126] imu_ang_vel=[0.0, -0.07597967366421088, 0.0] imu_quat_wxyz=[0.9999933492222085, 0.0, 0.003647123709188352, 0.0] status=0x0003
joint_pos=[-6.677874937474308, -12.694860406425185, 21.244237691376007, 9.41703685216305, -10.543009853111803, 2.5492961542566404] joint_vel=[49.79889749228762, -107.02164189825761, 155.20738278983086, -30.91979490959119, 31.207395421949148, -48.16269596333411] imu_ang_vel=[0.0, 0.1931652449285611, 0.0] imu_quat_wxyz=[0.9999912441448534, 0.0, 0.004184690386178769, 0.0] status=0x0003
