Log file: /home/cx/robot_deploy/log_sim2sim/2026-08-03_00-47-19.txt
Loaded ONNX policy: /home/cx/mjlab-recovered/logs/rsl_rl/custom_biped_velocity_nolinvel/2026-07-30_23-56-50/2026-07-30_23-56-50.onnx
  input=obs[1,65] output=actions[1,6]
  velocity_command=[0.2, 0.0, 0.0]
  startup=move 0s + hold 0s
MuJoCo sim2sim started
  robot=/home/cx/mjlab-recovered/src/mjlab/asset_zoo/robots/custom_biped/mjcf/biped.xml
  physics=200 Hz, policy=50 Hz
  command=[0.2, 0.0, 0.0]
  press R in the viewer to reset; close the viewer or press Ctrl+C to stop
joint_pos=[10.0, -20.0, 10.0, 10.0, -20.0, 10.0] joint_vel=[0.0, 0.0, 0.0, 0.0, 0.0, 0.0] imu_ang_vel=[0.0, 0.0, 0.0] imu_quat_wxyz=[1.0, 0.0, 0.0, 0.0] status=0x0003
ONNX startup: moving from measured joint positions to [10.0, -20.0, 10.0, 10.0, -20.0, 10.0] deg over 0 s.
ONNX startup: move command complete; waiting for measured joints to enter +/-2 deg.
ONNX startup: measured joints reached the default pose; holding before inference.
ONNX startup complete: history, last_action and gait phase reset; actor inference started.
sim t=    0.02s  x= 0.000m z= 0.521m pitch=-0.34deg action=[-0.668, 1.0, 0.728, 0.097, 0.026, 0.289]
joint_pos=[9.418763521003594, -19.55826308407512, 10.437525799099916, 9.578532619712204, -19.986965613376817, 10.482986194397414] joint_vel=[-36.20949017945065, -0.8805081603516999, 0.5107056563269878, -37.21447569569093, -5.424232992147201, 27.397223287516727] imu_ang_vel=[0.0, -0.4174855821743988, 0.0] imu_quat_wxyz=[0.9999987979903608, 0.0, -0.001550489546399814, 0.0] status=0x0003
joint_pos=[9.244706002201129, -19.752012264483326, 10.421713071157056, 9.39665661859071, -20.19961632822755, 10.35150450197175] joint_vel=[6.387738051629285, -14.887670957977546, -1.9145659473870522, 5.361479948277019, -13.794338246696658, -24.98327971199638] imu_ang_vel=[0.0, -0.09937826164992018, 0.0] imu_quat_wxyz=[0.9999885949719993, 0.0, -0.004775973819714833, 0.0] status=0x0003
joint_pos=[9.26309240844005, -20.27686257861772, 10.845564148676033, 9.450959670283625, -20.92303231307036, 10.828412025310257] joint_vel=[-1.9674777382403423, -32.65729513182368, 33.686660652866095, 1.2331652744995667, -48.44765156570291, 49.891244587024055] imu_ang_vel=[0.0, -0.11123910840591025, 0.0] imu_quat_wxyz=[0.9999865886723739, 0.0, -0.005179041937323639, 0.0] status=0x0003
joint_pos=[9.644736006896752, -20.917382852565115, 11.209603724997363, 10.046931463615348, -22.180412511000206, 11.360635637607787] joint_vel=[30.626212038298316, -31.894533088831643, 9.939537124438433, 45.386967712239475, -70.60689192168738, 14.118423718463673] imu_ang_vel=[0.0, 0.24908169842341396, 0.0] imu_quat_wxyz=[0.9999891603208491, 0.0, -0.0046560971642799565, 0.0] status=0x0003
joint_pos=[10.16578036132208, -21.574731332915757, 11.455008245777845, 11.02343948566788, -24.00026497539246, 12.544413279163065] joint_vel=[23.310903158977396, -34.92686977641658, 25.606130935414978, 50.787088090628494, -101.28165765861735, 83.13548578803825] imu_ang_vel=[0.0, 0.29092490057348713, 0.0] imu_quat_wxyz=[0.9999990546886021, 0.0, -0.001374998873519787, 0.0] status=0x0003
joint_pos=[10.787076933895094, -22.21721789135756, 11.982974889643003, 12.36324885844522, -26.14217109811264, 13.725207920941125] joint_vel=[35.30255446636677, -30.53524257184473, 26.125576928673215, 75.83464219323974, -110.06336964175989, 46.1011123565018] imu_ang_vel=[0.0, 0.48538232233342515, 0.0] imu_quat_wxyz=[0.9999969535774357, 0.0, 0.002468367040772191, 0.0] status=0x0003
joint_pos=[11.461433154877813, -22.771549020112758, 12.493528949365574, 14.041523553547403, -28.646296986281996, 14.79435719918141] joint_vel=[32.749984207100525, -26.236601618259677, 25.5029403306043, 88.26889799180019, -133.233830246866, 57.319130164574716] imu_ang_vel=[0.0, 0.5613381932564863, 0.0] imu_quat_wxyz=[0.9999679594564899, 0.0, 0.008005002212604216, 0.0] status=0x0003
joint_pos=[12.038437451979064, -23.188205951494695, 12.970989206301454, 15.870752372606505, -31.34497975190077, 15.64139645784356] joint_vel=[26.622984269538883, -17.860017511248426, 23.25945804575371, 93.18972494253933, -135.5539251834947, 34.317489391521136] imu_ang_vel=[0.0, 0.5659105140574823, 0.0] imu_quat_wxyz=[0.9999066798063933, 0.0, 0.013661320527496362, 0.0] status=0x0003
joint_pos=[12.474680768162955, -23.384946810492103, 13.3619364925156, 17.735410399783852, -33.96273074398636, 16.19241253827071] joint_vel=[19.058073846069647, -5.302589960572574, 18.12490975342178, 93.28149844780226, -127.98297915943279, 23.932829444635697] imu_ang_vel=[0.0, 0.5694240944868151, 0.0] imu_quat_wxyz=[0.9998130740566497, 0.0, 0.0193343462623484, 0.0] status=0x0003
joint_pos=[12.645683565198441, -23.27122214485313, 13.631840062427111, 19.46171943761797, -36.28880693667112, 16.407501801592748] joint_vel=[2.8247677014538386, 11.918973441479785, 11.349835115439413, 82.66317367411088, -109.59320121991672, 3.8567187544103905] imu_ang_vel=[0.0, 0.49112378177725835, 0.0] imu_quat_wxyz=[0.9996965546916797, 0.0, 0.024633281096624653, 0.0] status=0x0003
joint_pos=[12.493790158356523, -22.74420285142043, 13.720111500336085, 20.967910550488128, -38.167772122334476, 16.265882790893006] joint_vel=[-13.44777773553387, 34.65801497521738, 1.1294533394114552, 71.37910451059865, -85.08931861876331, -12.875711526138947] imu_ang_vel=[0.0, 0.42261886719310243, 0.0] imu_quat_wxyz=[0.9995766757385786, 0.0, 0.029094145792797205, 0.0] status=0x0003
joint_pos=[11.960453060374755, -21.78635829547801, 13.741673380648624, 22.182570934296855, -39.53314524507221, 15.834946481110043] joint_vel=[-31.256455021013014, 49.552827037215955, -6.207305184235208, 53.17612093076242, -57.58511645720015, -26.18291253822111] imu_ang_vel=[0.0, 0.33312186247206244, 0.0] imu_quat_wxyz=[0.9994663367657912, 0.0, 0.0326656038053788, 0.0] status=0x0003
joint_pos=[11.141313341130823, -20.71642774337255, 13.534867759571009, 22.95779038313394, -40.259993275160355, 15.123623692687598] joint_vel=[-46.691780929445194, 56.351159013621434, -11.000785723694742, 31.085326022339284, -24.47077326701344, -40.50310012654262] imu_ang_vel=[0.0, 0.08045340420379156, 0.0] imu_quat_wxyz=[0.9994124324730207, 0.0, 0.03427520705057716, 0.0] status=0x0003
joint_pos=[10.005643948428345, -19.479163849197583, 13.347269729379459, 23.249579174543047, -40.20754314455872, 14.214775794415331] joint_vel=[-60.822544547442455, 62.38343653268385, -13.422641434134311, 4.810418348807049, 18.087361553499466, -48.011863288776084] imu_ang_vel=[0.0, -0.09152762457480344, 0.0] imu_quat_wxyz=[0.9994253018108666, 0.0, 0.03389787751848374, 0.0] status=0x0003
joint_pos=[8.632596574191464, -18.170367934695527, 13.091149083077314, 23.012982142365992, -39.295277066375924, 13.10000845942934] joint_vel=[-72.00347505329589, 65.43798262554702, -15.89124870614008, -21.61199447230311, 61.360415808602376, -59.791545627113614] imu_ang_vel=[0.0, -0.2765126175514575, 0.0] imu_quat_wxyz=[0.9994993257183524, 0.0, 0.031640130982012585, 0.0] status=0x0003
joint_pos=[7.064660887386717, -16.80029689869944, 12.80173660163279, 22.278196045143833, -37.58453730705128, 11.852514314058872] joint_vel=[-80.91318184460509, 68.508017634438, -17.48332699990393, -45.7362738392966, 99.37648304197894, -63.6799289920166] imu_ang_vel=[0.0, -0.42008251446228356, 0.0] imu_quat_wxyz=[0.9996139376936345, 0.0, 0.02778444832323693, 0.0] status=0x0003
joint_pos=[5.357073455410664, -15.34966619181301, 12.464549091647623, 21.111497611442797, -35.19250832374247, 10.56994336877958] joint_vel=[-86.73794327534458, 73.03628864370792, -20.98667578019928, -66.02599416124396, 131.13930853294957, -64.29813223394092] imu_ang_vel=[0.0, -0.5231057083296419, 0.0] imu_quat_wxyz=[0.9997386852474797, 0.0, 0.022859597976361785, 0.0] status=0x0003
joint_pos=[3.5596093594785425, -13.767729054921654, 12.06591990767456, 19.602641946164592, -32.26886258764064, 9.310908897053212] joint_vel=[-90.36876147659083, 80.64504612850092, -24.679686666283924, -81.47676853641092, 154.7986475502428, -62.17380831294085] imu_ang_vel=[0.0, -0.5367338097896596, 0.0] imu_quat_wxyz=[0.9998462863066715, 0.0, 0.01753293354682761, 0.0] status=0x0003
joint_pos=[1.7274824302542977, -12.05083647912195, 11.600269832077842, 17.84705538916698, -29.008308649254666, 8.083747424121453] joint_vel=[-91.1311433249938, 87.05860664372449, -27.862232735575386, -92.08301913315321, 167.76429863258917, -60.87731997712426] imu_ang_vel=[0.0, -0.50387770496233, 0.0] imu_quat_wxyz=[0.9999233085609703, 0.0, 0.012384546680537022, 0.0] status=0x0003
joint_pos=[-0.0660764069107614, -10.280824227579515, 11.103139241662722, 15.92313660966575, -25.605115995631603, 6.903092381771094] joint_vel=[-87.87902095537252, 87.87176047400342, -28.1044306202708, -99.24184503268054, 171.53630466754606, -58.01162902306077] imu_ang_vel=[0.0, -0.446564855692473, 0.0] imu_quat_wxyz=[0.9999700456356724, 0.0, 0.007740014947740912, 0.0] status=0x0003
joint_pos=[-1.7051197212625053, -8.674841327414475, 10.711249025021365, 13.88001426306198, -22.21556747831568, 5.7978065341127305] joint_vel=[-77.53991751548558, 74.30038187169039, -20.331990275776054, -104.75416410930703, 168.42571413805126, -53.77624376718886] imu_ang_vel=[0.0, -0.37542537634941503, 0.0] imu_quat_wxyz=[0.9999928509918121, 0.0, 0.003781265035345593, 0.0] status=0x0003
joint_pos=[-2.983565720983455, -7.593406193330575, 10.627179317878205, 11.77745738151967, -18.96076244601758, 4.813359419136001] joint_vel=[-54.92391436090392, 40.333493423859466, -2.1760905912177773, -106.74046592835401, 159.90200783574463, -46.7949974068992] imu_ang_vel=[0.0, -0.2654869601408349, 0.0] imu_quat_wxyz=[0.9999997249510668, 0.0, 0.0007416857762212225, 0.0] status=0x0003
joint_pos=[-3.6588436508198265, -7.451030542634518, 10.969442689174045, 9.659187716815147, -15.90721171761414, 4.117874693303813] joint_vel=[-22.113897918566874, -11.135046414533827, 27.2305910188316, -105.70206093894201, 148.39754270505838, -28.341697937546687] imu_ang_vel=[0.0, -0.11803935806585845, 0.0] imu_quat_wxyz=[0.9999994638799375, 0.0, -0.0010354901436455922, 0.0] status=0x0003
joint_pos=[-3.6069645453742445, -8.415124259784967, 12.034784562080906, 7.6057677593976045, -13.013600941943306, 3.931382204180763] joint_vel=[18.100582975931175, -73.11575740263285, 59.73297403222013, -103.08021849924421, 143.12142252401813, 0.332295890665368] imu_ang_vel=[0.0, 0.08068160148584014, 0.0] imu_quat_wxyz=[0.999999577495242, 0.0, -0.0009192438943680483, 0.0] status=0x0003
joint_pos=[-2.704987612459973, -10.607020246726625, 13.670311632944243, 5.626807942175257, -10.030027901020981, 4.730672610456732] joint_vel=[58.93885164074318, -122.70872399479816, 91.27830550742071, -93.59940802365735, 153.10787457061343, 105.88311799028156] imu_ang_vel=[0.0, 0.32990004408475626, 0.0] imu_quat_wxyz=[0.9999990608911651, 0.0, 0.0013704804952481917, 0.0] status=0x0003
joint_pos=[-1.5536025649236531, -13.038020786950252, 16.104748952063964, 4.8795062369201085, -8.643244944297734, 4.421412769117486] joint_vel=[65.50550511198679, -122.92567824010254, 139.12725252733216, -25.71530561226544, 59.570283524959784, -16.258410343843746] imu_ang_vel=[0.0, 0.28576316436519456, 0.0] imu_quat_wxyz=[0.9999913261751516, 0.0, 0.00416504195194384, 0.0] status=0x0003
joint_pos=[-0.011990796346806444, -15.205575128155202, 19.595676051912115, 4.5881964044988415, -7.284740759452423, 4.039098500082471] joint_vel=[83.4599695402142, -99.83019275518392, 193.37282486907057, -8.45469425343382, 73.06776457388685, -21.762576171171844] imu_ang_vel=[0.0, 0.6558910570018485, 0.0] imu_quat_wxyz=[0.9999578446508378, 0.0, 0.009181988959415242, 0.0] status=0x0003
joint_pos=[1.8627219626025588, -17.36714477879989, 23.66395669031543, 4.526127015605476, -5.760776190331332, 3.5817913213000745] joint_vel=[99.20019885486396, -112.25951410154951, 208.56974200206773, -0.474455167608963, 78.58818736225237, -24.049809340578186] imu_ang_vel=[0.0, 0.8957509865132108, 0.0] imu_quat_wxyz=[0.9998481609464733, 0.0, 0.017425700902837363, 0.0] status=0x0003
joint_pos=[3.8648503858306302, -19.966083943774986, 27.482195722794348, 4.3932039472435855, -4.103827499365037, 3.0612313807832723] joint_vel=[100.48408419622396, -139.42608859720977, 181.23609997942435, -10.273554570088173, 85.85924025928676, -27.211465323603303] imu_ang_vel=[0.0, 0.8610894461203897, 0.0] imu_quat_wxyz=[0.9996514478704244, 0.0, 0.026400431257165794, 0.0] status=0x0003
joint_pos=[5.679699446104779, -22.917210697883895, 30.5279435972858, 3.9153034693216147, -2.2198890639047706, 2.4432129851894384] joint_vel=[85.30500145559962, -151.80628154822617, 136.6371905982127, -31.60241621625736, 99.57959939860102, -32.885585956453845] imu_ang_vel=[0.0, 0.6637205246806545, 0.0] imu_quat_wxyz=[0.9994254663484226, 0.0, 0.0338930260413283, 0.0] status=0x0003
joint_pos=[7.216006106713023, -25.925361964076593, 32.74382603483992, 3.0571067148054167, 0.04097388815535923, 1.6642293445071232] joint_vel=[72.14867977055103, -149.39087015583897, 96.88211322069411, -49.33821380154317, 121.44758772478595, -42.43510072046027] imu_ang_vel=[0.0, 0.5399699575483241, 0.0] imu_quat_wxyz=[0.9992137759579639, 0.0, 0.03964631049452073, 0.0] status=0x0003
joint_pos=[8.27158873922646, -28.865763446495006, 34.39423459952209, 2.628641136248232, 0.5345727132732423, 1.7508278910001425] joint_vel=[44.30025593567591, -143.14509932445074, 74.73190418105239, -15.503416307339261, -1.1042972244383948, 17.728556020204174] imu_ang_vel=[0.0, 0.09113191285653618, 0.0] imu_quat_wxyz=[0.9991000714654711, 0.0, 0.042415176501938615, 0.0] status=0x0003
joint_pos=[8.892934162484647, -30.911130835989116, 36.076217531166336, 2.380684707990545, 0.38036132354850133, 2.184945197504984] joint_vel=[24.150208365493672, -79.18146112933373, 89.12976108183273, -11.61953305416196, -8.330728742001403, 22.57225464626439] imu_ang_vel=[0.0, 0.04257580554874824, 0.0] imu_quat_wxyz=[0.9990855346756534, 0.0, 0.042756220621843664, 0.0] status=0x0003
joint_pos=[9.306731928951436, -31.831584251745912, 37.76264199340845, 2.2383254943032207, 0.25311949696852665, 2.6158357844108497] joint_vel=[18.90106880347199, -27.445429747585017, 81.73246311756128, -4.630783007485415, -5.147004116946441, 21.105152795644337] imu_ang_vel=[0.0, 0.17100121599680246, 0.0] imu_quat_wxyz=[0.9990363039984068, 0.0, 0.04389149454282511, 0.0] status=0x0003
joint_pos=[9.608384670991935, -32.01649731896196, 39.11522629203037, 2.1012340825402194, 0.18395597417176907, 3.0306454407043435] joint_vel=[13.105548526769029, 0.6445284275848026, 60.0533751175357, -8.070247666836378, -2.658514504558272, 20.51966598792647] imu_ang_vel=[0.0, 0.18270415327638126, 0.0] imu_quat_wxyz=[0.998948916261852, 0.0, 0.04583735048267232, 0.0] status=0x0003
joint_pos=[9.780166864893122, -31.82648105195674, 39.897184882583446, 1.822753910503963, 0.15042049927659698, 3.4279262342801102] joint_vel=[6.166243179905227, 14.404630353137067, 27.8569185566679, -17.197810269890415, -1.2520690086049984, 19.79194985312833] imu_ang_vel=[0.0, 0.0635233692742001, 0.0] imu_quat_wxyz=[0.9988940365570165, 0.0, 0.04701812130263993, 0.0] status=0x0003
joint_pos=[9.854422833269826, -31.43893663242143, 40.0771256797287, 1.3565150928678495, 0.136585605727656, 3.9314711631378443] joint_vel=[1.596474250249894, 23.626658850145454, -0.9329192929530998, -25.788997285223246, -0.7697137365152934, 19.187989702319403] imu_ang_vel=[0.0, -0.07578533983283309, 0.0] imu_quat_wxyz=[0.9989061574209471, 0.0, 0.04675990447507246, 0.0] status=0x0003
joint_pos=[9.868405074802503, -30.83596368449026, 39.7733938823403, 0.7874104291338946, 0.12895587818160484, 4.270892447506763] joint_vel=[0.3833036713745957, 33.61216854364846, -22.773733487656415, -30.159147343315407, -0.23512089458158877, 17.264660957642413] imu_ang_vel=[0.0, -0.17604656925170675, 0.0] imu_quat_wxyz=[0.9989735092506845, 0.0, 0.04529820984732798, 0.0] status=0x0003
joint_pos=[9.897810820064374, -30.016566006255093, 39.10573405556356, 0.17513687732899, 0.12584609146576803, 4.626089111443226] joint_vel=[2.0956204146904014, 45.048730137452544, -39.025765224446, -30.937438446337506, -0.12085120157621873, 18.045060622322605] imu_ang_vel=[0.0, -0.20291453683514055, 0.0] imu_quat_wxyz=[0.9990615096998146, 0.0, 0.04331396814339745, 0.0] status=0x0003
joint_pos=[9.99266079818925, -29.011732100013628, 38.134923371308325, -0.4269273964321377, 0.12388815263881497, 4.993040350946599] joint_vel=[6.2113528346485785, 53.09993419399814, -53.58412123516385, -29.725613805615204, -0.08202968130152581, 18.57081495979764] imu_ang_vel=[0.0, -0.18771679841283942, 0.0] imu_quat_wxyz=[0.9991447314867359, 0.0, 0.04134979494868742, 0.0] status=0x0003
joint_pos=[10.198588983332984, -27.922335595806352, 36.888384974085724, -1.0069245936519506, 0.12291554620436274, 5.4654488225095035] joint_vel=[11.426892518180013, 56.61299603505884, -67.15357893562299, -27.832728589834208, -0.18845319298066715, 16.721995394341526] imu_ang_vel=[0.0, -0.15730297247254263, 0.0] imu_quat_wxyz=[0.9992127983513958, 0.0, 0.03967094164212594, 0.0] status=0x0003
joint_pos=[10.520514922412232, -26.81883526551457, 35.384426345941556, -1.5373305194714046, 0.12241272573249189, 5.806533030591155] joint_vel=[18.653958962670327, 54.31933004491478, -79.42887190418412, -25.896815778546834, 0.01484344803579031, 17.568681369992483] imu_ang_vel=[0.0, -0.12112286363857577, 0.0] imu_quat_wxyz=[0.9992658497858288, 0.0, 0.03831137496626254, 0.0] status=0x0003
joint_pos=[10.993794681443612, -25.79430678758081, 33.66546720629694, -2.0241754688492857, 0.12393711345141895, 6.164268182168823] joint_vel=[26.38205398486706, 49.46396958080847, -89.35166090661508, -23.579005493254325, 0.08315745239810703, 18.28988736023437] imu_ang_vel=[0.0, -0.07768791051776094, 0.0] imu_quat_wxyz=[0.9993016803360592, 0.0, 0.03736511310739877, 0.0] status=0x0003
joint_pos=[11.630385457052435, -24.86757953529752, 31.77923326910224, -2.458254994477562, 0.126864428675297, 6.617639101906505] joint_vel=[33.723002731359074, 45.7321923572328, -97.03037759026613, -20.039994825261406, 0.010007604851346353, 16.836275409513405] imu_ang_vel=[0.0, -0.019404549404095365, 0.0] imu_quat_wxyz=[0.999317211700298, 0.0, 0.03694740044362788, 0.0] status=0x0003
joint_pos=[12.394021823028861, -23.962064007378327, 29.774468611101728, -2.7989722044302145, 0.12933153634122616, 6.962810359721452] joint_vel=[40.57990210281525, 44.990274872833986, -101.84967124496814, -15.446755492296358, 0.13899498540119948, 17.870016895266772] imu_ang_vel=[0.0, 0.06037052465787945, 0.0] imu_quat_wxyz=[0.999307053727009, 0.0, 0.0372211280248826, 0.0] status=0x0003
joint_pos=[13.279175299976488, -23.00834796882589, 27.720728434511905, -3.036178209447622, 0.13241304868591566, 7.407158449462204] joint_vel=[45.2383434925523, 50.13257745444195, -103.14520960515686, -9.301342466392077, 0.024436341997192183, 17.34720484442536] imu_ang_vel=[0.0, 0.16775596670998172, 0.0] imu_quat_wxyz=[0.9992594668103757, 0.0, 0.03847749978680622, 0.0] status=0x0003
joint_pos=[14.21744095302863, -21.845249279350547, 25.675100219740365, -3.1308700173146082, 0.13304797322226583, 7.852699657164746] joint_vel=[49.04958153016695, 61.32957434497718, -101.56307803220452, -2.9591777681372498, 0.2279360398067128, 34.88657592003562] imu_ang_vel=[0.0, 0.3048999147377338, 0.0] imu_quat_wxyz=[0.999160323392935, 0.0, 0.04097130895304001, 0.0] status=0x0003
joint_pos=[15.114638419779162, -20.22812259968446, 23.681129155254705, -3.0154587902095478, 0.10113813012702948, 8.249701969819682] joint_vel=[43.77678763160286, 90.38090349977143, -98.43803665585844, 9.736364629221379, -1.6909620679230541, 20.496290018169518] imu_ang_vel=[0.0, 0.4947474006014385, 0.0] imu_quat_wxyz=[0.9989802074211679, 0.0, 0.045150251170513356, 0.0] status=0x0003
joint_pos=[15.592221960546066, -17.36174431887391, 21.554602375248642, -2.1854741147150563, -1.0154316851183371, 9.304583323210005] joint_vel=[11.69359810504758, 173.0251994134807, -110.47942109099418, 60.115341353822586, -87.45440100397043, 65.69681142931233] imu_ang_vel=[0.0, 0.6780864744112863, 0.0] imu_quat_wxyz=[0.9986832981406661, 0.0, 0.051299805212899355, 0.0] status=0x0003
joint_pos=[15.20323340321986, -14.11368219700426, 18.057803516540478, -0.4190054302545744, -4.423946457487351, 11.468001739532786] joint_vel=[-28.363201996297356, 114.37810210287898, -237.59672836638546, 100.47706170113513, -213.6494364482397, 123.25465668228023] imu_ang_vel=[0.0, 0.4902123475662154, 0.0] imu_quat_wxyz=[0.9983451043557585, 0.0, 0.057506978784228134, 0.0] status=0x0003
sim t=    1.02s  x= 0.145m z= 0.531m pitch= 6.87deg action=[-1.0, 0.927, 0.035, 1.0, -1.0, 0.225]
joint_pos=[14.331703690199287, -11.702513996240453, 13.263082707685244, 1.939481871195723, -9.868340932464715, 13.889132568902157] joint_vel=[-52.33253866616142, 124.4960375406234, -242.5672621640642, 127.27618877297785, -303.70408727598095, 119.59190269126522] imu_ang_vel=[0.0, 0.09743201731620361, 0.0] imu_quat_wxyz=[0.9982075579023142, 0.0, 0.05984706631655518, 0.0] status=0x0003
joint_pos=[13.060892010766771, -9.213825183855665, 8.914724227768161, 4.632787796053214, -16.2824077109196, 15.7441343625061] joint_vel=[-69.95349611817367, 125.17086521057543, -205.67842776266397, 138.55264169174032, -329.01752635826125, 78.26653829472961] imu_ang_vel=[0.0, -0.15664977324293314, 0.0] imu_quat_wxyz=[0.9982514064282711, 0.0, 0.059111162769638695, 0.0] status=0x0003
joint_pos=[11.872701154793566, -7.308224961670758, 5.625770449479917, 7.39472979536822, -22.64856341273907, 16.494058486757645] joint_vel=[-53.70030097420263, 79.35934175589418, -143.8003084223931, 137.49286288709533, -311.4932771639102, 15.71191228097478] imu_ang_vel=[0.0, -0.22420728191479675, 0.0] imu_quat_wxyz=[0.9983766165504434, 0.0, 0.056957278071277886, 0.0] status=0x0003
joint_pos=[10.834818797249735, -6.594736943773853, 3.771420236193739, 9.601526975074368, -28.328280712059573, 15.901823564806584] joint_vel=[-50.90425513612257, 11.993104938856144, -66.24842123574915, 94.98093675861438, -268.3032032451581, -53.72156091286324] imu_ang_vel=[0.0, -0.5346951740873125, 0.0] imu_quat_wxyz=[0.9985887246814672, 0.0, 0.053108934644189774, 0.0] status=0x0003
joint_pos=[9.972320574357418, -7.034014748918226, 2.7917318370553, 11.026118508190079, -32.98793161971722, 14.052219267197223] joint_vel=[-38.74488954157237, -40.78985497550389, -39.94323964845518, 57.81224931741871, -213.2691036060104, -113.00809079766543] imu_ang_vel=[0.0, -0.7843462844109885, 0.0] imu_quat_wxyz=[0.9989385571831203, 0.0, 0.04606255499758881, 0.0] status=0x0003
joint_pos=[9.041291151542143, -8.032171133261386, 3.0791549107869813, 11.639574381792736, -36.309875633409234, 12.50125859613411] joint_vel=[-49.08806772728767, -59.621232016455345, 55.30482455989184, 15.274984410577582, -136.44992190710505, -58.56578770798475] imu_ang_vel=[0.0, -0.8688378311091578, 0.0] imu_quat_wxyz=[0.9993067557799643, 0.0, 0.03722912640021053, 0.0] status=0x0003
joint_pos=[8.177148351280755, -9.200761046136831, 4.110807619328612, 11.809466554929145, -38.33890694007188, 11.906204931481174] joint_vel=[-40.0673756026121, -57.768359989675076, 51.532276629382714, 4.886330686002947, -81.86583190905188, -14.217871926158631] imu_ang_vel=[0.0, -0.8262640993751691, 0.0] imu_quat_wxyz=[0.9995983202598377, 0.0, 0.028340750408393407, 0.0] status=0x0003
joint_pos=[7.419265027860497, -10.07515056538605, 5.007247667768834, 11.947385180885506, -39.51169863901408, 12.636420815514057] joint_vel=[-36.48600473071033, -36.30823151171878, 41.229930602292704, 8.00331093665303, -45.426761295367115, 63.66764649312965] imu_ang_vel=[0.0, -0.5970908523396675, 0.0] imu_quat_wxyz=[0.9997701073548529, 0.0, 0.021441372149789476, 0.0] status=0x0003
joint_pos=[6.8802682943958775, -10.674673837568777, 5.7653317642606865, 12.32871695276604, -40.09806729589384, 14.031229211339914] joint_vel=[-21.62347189061447, -26.663786796977238, 36.02081348387741, 25.13302835479728, -20.141624505963257, 72.96502954666812] imu_ang_vel=[0.0, -0.2861478234379285, 0.0] imu_quat_wxyz=[0.9998497062123923, 0.0, 0.017336810173524116, 0.0] status=0x0003
joint_pos=[6.603392172209787, -11.07538110153849, 6.41543317286498, 13.100821974535574, -40.39705418823232, 15.397961482974099] joint_vel=[-9.565172321285615, -16.482648007051164, 30.536311272304285, 45.98278263636729, -11.902671288212431, 65.81486925319656] imu_ang_vel=[0.0, 0.01113837967597811, 0.0] imu_quat_wxyz=[0.9998661829364249, 0.0, 0.01635897980143151, 0.0] status=0x0003
joint_pos=[6.502573946356457, -11.334049525263195, 7.001974326683364, 14.203432910360874, -40.57423693077888, 16.358507233299026] joint_vel=[-2.5774713161064673, -11.026993205225203, 28.518982414217515, 60.09936055417437, -7.088332998081344, 38.48181434057752] imu_ang_vel=[0.0, 0.21333526999036587, 0.0] imu_quat_wxyz=[0.9998411701341142, 0.0, 0.017822303578527005, 0.0] status=0x0003
joint_pos=[6.497440655979327, -11.511940855591988, 7.549224033308356, 15.497514330343778, -40.62922745220431, 16.77719569942847] joint_vel=[0.7912217518414022, -7.687040523362745, 27.091536467531707, 67.12406365642117, -0.48105454693957095, 11.55369441278299] imu_ang_vel=[0.0, 0.33135422181791635, 0.0] imu_quat_wxyz=[0.999784487147104, 0.0, 0.020760039980747377, 0.0] status=0x0003
joint_pos=[6.461699509099351, -11.6532675417896, 8.082637787325268, 16.779271308193998, -40.50326948347159, 16.711915852315563] joint_vel=[-3.2804965939700783, -6.726694676911534, 27.02286328688009, 62.36939707613203, 10.094131745586367, -11.169415404305658] imu_ang_vel=[0.0, 0.31664569330894926, 0.0] imu_quat_wxyz=[0.9997095375514469, 0.0, 0.024100633366622066, 0.0] status=0x0003
joint_pos=[6.303180215726853, -11.791355632499823, 8.615988901960698, 17.861823738299226, -40.057740723930564, 16.22879413546661] joint_vel=[-10.53751402769972, -7.024878365396539, 27.25368943105359, 49.55315271821689, 29.0567777559817, -31.056982147315185] imu_ang_vel=[0.0, 0.21481095767862973, 0.0] imu_quat_wxyz=[0.9996436695464701, 0.0, 0.026693331295806907, 0.0] status=0x0003
joint_pos=[5.924604753178553, -11.870504905364404, 9.238628152010373, 18.60945559260744, -39.15344733961758, 15.431239661578262] joint_vel=[-21.499880847642054, -6.213608280306578, 26.807834731875566, 29.235261304854642, 55.29731631891088, -44.58829588283935] imu_ang_vel=[0.0, 0.08946944940442891, 0.0] imu_quat_wxyz=[0.9996085601487539, 0.0, 0.027977249281069674, 0.0] status=0x0003
joint_pos=[5.342548868376502, -11.949670605650015, 9.712216659570343, 18.900363244597894, -37.671267346931685, 14.386233530392413] joint_vel=[-33.4950939146764, -2.491130891877044, 23.67572580619013, 6.583986899791883, 84.42006413784749, -56.27059651397153] imu_ang_vel=[0.0, -0.12380325327284022, 0.0] imu_quat_wxyz=[0.999624254579728, 0.0, 0.02741075803262632, 0.0] status=0x0003
joint_pos=[4.513796769009848, -11.855396724193552, 10.199327171666683, 18.76666967403412, -35.59567546734345, 13.220182201549514] joint_vel=[-44.183163205909196, 5.953569846721827, 18.81898636469429, -15.11669923103072, 115.09073562593159, -59.3426643728436] imu_ang_vel=[0.0, -0.2484428810936291, 0.0] imu_quat_wxyz=[0.9996772328430781, 0.0, 0.025405317065650645, 0.0] status=0x0003
joint_pos=[3.4759093391107423, -11.564185285217523, 10.581051404718302, 18.221099267489503, -32.97317843148814, 11.982030263520752] joint_vel=[-54.79898562609229, 16.965256246046085, 14.424750669930171, -34.90360048675264, 140.43534091082853, -63.23309129675452] imu_ang_vel=[0.0, -0.31744496237334413, 0.0] imu_quat_wxyz=[0.999749686590294, 0.0, 0.02237329127797183, 0.0] status=0x0003
joint_pos=[2.260025372048493, -11.064641022943253, 10.847796997734246, 17.324190017928956, -29.95158940511462, 10.686053439451342] joint_vel=[-63.05345222148498, 27.478507541813205, 8.904613826339498, -51.066767016156426, 157.17765698256048, -65.58939418169457] imu_ang_vel=[0.0, -0.3796137196022288, 0.0] imu_quat_wxyz=[0.9998267640769416, 0.0, 0.018612948058587896, 0.0] status=0x0003
joint_pos=[0.9205025499151036, -10.38271094391621, 11.027745458080071, 16.14482978254089, -26.686788662691722, 9.388787716212056] joint_vel=[-68.11330505727688, 35.89384633599212, 4.989572853240345, -64.08219659989334, 166.7147714463069, -64.43504517588076] imu_ang_vel=[0.0, -0.40063473470810473, 0.0] imu_quat_wxyz=[0.9998950803784603, 0.0, 0.014485449076656972, 0.0] status=0x0003
joint_pos=[-0.45215689160119843, -9.620008257995082, 11.18138519724967, 14.74138838682483, -23.310495008330296, 8.09790650406003] joint_vel=[-67.88010903594862, 37.45640214106081, 4.900036689033992, -74.3603087458825, 170.0568919513682, -64.5710013754329] imu_ang_vel=[0.0, -0.3817404930128625, 0.0] imu_quat_wxyz=[0.999945947485629, 0.0, 0.01039721631339702, 0.0] status=0x0003
joint_pos=[-1.7270811373023822, -8.986000258333949, 11.425628480136155, 13.167247445645888, -19.96499491253398, 6.818603152299508] joint_vel=[-60.35573562160186, 26.388067110465386, 11.569322333315105, -82.08660663049783, 165.83407150339767, -63.62317454072713] imu_ang_vel=[0.0, -0.3335073305696859, 0.0] imu_quat_wxyz=[0.9999776595382042, 0.0, 0.006684341739874003, 0.0] status=0x0003
joint_pos=[-2.713713427790334, -8.823530955747259, 11.861531058106786, 11.457839536375607, -16.773881236898024, 5.662658776288744] joint_vel=[-43.41317407540443, -1.6066171661166095, 27.749174667498764, -87.39438413466826, 155.68223485638708, -54.644967649824366] imu_ang_vel=[0.0, -0.2844002937242555, 0.0] imu_quat_wxyz=[0.9999937304720523, 0.0, 0.003541047385781368, 0.0] status=0x0003
joint_pos=[-3.2548731273449043, -9.37333310187947, 12.816057389486565, 9.688441659864969, -13.78307051079671, 4.876957877846984] joint_vel=[-16.3332004332024, -45.12917623315326, 51.774846543917256, -90.67457369825415, 146.33947174205096, -31.09154109796102] imu_ang_vel=[0.0, -0.15870897234222753, 0.0] imu_quat_wxyz=[0.9999988351528498, 0.0, 0.0015263331692580429, 0.0] status=0x0003
joint_pos=[-3.142026829551737, -10.955007710278489, 14.266869082069274, 7.875447586411478, -10.90919141155688, 4.680774878498558] joint_vel=[17.893413697159456, -98.24408804270087, 83.67184708883634, -90.8749224974335, 141.9064119364151, 1.1225032564988324] imu_ang_vel=[0.0, 0.028259968553427328, 0.0] imu_quat_wxyz=[0.9999994428135237, 0.0, 0.0010556384997421403, 0.0] status=0x0003
joint_pos=[-2.6336597915019313, -13.061936805443246, 16.37801392845926, 6.759861582748764, -9.36210032871913, 3.3315313273616316] joint_vel=[27.480603889640776, -100.07387687139703, 118.27594542153646, -35.26381279001214, 43.81010368245164, -98.74001430476991] imu_ang_vel=[0.0, -0.007133379834003104, 0.0] imu_quat_wxyz=[0.9999988423524672, 0.0, 0.0015216089265838683, 0.0] status=0x0003
joint_pos=[-1.8510835321512678, -14.511612359163811, 19.384185692985625, 6.230002984094048, -8.50851056075914, 2.8798513772649237] joint_vel=[45.18459150440164, -57.4216794469456, 167.56343770510853, -21.453189274213123, 44.23191129368779, 3.526613984732415] imu_ang_vel=[0.0, 0.3700124037696254, 0.0] imu_quat_wxyz=[0.9999939041374653, 0.0, 0.0034916597643580324, 0.0] status=0x0003
joint_pos=[-0.5839121968463095, -15.967142802647658, 22.825244558797845, 5.944656462089381, -7.514526124889539, 2.8759051081909606] joint_vel=[73.31054697967512, -80.93111715734129, 174.25749371746406, -10.50544247484858, 53.01508431407324, -2.2426639656799465] imu_ang_vel=[0.0, 0.6419834686399849, 0.0] imu_quat_wxyz=[0.9999594230029948, 0.0, 0.009008459774999866, 0.0] status=0x0003
joint_pos=[0.9996303423109816, -18.116544745299908, 26.12008954393306, 5.5799764324849175, -6.330101536238484, 2.7595446337227894] joint_vel=[82.29308445172367, -121.85306101539783, 159.42971641187862, -22.730192708289305, 63.06154433301774, -7.8161131199066585] imu_ang_vel=[0.0, 0.5918728088376557, 0.0] imu_quat_wxyz=[0.9998808372008104, 0.0, 0.015437337808265644, 0.0] status=0x0003
joint_pos=[2.5858936591624215, -20.732448424624213, 29.12499272082727, 4.961888825909289, -4.948722451451556, 2.5422671523984066] joint_vel=[77.5854950760238, -135.42147880656856, 145.16937282599736, -35.594051101018096, 72.92672629934918, -12.518030454179614] imu_ang_vel=[0.0, 0.4586775763488608, 0.0] imu_quat_wxyz=[0.999789428815945, 0.0, 0.020520673183071145, 0.0] status=0x0003
joint_pos=[4.094172021661138, -23.331722218956212, 31.69866047064143, 4.189280246259743, -3.3164267463189256, 2.2024343387832706] joint_vel=[74.2002233374216, -126.63886539106355, 119.76677944474716, -40.474471269684805, 87.12688633800948, -19.43840120057075] imu_ang_vel=[0.0, 0.463434755781972, 0.0] imu_quat_wxyz=[0.9996878551101855, 0.0, 0.02498384168210727, 0.0] status=0x0003
joint_pos=[5.508188581782828, -25.683949679867514, 33.764222880623784, 3.2994076598005293, -1.345485434857657, 1.7087174865187182] joint_vel=[68.79660204168636, -112.36873483724264, 94.39617287241221, -46.87184696410677, 105.70045127455671, -27.808361412856637] imu_ang_vel=[0.0, 0.5241296259919402, 0.0] imu_quat_wxyz=[0.9995504685139897, 0.0, 0.02998100888002065, 0.0] status=0x0003
joint_pos=[6.813639099368353, -27.88553788031391, 35.42699292570989, 2.3641029008285046, 0.7051016047964703, 1.1856078024849805] joint_vel=[59.063118019848496, -111.84568427819954, 77.06156041709782, -32.48149083674166, 58.122325981885226, -5.422999420341223] imu_ang_vel=[0.0, 0.589775724048195, 0.0] imu_quat_wxyz=[0.9993649199517749, 0.0, 0.03563364659675707, 0.0] status=0x0003
joint_pos=[7.765778794218455, -30.14391551196073, 36.7336679412433, 1.9902292655929665, 0.7234035367492947, 1.6400055809776424] joint_vel=[42.76592414366439, -111.7838760168252, 58.98323882932727, -17.423145818100455, -12.51323349895215, 29.708876689730744] imu_ang_vel=[0.0, 0.05922303129235884, 0.0] imu_quat_wxyz=[0.9992919982453143, 0.0, 0.037623160990096015, 0.0] status=0x0003
joint_pos=[8.439307771893011, -31.601481714187017, 38.066410443701606, 1.686236529278462, 0.46236135504442, 2.2484898022155777] joint_vel=[28.930503536340975, -50.97844905276443, 70.75187954577069, -14.491357413914628, -11.6258840982984, 30.10539628636152] imu_ang_vel=[0.0, 0.058304063368567444, 0.0] imu_quat_wxyz=[0.9992799356727329, 0.0, 0.03794219500633713, 0.0] status=0x0003
joint_pos=[8.966365342904322, -32.01228263945819, 39.31702256898208, 1.453424599148112, 0.2951011313086756, 2.822527213353729] joint_vel=[25.05656769890052, -3.7102893306049913, 58.126877712653126, -10.0373017960176, -6.611484301895357, 28.01045942163277] imu_ang_vel=[0.0, 0.17567993331904344, 0.0] imu_quat_wxyz=[0.9992306012201344, 0.0, 0.03921996411585298, 0.0] status=0x0003
joint_pos=[9.41320533131161, -31.77458509742382, 40.06844609315555, 1.2041554131093655, 0.2069871565648158, 3.361047626318718] joint_vel=[20.885437747286105, 20.571446102175816, 26.55354263033691, -13.78536376647046, -3.3709765977223505, 26.56931740598652] imu_ang_vel=[0.0, 0.17845315496102154, 0.0] imu_quat_wxyz=[0.9991537494003504, 0.0, 0.041131314824859724, 0.0] status=0x0003
joint_pos=[9.77353774223287, -31.265111168906323, 40.22257924608491, 0.8114362515448665, 0.1640900058869623, 3.8780190886493804] joint_vel=[16.45779541405572, 28.158780618183897, -1.9414208992011037, -22.91885165117188, -1.6074816082681405, 25.729825062165418] imu_ang_vel=[0.0, 0.06120466463381242, 0.0] imu_quat_wxyz=[0.999105824289544, 0.0, 0.042279449744655806, 0.0] status=0x0003
joint_pos=[10.091437366079235, -30.660486616863622, 39.859866741618006, 0.25943284244122916, 0.1442183337269078, 4.46951929287621] joint_vel=[14.67199229954772, 32.61522736121638, -26.960667634748134, -29.485333782236196, -0.8032767099192374, 22.861704352025452] imu_ang_vel=[0.0, -0.05967681406209496, 0.0] imu_quat_wxyz=[0.9991117871496379, 0.0, 0.04213830536052373, 0.0] status=0x0003
joint_pos=[10.40737371884922, -29.91504464489024, 39.04544832882936, -0.3539951792685184, 0.13534820698138159, 4.929214689234388] joint_vel=[16.414402900492888, 39.85255242738738, -48.04342835886263, -31.4064323658131, -0.308284714654818, 23.28454402486182] imu_ang_vel=[0.0, -0.1096629500973471, 0.0] imu_quat_wxyz=[0.9991526124669596, 0.0, 0.04115892370373042, 0.0] status=0x0003
joint_pos=[10.785295837852203, -29.031088960123203, 37.848439140619554, -0.9689710267315719, 0.1318085973557238, 5.39755985360037] joint_vel=[20.242472856837384, 46.59995703049163, -66.10858087792114, -30.46843328466822, -0.12572465040065647, 23.65330171862103] imu_ang_vel=[0.0, -0.1041831296636193, 0.0] imu_quat_wxyz=[0.9991974901699952, 0.0, 0.04005465813089008, 0.0] status=0x0003
joint_pos=[11.265878818998837, -28.062993445264848, 36.331737771775835, -1.5571894106510402, 0.13067023413599316, 5.949455164412069] joint_vel=[25.172943500444966, 50.46857347073569, -81.11271087264275, -28.24814899176392, -0.08867942340465972, 21.897222888018316] imu_ang_vel=[0.0, -0.07400203303354029, 0.0] imu_quat_wxyz=[0.9992312439286986, 0.0, 0.039203586018447215, 0.0] status=0x0003
joint_pos=[11.851541095418934, -27.050431986332548, 34.55962096511658, -2.0868905452375235, 0.13104244711423046, 6.3956134317906015] joint_vel=[31.494543312031396, 50.6886056066137, -92.52685775288813, -25.593636399585957, 0.04280340919165022, 22.767974807918236] imu_ang_vel=[0.0, -0.028038336769022097, 0.0] imu_quat_wxyz=[0.9992494247967157, 0.0, 0.038737411418841794, 0.0] status=0x0003
joint_pos=[12.579522333429159, -26.06015848481339, 32.60076502510979, -2.5576658706139583, 0.1335417362827362, 6.933201075341314] joint_vel=[38.04756198803059, 49.928962905533744, -100.88533591854025, -21.822744752602944, 0.006692503969479967, 21.526879470543786] imu_ang_vel=[0.0, 0.03327820708649867, 0.0] imu_quat_wxyz=[0.9992456500110017, 0.0, 0.0388346615034903, 0.0] status=0x0003
joint_pos=[13.427866159698999, -25.05589914742932, 30.500404343404092, -2.9306214617925455, 0.13615530087089334, 7.3701724618861535] joint_vel=[44.758014796958975, 50.33369942231516, -107.11913182940194, -16.965911313360174, 0.14799554292463749, 22.42843180714042] imu_ang_vel=[0.0, 0.11519834004949076, 0.0] imu_quat_wxyz=[0.9992136544415385, 0.0, 0.03964937297846857, 0.0] status=0x0003
joint_pos=[14.386174078716438, -23.973771741121258, 28.31839351794441, -3.1960565925090276, 0.13895830182342886, 7.891746170273001] joint_vel=[48.781921223463165, 56.92874490717346, -110.13253119924433, -10.77175852868915, 0.07272082947199217, 22.036037759370377] imu_ang_vel=[0.0, 0.22182978207216467, 0.0] imu_quat_wxyz=[0.9991404235278519, 0.0, 0.041453758244393, 0.0] status=0x0003
joint_pos=[15.381944598383082, -22.63580140149706, 26.12132540929545, -3.308573930994054, 0.1327045529707526, 8.422058264941214] joint_vel=[49.4206057213758, 73.19453650519725, -109.66984089064466, -2.315199591885107, -0.4564757656264873, 22.732328146224926] imu_ang_vel=[0.0, 0.3682225927020498, 0.0] imu_quat_wxyz=[0.9990073260702027, 0.0, 0.04454618342870453, 0.0] status=0x0003
joint_pos=[16.281745148229913, -20.65287218836667, 23.944185092733385, -3.179486326337015, 0.09022933297640554, 9.000178712159647] joint_vel=[41.74154582612127, 114.24008014766433, -108.36865863449648, 11.619269831880851, -2.611312029604465, 26.805273381761605] imu_ang_vel=[0.0, 0.6030779775547416, 0.0] imu_quat_wxyz=[0.998770418992252, 0.0, 0.049574692596539204, 0.0] status=0x0003
joint_pos=[16.603326042694118, -17.171867873531273, 21.516324090352356, -2.1391754032607655, -1.459398601861653, 10.357032230611834] joint_vel=[2.7321453218907346, 206.2888455908811, -128.13152651207415, 73.42143653856043, -117.15920329144504, 96.50503406879736] imu_ang_vel=[0.0, 0.757319170614618, 0.0] imu_quat_wxyz=[0.9983928156227893, 0.0, 0.056672618721910546, 0.0] status=0x0003
joint_pos=[16.17637650674766, -14.258232556980172, 16.976879170910014, -0.17671306628090377, -5.392678877628852, 12.837383716528723] joint_vel=[-28.709915952159623, 119.14565420638496, -271.8668237391377, 108.93169759339794, -237.45732648843259, 137.911691126097] imu_ang_vel=[0.0, 0.49096929979564596, 0.0] imu_quat_wxyz=[0.9979972461389778, 0.0, 0.06325738454138526, 0.0] status=0x0003
sim t=    2.02s  x= 0.337m z= 0.531m pitch= 7.54deg action=[-1.0, 1.0, 0.205, 1.0, -1.0, 0.059]
joint_pos=[15.274548992523888, -11.788865637676329, 11.843287429702357, 2.333830135248396, -11.214457727990899, 15.147145751363514] joint_vel=[-54.336887011484635, 126.23027129009424, -250.62987721462468, 134.37480291026034, -319.78037490620295, 103.21261722935735] imu_ang_vel=[0.0, 0.11231650422430506, 0.0] imu_quat_wxyz=[0.9978390781959052, 0.0, 0.06570520546460684, 0.0] status=0x0003
joint_pos=[14.01704695475396, -9.325923616027083, 7.530912791642753, 5.216661912520351, -17.944842436107074, 16.515393149029457] joint_vel=[-67.80101294317497, 122.27928934602367, -198.6653432815759, 149.29548907116958, -344.5869231575071, 49.70012226595325] imu_ang_vel=[0.0, -0.09333653018420544, 0.0] imu_quat_wxyz=[0.997860705722612, 0.0, 0.06537592809873355, 0.0] status=0x0003
joint_pos=[12.74592184272679, -7.559864652622243, 4.514512395466265, 7.9904571808501395, -24.55266309901305, 16.889276939411896] joint_vel=[-61.305545568836386, 70.13582222364067, -126.50367772144632, 132.47897010204642, -321.68437620696596, 2.5075199303345324] imu_ang_vel=[0.0, -0.2984855454527656, 0.0] imu_quat_wxyz=[0.9979996077650862, 0.0, 0.06322011468460065, 0.0] status=0x0003
joint_pos=[11.592747024403671, -7.060638801793438, 2.927208808285139, 10.053533028214753, -30.294990599920446, 15.946837286113928] joint_vel=[-55.66998799651399, 0.42534732759095895, -54.790064511654066, 86.62703802748604, -267.6144763392168, -73.49591178363144] imu_ang_vel=[0.0, -0.6423219340332292, 0.0] imu_quat_wxyz=[0.998302308419213, 0.0, 0.058245180099907715, 0.0] status=0x0003
joint_pos=[10.515557997867552, -7.6151869722741825, 2.680642835037259, 11.256541275625759, -34.81315802666004, 13.977047962494463] joint_vel=[-58.81662975809076, -36.880998017536186, 73.96296261038708, 49.56639784804166, -200.34371893994754, -111.7444886090089] imu_ang_vel=[0.0, -0.9185510281672619, 0.0] imu_quat_wxyz=[0.9987489819055119, 0.0, 0.0500047112050799, 0.0] status=0x0003
joint_pos=[9.473523809848215, -8.72588108171074, 3.7452168534626016, 11.76649532740137, -37.93603961887713, 12.56504632876085] joint_vel=[-52.03873895419862, -58.97380098823984, 55.24929324654128, 14.094007464408726, -133.7016809892323, -48.24831621905207] imu_ang_vel=[0.0, -0.9449552423297443, 0.0] imu_quat_wxyz=[0.9991630613901937, 0.0, 0.04090448329188314, 0.0] status=0x0003
joint_pos=[8.471678561418326, -9.788958847739591, 4.792199525890971, 11.856239510328608, -39.82421682282168, 12.510521811616055] joint_vel=[-48.65474504246308, -50.27204607792296, 51.32331395677273, -0.5863898989222913, -72.37391681836166, 21.391932015917963] imu_ang_vel=[0.0, -0.8486946427387909, 0.0] imu_quat_wxyz=[0.9994915518209915, 0.0, 0.03188475871739229, 0.0] status=0x0003
joint_pos=[7.636254686736222, -10.54344951936954, 5.673458928803745, 11.957331456030822, -40.689203651092406, 13.517896790585729] joint_vel=[-37.83775203936324, -31.05658119642158, 40.50936638639595, 8.206374909909396, -26.750039189156585, 65.8904231327743] imu_ang_vel=[0.0, -0.5558793251360731, 0.0] imu_quat_wxyz=[0.9996858358167906, 0.0, 0.02506451011459762, 0.0] status=0x0003
joint_pos=[7.081176288925388, -11.017334298581282, 6.39539464336272, 12.438924809711994, -41.05741118005272, 14.921411210186983] joint_vel=[-22.18375817707791, -19.78071826795518, 33.56344447634354, 32.78943206651459, -13.550255170818613, 72.42773050017574] imu_ang_vel=[0.0, -0.21691697664066442, 0.0] imu_quat_wxyz=[0.9997663636031311, 0.0, 0.021615230921084673, 0.0] status=0x0003
joint_pos=[6.779151934843044, -11.273149728014255, 7.006368095568859, 13.383722960328425, -41.271765887244214, 16.310152926615853] joint_vel=[-11.202564013289019, -9.007139080842824, 28.427143172032842, 55.13418333599151, -8.992473752590774, 67.78599524510871] imu_ang_vel=[0.0, 0.07323270398780296, 0.0] imu_quat_wxyz=[0.9997730693215265, 0.0, 0.02130281341546165, 0.0] status=0x0003
joint_pos=[6.676026038885259, -11.391965417644291, 7.545316145902042, 14.683961010076564, -41.35702056406769, 17.251806075485067] joint_vel=[-1.894707497712967, -4.231963600683365, 26.15817842813532, 70.39369333674652, -1.579408627258609, 35.98442092781527] imu_ang_vel=[0.0, 0.2956474290621045, 0.0] imu_quat_wxyz=[0.9997244483923997, 0.0, 0.02347397040366513, 0.0] status=0x0003
joint_pos=[6.6585604222254915, -11.43855496695502, 8.043631397496867, 16.1624219398924, -41.32330726958597, 17.536428849841343] joint_vel=[-0.41330455138879696, -1.2294700754066592, 24.66515452407112, 75.80323820038379, 3.5442834233270557, 2.9378709452783864] imu_ang_vel=[0.0, 0.3896015617534444, 0.0] imu_quat_wxyz=[0.9996317175787359, 0.0, 0.027137229235614624, 0.0] status=0x0003
joint_pos=[6.580445283697575, -11.47433146924067, 8.535097533016685, 17.59004427775494, -41.12347852592901, 17.271272365280147] joint_vel=[-5.927995738445418, -2.0676835078952576, 25.176415015752728, 68.89009805184867, 13.602184634677503, -21.891723505818913] imu_ang_vel=[0.0, 0.33272624214217816, 0.0] imu_quat_wxyz=[0.9995252936317793, 0.0, 0.030808884924729923, 0.0] status=0x0003
joint_pos=[6.315860546315857, -11.486951491513302, 9.133894469177262, 18.76772769543209, -40.59024190629978, 16.617998663520563] joint_vel=[-20.43441053305423, 5.903967063844762, 45.2080001573217, 55.556745343878724, 32.25690321730161, -38.28899952505618] imu_ang_vel=[0.0, 0.18230554943532573, 0.0] imu_quat_wxyz=[0.9994466375084162, 0.0, 0.0332628737952775, 0.0] status=0x0003
joint_pos=[5.87379702322612, -11.580394817194751, 9.611201838014255, 19.503358712534315, -39.50607086890212, 15.661783573329686] joint_vel=[-26.125693598810813, -4.760983693012622, 24.02230492286527, 28.537798462920577, 64.63766367918797, -52.74826193065836] imu_ang_vel=[0.0, -0.014479058200353771, 0.0] imu_quat_wxyz=[0.9994223270945031, 0.0, 0.033985469027337074, 0.0] status=0x0003
joint_pos=[5.136132212258447, -11.556098756457372, 10.125512685389868, 19.73918151153618, -37.80584358243713, 14.514753936071603] joint_vel=[-41.27184321314547, 1.9875415674153718, 21.812659530785936, 1.725534701786123, 96.89017163293374, -59.77067030969824] imu_ang_vel=[0.0, -0.1919430472491158, 0.0] imu_quat_wxyz=[0.9994667886098123, 0.0, 0.03265177584739755, 0.0] status=0x0003
joint_pos=[4.147914233096861, -11.36783616429195, 10.530736927451338, 19.49534883047376, -35.494285461970115, 13.172860100770015] joint_vel=[-52.91382411304347, 11.743286141259084, 16.07560621833426, -20.546448583705978, 126.27313538078708, -70.94823324096036] imu_ang_vel=[0.0, -0.3344584208080844, 0.0] imu_quat_wxyz=[0.9995610433310657, 0.0, 0.02962635068501604, 0.0] status=0x0003
joint_pos=[2.9510472606496085, -10.978316145251144, 10.83205892276786, 18.852118055901908, -32.70912940202751, 11.744278745039214] joint_vel=[-62.701516207396295, 22.05257789418942, 10.927301370216757, -39.244514757407124, 146.6561900549957, -71.62470453792291] imu_ang_vel=[0.0, -0.42781683886622235, 0.0] imu_quat_wxyz=[0.999674280415512, 0.0, 0.025521227943192688, 0.0] status=0x0003
joint_pos=[1.5849113859824446, -10.367329477787777, 11.022245472154188, 17.868303529075593, -29.59157632191947, 10.340001520272802] joint_vel=[-70.33376610441334, 33.5808489024774, 4.262778993672854, -55.435725886491106, 161.09118912164402, -69.40402617350962] imu_ang_vel=[0.0, -0.49146626161191076, 0.0] imu_quat_wxyz=[0.999784079818067, 0.0, 0.02077964731031295, 0.0] status=0x0003
joint_pos=[0.12578953769407772, -9.551814859978997, 11.116286313898238, 16.622097601604164, -26.27084148890844, 8.944005835885303] joint_vel=[-73.271501237706, 43.038821747013074, 0.006484958112165295, -66.94025911427028, 168.81365659901834, -69.96326691803931] imu_ang_vel=[0.0, -0.47191623737716953, 0.0] imu_quat_wxyz=[0.9998724426991904, 0.0, 0.0159717979812614, 0.0] status=0x0003
joint_pos=[-1.335303240101203, -8.659228061202146, 11.182361815399409, 15.173166385114703, -22.91220294385903, 7.542749871580383] joint_vel=[-71.91469076533025, 43.990453864672325, 0.31737625812564607, -76.31795497274913, 167.3978473589938, -70.07510684247943] imu_ang_vel=[0.0, -0.4340233560922321, 0.0] imu_quat_wxyz=[0.9999334471118108, 0.0, 0.011536955711606754, 0.0] status=0x0003
joint_pos=[-2.6579127898022716, -7.950366932489838, 11.371249809774978, 13.56635440138151, -19.66116764519676, 6.190932563997121] joint_vel=[-61.824032058078174, 28.937997590493474, 9.244270719626519, -83.57791163349162, 159.8746531863196, -66.23436517849078] imu_ang_vel=[0.0, -0.37529498832088953, 0.0] imu_quat_wxyz=[0.9999710417023264, 0.0, 0.007610240256659501, 0.0] status=0x0003
joint_pos=[-3.6570243942969984, -7.762085849851883, 11.868598474760455, 11.837840505677406, -16.611937264602854, 5.035769763496296] joint_vel=[-42.13760446201332, -3.57941663146628, 27.56609797721915, -89.28026149603453, 148.47327296893747, -53.217402530805856] imu_ang_vel=[0.0, -0.2897482008961108, 0.0] imu_quat_wxyz=[0.999990152162153, 0.0, 0.0044379701118917045, 0.0] status=0x0003
joint_pos=[-4.140858938615411, -8.417170807774088, 12.873958849029185, 10.034332743347589, -13.794919158222715, 4.311351620857431] joint_vel=[-16.438420945601184, -44.43720019223229, 71.7608388652903, -88.95044980192854, 135.4725993659827, -27.066122348342173] imu_ang_vel=[0.0, -0.15921864736007396, 0.0] imu_quat_wxyz=[0.9999973123584743, 0.0, 0.0023184641096802724, 0.0] status=0x0003
joint_pos=[-3.907012496981254, -10.201183356804755, 14.40742126753586, 8.191846321719845, -11.092303989372624, 4.229346505441332] joint_vel=[25.116698484507584, -109.6543557983814, 87.96674256100161, -92.18640009918825, 133.7735944622791, 7.907691802255422] imu_ang_vel=[0.0, 0.0398628767516832, 0.0] imu_quat_wxyz=[0.9999980414071948, 0.0, 0.001979187149856179, 0.0] status=0x0003
joint_pos=[-3.261313615272583, -12.589076429279352, 16.574159470648983, 7.034951040065267, -9.583010371830925, 3.1104044790366405] joint_vel=[34.183828663642686, -116.16447478044877, 119.22342719221807, -37.69694022069974, 43.33142790745202, -86.80313296149596] imu_ang_vel=[0.0, -0.032549885211743304, 0.0] imu_quat_wxyz=[0.9999970445541171, 0.0, 0.002431230764696104, 0.0] status=0x0003
joint_pos=[-2.33385509570622, -14.33606204702328, 19.622066680608413, 6.4481864858463, -8.692740439856982, 2.9296085486571033] joint_vel=[51.058964848220725, -71.06781718626576, 170.04176400123293, -21.09937146116436, 40.99736752927599, 4.017473680634095] imu_ang_vel=[0.0, 0.3321103328861438, 0.0] imu_quat_wxyz=[0.9999910465193929, 0.0, 0.004231652283627013, 0.0] status=0x0003
joint_pos=[-0.937820944658811, -15.97492471390489, 23.10158798851334, 6.212630146994778, -7.771644277293115, 2.933599384956202] joint_vel=[80.08062795030548, -87.57422299009905, 175.89307102595663, -6.842141131563014, 49.12924015517473, -1.6932184219519208] imu_ang_vel=[0.0, 0.6402489639866754, 0.0] imu_quat_wxyz=[0.9999544799558773, 0.0, 0.009541384394884158, 0.0] status=0x0003
joint_pos=[0.7742984404104256, -18.177937489244297, 26.452764882544194, 5.9434787278483086, -6.675284663838277, 2.8365101532571884] joint_vel=[88.53329187608463, -122.32055443762249, 162.88482769790187, -17.31227699876023, 58.32615398542011, -6.635844336326624] imu_ang_vel=[0.0, 0.6202697506130002, 0.0] imu_quat_wxyz=[0.9998693655604682, 0.0, 0.01616328598109579, 0.0] status=0x0003
joint_pos=[2.470614575649431, -20.784353782042082, 29.52118607884946, 5.424735465315484, -5.394316774706612, 2.646447777739541] joint_vel=[82.67756384181902, -134.42711591323, 148.19480526156983, -30.861447360958877, 67.69961509444835, -11.034166593693502] imu_ang_vel=[0.0, 0.4803694194419734, 0.0] imu_quat_wxyz=[0.9997683465904682, 0.0, 0.021523316560451068, 0.0] status=0x0003
joint_pos=[4.049515384699936, -23.350018476617766, 32.134308070394425, 4.720897672176157, -3.8705550073051738, 2.3386495712493285] joint_vel=[76.86699599498765, -124.59015814480661, 121.17499219720575, -37.7360376314962, 81.53915354457374, -17.729654362412166] imu_ang_vel=[0.0, 0.4528613675186846, 0.0] imu_quat_wxyz=[0.9996614080021888, 0.0, 0.026020556317675247, 0.0] status=0x0003
joint_pos=[5.488293712499044, -25.635997654813206, 34.21039403363564, 3.8669110897536942, -2.0149931953229396, 1.8807327719372142] joint_vel=[69.24469689281439, -108.36886539829717, 94.4515108809895, -45.58282066813019, 99.78265045948237, -25.934253768876317] imu_ang_vel=[0.0, 0.4834445409258458, 0.0] imu_quat_wxyz=[0.9995281317780315, 0.0, 0.03071666948609903, 0.0] status=0x0003
joint_pos=[6.8138901632467554, -27.69973959287945, 35.85406967742061, 2.831506833572159, 0.2634178168464487, 1.2350843634286295] joint_vel=[64.69718770386515, -100.11823677718928, 75.57438580550821, -55.37744464701148, 122.68789585034258, -36.16393987742349] imu_ang_vel=[0.0, 0.5284670966812832, 0.0] imu_quat_wxyz=[0.9993580431643464, 0.0, 0.03582599004533483, 0.0] status=0x0003
joint_pos=[7.8236913311121175, -29.831091418345054, 37.187492290756474, 2.3420557782517446, 0.6806146171598765, 1.4876781721411694] joint_vel=[45.08045868738904, -107.40229035884994, 61.78857615531518, -17.79523175546042, -5.308656463036579, 26.023853408520306] imu_ang_vel=[0.0, 0.11357870720562863, 0.0] imu_quat_wxyz=[0.9992476293699801, 0.0, 0.0387836975864183, 0.0] status=0x0003
joint_pos=[8.515645915896927, -31.32158463246377, 38.53106495413634, 2.0194327250866295, 0.4607828080521374, 2.068755357472767] joint_vel=[29.182148735313646, -55.86773326556994, 70.06749013566866, -16.240578538652805, -11.00708463574262, 29.50974171948033] imu_ang_vel=[0.0, 0.04415808959655219, 0.0] imu_quat_wxyz=[0.999228770743402, 0.0, 0.039266572534788276, 0.0] status=0x0003
joint_pos=[9.056555900413775, -31.893854488419812, 39.68945004911548, 1.7501161649974462, 0.29672981158980527, 2.6232581718290056] joint_vel=[25.951145501523428, -13.334341583888136, 51.409322787831336, -11.958443023352007, -6.5744175342342555, 27.01651266219513] imu_ang_vel=[0.0, 0.13320781844295382, 0.0] imu_quat_wxyz=[0.9991924750030883, 0.0, 0.040179570644829764, 0.0] status=0x0003
joint_pos=[9.505391670333609, -31.838129146819497, 40.38938808884885, 1.4523176454504736, 0.20773025038174997, 3.1516758798352784] joint_vel=[20.577205327285338, 11.60367072062069, 26.20553572759426, -16.49390432559065, -3.430636664088966, 26.1038061899641] imu_ang_vel=[0.0, 0.12410127191011025, 0.0] imu_quat_wxyz=[0.9991345796722109, 0.0, 0.04159437105227834, 0.0] status=0x0003
joint_pos=[9.843987589451615, -31.4158597148538, 40.5400655211589, 1.030465650030806, 0.1632625995496094, 3.6584605306974427] joint_vel=[14.945741345858824, 26.378342396479304, -2.015956255708523, -23.667545627860818, -1.6805055935947655, 25.236879226944875] imu_ang_vel=[0.0, 0.030378905240839724, 0.0] imu_quat_wxyz=[0.9991047976429692, 0.0, 0.04230370346437175, 0.0] status=0x0003
joint_pos=[10.118237724194097, -30.776594804976245, 40.177511877850634, 0.4743849113422236, 0.14288886256814604, 4.25491377302227] joint_vel=[11.987246273458673, 36.54936880427215, -26.951131565297764, -29.22478193650326, -0.9071366652533823, 22.481328780006038] imu_ang_vel=[0.0, -0.06596833642281652, 0.0] imu_quat_wxyz=[0.9991169933278624, 0.0, 0.04201468366526208, 0.0] status=0x0003
joint_pos=[10.369482169264142, -29.942077066709217, 39.356700460916336, -0.1379047476829243, 0.13305966416491144, 4.704606229692485] joint_vel=[12.890776276793304, 44.57380248466755, -48.538435535919554, -31.465389941509738, -0.3368389580991165, 22.83296781134035] imu_ang_vel=[0.0, -0.11596048918691317, 0.0] imu_quat_wxyz=[0.9991596797984058, 0.0, 0.0409870011728988, 0.0] status=0x0003
joint_pos=[10.670678768134511, -28.97121747671853, 38.15250883066976, -0.7621427410890901, 0.12933198229548817, 5.1655860839344685] joint_vel=[16.23834909436878, 50.72220946968056, -66.39594949504497, -31.151771302449188, -0.12984499883708212, 23.32067672392697] imu_ang_vel=[0.0, -0.11857353067339972, 0.0] imu_quat_wxyz=[0.9992086698755107, 0.0, 0.03977479158477947, 0.0] status=0x0003
joint_pos=[11.072630924531511, -27.934778111213838, 36.62440291049728, -1.3706722833828837, 0.12914437791649475, 5.733560768563244] joint_vel=[21.209054855063894, 53.71538692487535, -81.87791882765488, -29.434882318844014, -0.2270693236689341, 23.41966721758096] imu_ang_vel=[0.0, -0.08761519590840779, 0.0] imu_quat_wxyz=[0.9992493901653935, 0.0, 0.038738304739484655, 0.0] status=0x0003
joint_pos=[11.579887794246362, -26.871768469725247, 34.81465390679712, -1.9209217895314814, 0.12868596256490353, 6.164940607763951] joint_vel=[27.739466048252762, 52.66926066508189, -94.98575546588944, -26.673587216835266, 0.03585202409528522, 22.01496630796749] imu_ang_vel=[0.0, -0.052448108744126705, 0.0] imu_quat_wxyz=[0.9992761168924217, 0.0, 0.03804263671728458, 0.0] status=0x0003
joint_pos=[12.236179410313978, -25.850957357670048, 32.80516520779124, -2.4160587662373727, 0.13243818119885714, 6.702336687144474] joint_vel=[36.94133102065896, 48.55774382469287, -103.10406619426526, -24.666632160911465, 0.44392007966218405, 40.90430775753063] imu_ang_vel=[0.0, 0.006384049731751206, 0.0] imu_quat_wxyz=[0.9992827132142817, 0.0, 0.03786897240622616, 0.0] status=0x0003
joint_pos=[13.044046803823456, -24.846974252940008, 30.66504746994656, -2.7962984146633816, 0.13474856924464138, 7.124681848427263] joint_vel=[43.58864074832274, 49.485627348856006, -108.77463073101025, -16.82771593737767, 0.17783170585630892, 21.08147107017979] imu_ang_vel=[0.0, 0.10135288895963096, 0.0] imu_quat_wxyz=[0.9992586125468288, 0.0, 0.03849967858290154, 0.0] status=0x0003
joint_pos=[13.978177865324618, -23.78256374377668, 28.459837084202288, -3.067290206646587, 0.13855862890202156, 7.640809789402367] joint_vel=[47.50529576576284, 56.17549401754898, -111.04792930362736, -11.301178365691642, 0.0007841662186753396, 22.457915724374224] imu_ang_vel=[0.0, 0.2090058960291346, 0.0] imu_quat_wxyz=[0.999192979698004, 0.0, 0.040167017840811496, 0.0] status=0x0003
joint_pos=[14.947662234244717, -22.4837033588307, 26.278380287516423, -3.1966438342833587, 0.13559651803121814, 8.156410554564985] joint_vel=[50.26427449430689, 68.50123617160678, -107.75253285722486, -4.61903010553983, 0.02807925991612425, 37.73183388547646] imu_ang_vel=[0.0, 0.34019269878990716, 0.0] imu_quat_wxyz=[0.9990743556805772, 0.0, 0.043016645864588754, 0.0] status=0x0003
joint_pos=[15.867548906415482, -20.666616147486536, 24.13689169318124, -3.090030687802128, 0.09985996779582038, 8.632441804533999] joint_vel=[44.79572835902196, 102.00799703647478, -106.45101504385335, 10.024759697097913, -1.8658739065909227, 24.50151199463653] imu_ang_vel=[0.0, 0.5583271492424201, 0.0] imu_quat_wxyz=[0.9988621504094481, 0.0, 0.047690716910243104, 0.0] status=0x0003
joint_pos=[16.311962089263673, -17.5057412353013, 21.81954949886509, -2.1989342121041897, -1.1683661513255292, 9.831913477048314] joint_vel=[8.675005517933965, 189.32456279644168, -120.81317953277191, 64.52021246869397, -98.86138990375554, 75.52330009243923] imu_ang_vel=[0.0, 0.7303310003103886, 0.0] imu_quat_wxyz=[0.998515860397083, 0.0, 0.05446169787541649, 0.0] status=0x0003
joint_pos=[15.95723360443056, -14.152988012679183, 17.964702956991964, -0.41117634065286846, -4.697341551426873, 12.353821139808545] joint_vel=[-23.841598668026297, 111.17238720684257, -261.35040234213926, 100.25656893362849, -217.80982580063537, 142.0894681540472] imu_ang_vel=[0.0, 0.5150009757947075, 0.0] imu_quat_wxyz=[0.9981294145919022, 0.0, 0.06113650077021675, 0.0] status=0x0003
sim t=    3.02s  x= 0.529m z= 0.531m pitch= 7.33deg action=[-1.0, 0.986, 0.078, 1.0, -1.0, 0.09]
joint_pos=[15.137325773562498, -11.753776440276434, 12.835672165832111, 1.9557004801790026, -10.198072366448901, 14.800424428065307] joint_vel=[-50.73290846989494, 125.25409999270624, -255.70591879158457, 128.0545992006428, -305.80258213119436, 111.46917757457327] imu_ang_vel=[0.0, 0.13605719359932522, 0.0] imu_quat_wxyz=[0.9979625577574511, 0.0, 0.06380229865926462, 0.0] status=0x0003
joint_pos=[13.858328992803417, -9.218999574458653, 8.29941501445787, 4.703437400123599, -16.78518554525742, 16.35364809782634] joint_vel=[-71.44266099072854, 128.3135227487995, -213.20677952028285, 142.30799529088893, -341.23635700541786, 59.442614052482256] imu_ang_vel=[0.0, -0.13039956039146075, 0.0] imu_quat_wxyz=[0.9979877659322589, 0.0, 0.06340677447669686, 0.0] status=0x0003
joint_pos=[12.571172963996462, -7.256038541185507, 4.978521188176165, 7.515142108981293, -23.477511488084946, 16.884859699183735] joint_vel=[-60.54365974552898, 82.10133426646229, -142.3089668018941, 139.25462424089937, -329.9751149300551, 9.336876601138046] imu_ang_vel=[0.0, -0.261948152529402, 0.0] imu_quat_wxyz=[0.9981276079815355, 0.0, 0.06116598879326749, 0.0] status=0x0003
joint_pos=[11.42119630278232, -6.524977639358797, 3.1763138635627524, 9.73248495898183, -29.440925308673602, 16.192745890765774] joint_vel=[-55.83662207752807, 11.844839531137197, -62.88167080187653, 94.83829049962222, -280.10602850823653, -57.95525502298456] imu_ang_vel=[0.0, -0.5841432498735698, 0.0] imu_quat_wxyz=[0.99838580144512, 0.0, 0.05679605155981631, 0.0] status=0x0003
joint_pos=[10.44551049198608, -6.992021361563807, 2.2831915329483112, 11.089366872659541, -34.238727335124025, 14.268990343195615] joint_vel=[-44.79691610568227, -42.86779162146201, -35.05614357771777, 52.657368259164016, -217.50449522057187, -116.41871477182072] imu_ang_vel=[0.0, -0.8569436323858979, 0.0] imu_quat_wxyz=[0.9987915235006668, 0.0, 0.04914766101471227, 0.0] status=0x0003
joint_pos=[9.38454264919398, -8.026243416734674, 3.049798659388487, 11.61432727017172, -37.5534088909669, 12.61619779170455] joint_vel=[-53.957482194152206, -61.37020157377991, 57.494542575623484, 9.995659571179107, -136.2065240295441, -64.40740442207664] imu_ang_vel=[0.0, -0.9278630500257137, 0.0] imu_quat_wxyz=[0.9992091666814474, 0.0, 0.03976230903465459, 0.0] status=0x0003
joint_pos=[8.434584843343764, -9.226437725271925, 4.111690934210477, 11.687176548389655, -39.548066267560806, 11.992771555987233] joint_vel=[-43.97859374627862, -59.254691180863084, 53.11277785249751, 0.4685034026300677, -79.33571793988268, -13.271715499883602] imu_ang_vel=[0.0, -0.8838141857486739, 0.0] imu_quat_wxyz=[0.9995421309200399, 0.0, 0.030257701760477314, 0.0] status=0x0003
joint_pos=[7.628304557735076, -10.121104585111826, 5.03558234637049, 11.768015207343954, -40.62287783157252, 12.808262617786069] joint_vel=[-38.081703779663734, -37.074222304673796, 42.4893683938996, 6.026544271104795, -39.18300006058182, 69.70689016509836] imu_ang_vel=[0.0, -0.6166208973209341, 0.0] imu_quat_wxyz=[0.9997353468104336, 0.0, 0.023005137205024097, 0.0] status=0x0003
joint_pos=[7.074124701242679, -10.721464888041188, 5.811046707385328, 12.138032958653037, -41.05855414846568, 14.333019598856733] joint_vel=[-21.921628732968415, -26.314951048379687, 36.6601821112635, 25.35443314097783, -11.873842967518009, 79.70362453649355] imu_ang_vel=[0.0, -0.2748547076520525, 0.0] imu_quat_wxyz=[0.9998212091878003, 0.0, 0.01890898353283568, 0.0] status=0x0003
joint_pos=[6.800350860574877, -11.10170983458436, 6.467425817623989, 12.944420197038278, -41.191526958296265, 15.79521130449027] joint_vel=[-9.166588919457265, -15.08751716512405, 30.614747567609164, 48.524246853748615, -3.586597844679981, 69.53154493606695] imu_ang_vel=[0.0, 0.042327006987470085, 0.0] imu_quat_wxyz=[0.9998347947461125, 0.0, 0.01817644670993292, 0.0] status=0x0003
joint_pos=[6.709371084728452, -11.324899165693179, 7.051936558017392, 14.121663036544254, -41.225321894382034, 16.81046994374321] joint_vel=[-2.051453880032864, -9.040443408236166, 28.27586634414224, 64.49878127733136, -0.6193251993095839, 40.69059258981507] imu_ang_vel=[0.0, 0.25269967358059664, 0.0] imu_quat_wxyz=[0.9997997283690682, 0.0, 0.020012574875250964, 0.0] status=0x0003
joint_pos=[6.709094837484232, -11.460319176295677, 7.592037629824079, 15.518002370775651, -41.185888633363085, 17.25658615434705] joint_vel=[0.8859700929369988, -5.4565944883154645, 26.66667671323942, 72.59846780797832, 3.4611019326596715, 12.462489165862882] imu_ang_vel=[0.0, 0.36591604007305695, 0.0] imu_quat_wxyz=[0.9997279835059879, 0.0, 0.023322928526475592, 0.0] status=0x0003
joint_pos=[6.669828173592283, -11.559942095038565, 8.117006360410906, 16.90817600873497, -40.988571484956935, 17.189503705622514] joint_vel=[-3.6212623680126317, -4.70536225776543, 26.633913564308884, 67.75746789599893, 13.45200472803837, -11.794590327782089] imu_ang_vel=[0.0, 0.3424643609510746, 0.0] imu_quat_wxyz=[0.9996365282407496, 0.0, 0.02695944003092606, 0.0] status=0x0003
joint_pos=[6.494335318500026, -11.665672908812603, 8.645654252622375, 18.085824852031113, -40.47889047218536, 16.670208043678198] joint_vel=[-11.67578124041097, -5.619923752477918, 27.136140220455335, 53.951554290813775, 32.17739599935785, -33.49784634958202] imu_ang_vel=[0.0, 0.22318378123306162, 0.0] imu_quat_wxyz=[0.999558570292551, 0.0, 0.0297096710636676, 0.0] status=0x0003
joint_pos=[6.083578692172152, -11.727186429541753, 9.2673030045188, 18.904221846619663, -39.51274522591244, 15.803865082420502] joint_vel=[-23.44328183537646, -5.4707138140375475, 27.020673088744715, 32.3393710061989, 58.337297370824515, -48.55801391935782] imu_ang_vel=[0.0, 0.07634688837037319, 0.0] imu_quat_wxyz=[0.9995209657011558, 0.0, 0.03094897613538976, 0.0] status=0x0003
joint_pos=[5.451564466318577, -11.794836290891554, 9.747049294966507, 19.23789387802366, -37.96644204908382, 14.67284009764542] joint_vel=[-36.29117162103536, -2.011674187604391, 24.032201370405723, 8.174910512477135, 87.71391529676244, -60.745163855409835] imu_ang_vel=[0.0, -0.1536476529761988, 0.0] imu_quat_wxyz=[0.9995453810779562, 0.0, 0.03015014370982924, 0.0] status=0x0003
joint_pos=[4.558542532462923, -11.690304413265592, 10.23612175665112, 19.119252994497042, -35.82229246904775, 13.412018058165375] joint_vel=[-47.71948204375418, 6.680039571943556, 19.081603236060946, -14.766751416259725, 118.53810172761713, -64.2160094671691] imu_ang_vel=[0.0, -0.29122656061010016, 0.0] imu_quat_wxyz=[0.9996147056596165, 0.0, 0.027756805094213355, 0.0] status=0x0003
joint_pos=[3.4446748095121325, -11.379824277697216, 10.607172929031163, 18.568246239214588, -33.134041810298896, 12.080134706838004] joint_vel=[-58.725840882186915, 18.230167455300574, 13.037752473162485, -35.53270382426306, 143.54072527661577, -67.8116882688155] imu_ang_vel=[0.0, -0.3903912046798895, 0.0] imu_quat_wxyz=[0.9997059922217051, 0.0, 0.024247249658800898, 0.0] status=0x0003
joint_pos=[2.1456274085236084, -10.831787472660212, 10.854783089591551, 17.658114451579273, -30.052149817248424, 10.708061988152533] joint_vel=[-67.13589733522731, 30.526655574295546, 6.882491554493344, -51.87730916879749, 160.11696859086223, -68.97576319624739] imu_ang_vel=[0.0, -0.4422396889605437, 0.0] imu_quat_wxyz=[0.9997995212488433, 0.0, 0.020022919631856137, 0.0] status=0x0003
joint_pos=[0.7232204779196089, -10.07601556792993, 11.004889484428316, 16.465933332518716, -26.744109465898596, 9.340147902292324] joint_vel=[-72.10353347770943, 39.94229660693695, 2.538168173396953, -64.75845325257428, 168.4176321001365, -68.0417170953222] imu_ang_vel=[0.0, -0.4523015267750562, 0.0] imu_quat_wxyz=[0.999879060486836, 0.0, 0.015551990225118814, 0.0] status=0x0003
joint_pos=[-0.7254556305765172, -9.232713956036223, 11.117979364414285, 15.052538449458535, -23.355139891790223, 7.979298654349123] joint_vel=[-71.5236782497146, 41.729619208207666, 2.3487959113298427, -74.79893667559793, 170.0148069304872, -68.0034574978722] imu_ang_vel=[0.0, -0.4281330944387743, 0.0] imu_quat_wxyz=[0.9999372111398879, 0.0, 0.011205970631025547, 0.0] status=0x0003
joint_pos=[-2.066894109022893, -8.523181641680937, 11.327276526067672, 13.469239341373541, -20.025959580528294, 6.6420124338098026] joint_vel=[-63.425581961494004, 30.092628954711508, 9.496841623171658, -82.61641163105134, 164.51145335576885, -66.22802863349737] imu_ang_vel=[0.0, -0.3753300156510183, 0.0] imu_quat_wxyz=[0.999973330783081, 0.0, 0.007303267939138798, 0.0] status=0x0003
joint_pos=[-3.120887834797769, -8.26932321245445, 11.817879888564216, 11.765267777085477, -16.87938300661752, 5.442930160338352] joint_vel=[-45.316526738404775, 0.5140199816907779, 26.118892926070536, -88.0428047475446, 153.5594275042671, -56.597087262283296] imu_ang_vel=[0.0, -0.29175010043561816, 0.0] imu_quat_wxyz=[0.9999915444867317, 0.0, 0.004112293160866487, 0.0] status=0x0003
joint_pos=[-3.674563661732803, -8.844365568923934, 12.695306297433433, 9.965337577526315, -13.952478725201352, 4.621134009034084] joint_vel=[-17.85798371581908, -45.14458941630436, 53.35115590926783, -91.33903179549793, 142.0021280348942, -32.78236603573916] imu_ang_vel=[0.0, -0.1733744860428009, 0.0] imu_quat_wxyz=[0.9999982059836016, 0.0, 0.0018942094864323774, 0.0] status=0x0003
joint_pos=[-3.6062985632132207, -10.403089097086957, 14.25721337054361, 8.142269320528422, -11.163165366833796, 4.426999102604351] joint_vel=[17.211724943490804, -100.53443675967836, 83.6431510271624, -93.04736712492651, 138.3886070140523, 2.1299446684909777] imu_ang_vel=[0.0, 0.005970724966941423, 0.0] imu_quat_wxyz=[0.999999126428524, 0.0, 0.0013217950631505165, 0.0] status=0x0003
joint_pos=[-3.0874610125164414, -12.599424177233889, 16.339029400457388, 6.968025251094445, -9.622270642965935, 3.1961060795563503] joint_vel=[28.556792077235613, -106.10581210825035, 115.29899804859039, -38.14533847151855, 43.82096623820841, -92.21218784871805] imu_ang_vel=[0.0, -0.03432849074705435, 0.0] imu_quat_wxyz=[0.9999988177795228, 0.0, 0.0015376734232897425, 0.0] status=0x0003
joint_pos=[-2.256425743694685, -14.170417247527796, 19.292329448785082, 6.37255945615335, -8.72987568160977, 2.9788147773923677] joint_vel=[46.71674176615424, -62.99784624696616, 164.887879266773, -21.61348065311946, 40.98138825773938, 4.103563857442578] imu_ang_vel=[0.0, 0.3390047188768154, 0.0] imu_quat_wxyz=[0.9999942601956663, 0.0, 0.0033881522577968, 0.0] status=0x0003
joint_pos=[-0.9433898912674851, -15.707920888171625, 22.706327001909145, 6.1015434757803, -7.796518547807573, 2.984122313438025] joint_vel=[76.03682908175776, -84.18502971415454, 173.61759336027518, -9.318389841345477, 50.09880919052858, -1.6961721338199205] imu_ang_vel=[0.0, 0.6279111498373711, 0.0] imu_quat_wxyz=[0.9999624155226086, 0.0, 0.008669921694569118, 0.0] status=0x0003
joint_pos=[0.7112216847513104, -17.906070095357382, 26.01847767486015, 5.777457251589926, -6.671212163615388, 2.882269016096788] joint_vel=[86.29857899008668, -123.81594002106775, 161.10138001970583, -20.226877337577058, 60.05484490395592, -6.9978911636703955] imu_ang_vel=[0.0, 0.5996134021296105, 0.0] imu_quat_wxyz=[0.999886024765852, 0.0, 0.015097598416369724, 0.0] status=0x0003
joint_pos=[2.3757335559021127, -20.551099071957168, 29.07133732434786, 5.208254223745412, -5.352756814320272, 2.6847833765211617] joint_vel=[81.44256991470166, -136.587838013834, 147.9545933033708, -33.175080791065945, 69.67381081164316, -11.430921444100802] imu_ang_vel=[0.0, 0.4681020060990146, 0.0] imu_quat_wxyz=[0.9997941400318004, 0.0, 0.020289838788731182, 0.0] status=0x0003
joint_pos=[3.947728044560679, -23.163212119356864, 31.69449526832162, 4.475936894986372, -3.792401978914457, 2.371209463893107] joint_vel=[77.00999634433897, -126.98952643046708, 122.07351974661641, -38.67482519953788, 83.30707338073738, -17.979846860684518] imu_ang_vel=[0.0, 0.4599189215235614, 0.0] imu_quat_wxyz=[0.9996930141466756, 0.0, 0.024776550735217104, 0.0] status=0x0003
joint_pos=[5.402145389765639, -25.504280310234304, 33.797540086490805, 3.615206646688998, -1.904798466528412, 1.9106271284273066] joint_vel=[70.37603030535294, -111.3094421988847, 96.03841342819581, -45.59320703059188, 101.30777382724435, -26.017145593426704] imu_ang_vel=[0.0, 0.5062348572443237, 0.0] imu_quat_wxyz=[0.9995604115541585, 0.0, 0.029647658485639466, 0.0] status=0x0003
joint_pos=[6.760400106830631, -27.638325452432785, 35.484197998053176, 2.5852374104092712, 0.40495179055725045, 1.2631690931082917] joint_vel=[66.60530040279005, -103.94133764748824, 78.02165652583764, -54.956571600545956, 124.29305328161355, -36.26036642444782] imu_ang_vel=[0.0, 0.5609040445984936, 0.0] imu_quat_wxyz=[0.9993855676304205, 0.0, 0.03504978191119146, 0.0] status=0x0003
joint_pos=[7.806858899060746, -29.859181661763746, 36.868398653316135, 2.131036156285863, 0.7804847947432278, 1.5486535830788055] joint_vel=[46.992606894146085, -112.13285128245312, 64.37685927437037, -15.787348666279827, -8.008546725064965, 27.99773056453589] imu_ang_vel=[0.0, 0.13675350312000573, 0.0] imu_quat_wxyz=[0.9992670293622994, 0.0, 0.03828059599125216, 0.0] status=0x0003
joint_pos=[8.536547613244098, -31.430118328357036, 38.265569260992514, 1.845963469575801, 0.51658836376155, 2.1638639803035677] joint_vel=[31.073175682513966, -59.485499004182905, 72.797819384249, -14.471055143105247, -12.832558866929807, 31.04324793132085] imu_ang_vel=[0.0, 0.06990769843962832, 0.0] imu_quat_wxyz=[0.9992389212435449, 0.0, 0.03900741303953206, 0.0] status=0x0003
joint_pos=[9.116880755515895, -32.06536326032207, 39.47107900417629, 1.6085173349552278, 0.32711510453839626, 2.7428489149713204] joint_vel=[27.970818941154537, -16.21842005994873, 53.5655270964596, -10.455170632949999, -7.565261488457936, 28.10125224920819] imu_ang_vel=[0.0, 0.16163627493108262, 0.0] imu_quat_wxyz=[0.999191797451634, 0.0, 0.04019641657377923, 0.0] status=0x0003
joint_pos=[9.605124479854634, -32.06111102076397, 40.21050997665591, 1.3351046180400343, 0.22477298238798823, 3.289495468188101] joint_vel=[22.528012654600087, 9.184481550498987, 28.083131956522678, -15.42778012010565, -3.9433065637730937, 26.936255695231903] imu_ang_vel=[0.0, 0.15000844094443944, 0.0] imu_quat_wxyz=[0.9991224418925263, 0.0, 0.04188491502576226, 0.0] status=0x0003
joint_pos=[9.981064105360229, -31.68181749884472, 40.39545138259617, 0.9293862338556167, 0.17348640086097655, 3.8105820424301653] joint_vel=[16.769352910875917, 24.38495396912932, -0.3915225996908014, -23.00293270956464, -1.941050151203582, 25.905097396379787] imu_ang_vel=[0.0, 0.05108492123820056, 0.0] imu_quat_wxyz=[0.9990827215411653, 0.0, 0.042821904650521374, 0.0] status=0x0003
joint_pos=[10.28965813089507, -31.073798190885448, 40.06293523173168, 0.38481968007879014, 0.14927783023644156, 4.406139054996373] joint_vel=[13.791230413156182, 34.9838241409012, -25.469066481230705, -28.839932798579348, -0.966818844126208, 23.113477491841415] imu_ang_vel=[0.0, -0.05107665424638147, 0.0] imu_quat_wxyz=[0.9990875802232012, 0.0, 0.042708395471481864, 0.0] status=0x0003
joint_pos=[10.575609532929862, -30.26045236468563, 39.27304203454852, -0.22153950406039263, 0.1380446727827977, 4.87136322380056] joint_vel=[14.578735260979611, 43.81183840735682, -46.96068028321919, -31.20788488665441, -0.40220123668301516, 23.556353437690397] imu_ang_vel=[0.0, -0.1023730312705676, 0.0] imu_quat_wxyz=[0.9991249159586221, 0.0, 0.0418258569628439, 0.0] status=0x0003
joint_pos=[10.90993124847409, -29.296598024005235, 38.098039016711006, -0.8412674763732506, 0.13335640954410408, 5.344919670196507] joint_vel=[17.878238493104433, 50.60445350079141, -65.00086945738403, -30.946563052543144, -0.16813435005439048, 23.905578705729248] imu_ang_vel=[0.0, -0.10678464504238341, 0.0] imu_quat_wxyz=[0.9991698895723461, 0.0, 0.04073735106736387, 0.0] status=0x0003
joint_pos=[11.340821137002745, -28.25152176238168, 36.59449656897588, -1.4440905225232024, 0.13163137333133, 5.90147122257841] joint_vel=[22.62599780046691, 54.230667524488375, -80.69766330479487, -29.11682068604245, -0.10943193019118727, 22.099631467221958] imu_ang_vel=[0.0, -0.08447533665405133, 0.0] imu_quat_wxyz=[0.9992073611130812, 0.0, 0.039807656266510436, 0.0] status=0x0003
joint_pos=[11.876091679418685, -27.16516901377642, 34.8134984252175, -1.9922872358642427, 0.13164454074631377, 6.351307069477421] joint_vel=[28.99362059986242, 54.328393636162076, -93.43085412555553, -26.551549474509258, 0.0262757443703859, 22.941328777373915] imu_ang_vel=[0.0, -0.04160026233012642, 0.0] imu_quat_wxyz=[0.9992308615264432, 0.0, 0.039213331573866216, 0.0] status=0x0003
joint_pos=[12.556041925813913, -26.107523276189735, 32.82389653075282, -2.4829108332802434, 0.1337682245594713, 6.892795629774438] joint_vel=[35.70039987040534, 53.14653491120426, -102.76246420311783, -22.832285963825463, -0.009834746613780644, 21.6809847491336] imu_ang_vel=[0.0, 0.0183476893579895, 0.0] imu_quat_wxyz=[0.9992327215692299, 0.0, 0.03916590539423166, 0.0] status=0x0003
joint_pos=[13.362288207619681, -25.050632454349092, 30.679871347852227, -2.875916945257949, 0.13607604185720168, 7.3326076185314895] joint_vel=[42.78804862774639, 52.633017727322745, -109.46465632705254, -17.96843023146573, 0.13476066632367453, 22.56098864635972] imu_ang_vel=[0.0, 0.09982515102021472, 0.0] imu_quat_wxyz=[0.9992065566623225, 0.0, 0.03982784356483352, 0.0] status=0x0003
joint_pos=[14.28894903721739, -23.939399866367136, 28.45020331795269, -3.1605918676089577, 0.13873747392230795, 7.85655358771401] joint_vel=[47.409865185893295, 57.91763525904489, -112.53526370083311, -11.712134448849357, 0.06759293750608705, 22.10663215202614] imu_ang_vel=[0.0, 0.20674252121526726, 0.0] imu_quat_wxyz=[0.9991393372591325, 0.0, 0.041479931790945467, 0.0] status=0x0003
joint_pos=[15.26714459010827, -22.601383855302107, 26.20632103377382, -3.29140832771877, 0.13387494281228698, 8.38696477680761] joint_vel=[48.80876787371783, 72.65042931178016, -111.97707166302675, -3.2092681532416227, -0.37690107517029864, 22.68787044557896] imu_ang_vel=[0.0, 0.35368101423602477, 0.0] imu_quat_wxyz=[0.9990127104275702, 0.0, 0.04442526763182959, 0.0] status=0x0003
joint_pos=[16.170662747436243, -20.678039288982728, 23.99618895400869, -3.1884830473619523, 0.09534198196428882, 8.96096714295899] joint_vel=[42.383705840110615, 109.9178671041632, -109.66597950023923, 10.022298811670991, -2.2173064449539055, 26.4671459787899] imu_ang_vel=[0.0, 0.5791643328005536, 0.0] imu_quat_wxyz=[0.9987859117664539, 0.0, 0.04926157180656499, 0.0] status=0x0003
joint_pos=[16.54436664844884, -17.3197609704193, 21.573836293872297, -2.215584184900162, -1.335599868493789, 10.25476191800017] joint_vel=[6.394512750970713, 199.17617448004552, -127.01113679082327, 69.00809591114238, -108.12482753449852, 91.95308577115962] imu_ang_vel=[0.0, 0.7503890356208158, 0.0] imu_quat_wxyz=[0.9984198064662122, 0.0, 0.05619510704653409, 0.0] status=0x0003
joint_pos=[16.082509334006314, -13.757497931969851, 17.541093890238024, -0.278838557489664, -5.153231195602178, 12.715965781574107] joint_vel=[-29.605475274533863, 121.8637643896909, -271.3592341424535, 107.96429794253275, -232.1120355414998, 136.08643898244014] imu_ang_vel=[0.0, 0.5133935083113934, 0.0] imu_quat_wxyz=[0.9980130410290922, 0.0, 0.06300769743343788, 0.0] status=0x0003
sim t=    4.02s  x= 0.725m z= 0.531m pitch= 7.55deg action=[-1.0, 0.965, 0.135, 1.0, -1.0, 0.068]
joint_pos=[15.154420168632381, -11.191432124681688, 12.359647779621769, 2.2257439276675828, -10.890716986731112, 15.015799171687053] joint_vel=[-55.91296507851403, 132.3151301337581, -254.42325527975908, 134.47318039827067, -316.22842370814686, 103.42682595299068] imu_ang_vel=[0.0, 0.13956893558352346, 0.0] imu_quat_wxyz=[0.997839435337616, 0.0, 0.06569978146925443, 0.0] status=0x0003
joint_pos=[13.803352544645287, -8.585559655560195, 7.918515309177177, 5.0896672739234425, -17.650009933996515, 16.432071173119557] joint_vel=[-74.15683377267224, 129.9039679114514, -206.61693096464904, 147.75701416798717, -348.8012088251839, 53.24535838054422] imu_ang_vel=[0.0, -0.1263138847153265, 0.0] imu_quat_wxyz=[0.9978626851973551, 0.0, 0.06534570751567538, 0.0] status=0x0003
joint_pos=[12.451767899747844, -6.675687423760244, 4.670716242481986, 7.896600320817068, -24.39278374662917, 16.86895702425137] joint_vel=[-64.01225081339739, 76.98308801211732, -140.22658510011286, 135.86759335422542, -329.7782519051562, 5.431009971917958] imu_ang_vel=[0.0, -0.3238949572413873, 0.0] imu_quat_wxyz=[0.9980255621996371, 0.0, 0.0628090534564745, 0.0] status=0x0003
joint_pos=[11.251803513578958, -6.0879963356315505, 2.837734729146346, 9.991669614964186, -30.242205766119962, 16.050998331406998] joint_vel=[-57.77613830139843, 3.4702522844384442, -66.48083727062915, 87.23118144697078, -271.45381568442457, -65.50577343670483] imu_ang_vel=[0.0, -0.6780063232758679, 0.0] imu_quat_wxyz=[0.998341892864241, 0.0, 0.05756270452510196, 0.0] status=0x0003
joint_pos=[10.236448933684109, -6.708119421175028, 1.853554576592659, 11.169843754208372, -34.79517106265822, 14.049661894996483] joint_vel=[-46.77241207614413, -50.1845432743731, -40.137946101902266, 43.00543169072436, -203.32748620097757, -118.32613614199343] imu_ang_vel=[0.0, -0.9471904745235112, 0.0] imu_quat_wxyz=[0.9987999493212781, 0.0, 0.04897612924488978, 0.0] status=0x0003
joint_pos=[9.146332801841588, -7.8967481132919675, 2.952604269579845, 11.53020103223424, -37.734271396300734, 12.37516702313455] joint_vel=[-56.54322702665329, -63.70081224240844, 61.26735376512928, 2.5239163828503086, -120.09313909757097, -64.75355939531198] imu_ang_vel=[0.0, -1.026506553746784, 0.0] imu_quat_wxyz=[0.9992386763471369, 0.0, 0.039013685957902666, 0.0] status=0x0003
joint_pos=[8.187096005547803, -9.096740165103384, 4.10315553124493, 11.533666991614375, -39.43531224160411, 11.764419103223423] joint_vel=[-42.98150391507504, -58.26480170135825, 56.553088094161744, -0.9683437195553358, -65.35334750175359, -12.12334804077504] imu_ang_vel=[0.0, -0.8427390103705139, 0.0] imu_quat_wxyz=[0.9995634260854447, 0.0, 0.02954584966332468, 0.0] status=0x0003
