Log file: /home/cx/robot_deploy/log_sim2sim/2026-08-31_14-34-53.txt
Loaded ONNX policy: /home/cx/mjlab-recovered/logs/rsl_rl/custom_biped_velocity_nolinvel/2026-07-30_23-56-50/2026-07-30_23-56-50.onnx
  input=obs[1,65] output=actions[1,6]
  velocity_command=[0.3, 0.0, 0.0]
  startup=move 0s + hold 0s
MuJoCo sim2sim started
  robot=/home/cx/mjlab-recovered/src/mjlab/asset_zoo/robots/custom_biped/mjcf/biped.xml
  physics=200 Hz, policy=50 Hz
  command=[0.3, 0.0, 0.0]
  press R in the viewer to reset; close the viewer or press Ctrl+C to stop
joint_pos=[10.0, -20.0, 10.0, 10.0, -20.0, 10.0] joint_vel=[0.0, 0.0, 0.0, 0.0, 0.0, 0.0] imu_ang_vel=[0.0, 0.0, 0.0] imu_quat_wxyz=[1.0, 0.0, 0.0, 0.0] status=0x0003
ONNX startup: moving from measured joint positions to [10.0, -20.0, 10.0, 10.0, -20.0, 10.0] deg over 0 s.
ONNX startup: move command complete; waiting for measured joints to enter +/-2 deg.
ONNX startup: measured joints reached the default pose; holding before inference.
ONNX startup complete: history, last_action and gait phase reset; actor inference started.
sim t=    0.02s  x= 0.000m z= 0.521m pitch=-0.34deg action=[-0.759, 1.0, 0.995, 0.143, 0.231, 0.319]
joint_pos=[9.370411495984888, -19.579540396365232, 10.93738142656274, 9.50928438364496, -19.861495229360052, 10.431124937814893] joint_vel=[-37.97047336524091, -6.64238932875265, 35.45374021990337, -44.86350491166308, 8.138326121125974, 26.748596933896717] imu_ang_vel=[0.0, -0.42659195491256274, 0.0] imu_quat_wxyz=[0.9999987901476043, 0.0, -0.0015555395615583663, 0.0] status=0x0003
joint_pos=[9.29849231282947, -19.905245288565396, 11.659454092269575, 9.23853960629133, -19.633604270071196, 9.995591265830598] joint_vel=[15.304680342394418, -21.86967384616103, 36.33700057920164, 2.7784847609308283, 12.905487511767513, -47.924482773582426] imu_ang_vel=[0.0, 0.046348272528392076, 0.0] imu_quat_wxyz=[0.9999919803760657, 0.0, -0.004004894949210801, 0.0] status=0x0003
joint_pos=[9.421081259288304, -20.48237859462389, 12.763004632333631, 9.26437413905915, -19.915453239078687, 10.197151648379654] joint_vel=[1.1059056356855903, -32.84858174954118, 65.68859656453775, 0.6106479939915355, -28.759669558045626, 41.123221375325485] imu_ang_vel=[0.0, 0.03481308228259091, 0.0] imu_quat_wxyz=[0.9999962597347472, 0.0, -0.0027350532930989525, 0.0] status=0x0003
joint_pos=[9.70377441365355, -20.95755537220545, 13.432428829707566, 9.792824617134457, -20.87582389118657, 10.772795000107841] joint_vel=[21.262296487428927, -19.10429098650954, 16.29617000009765, 40.53543450209477, -58.453950654835786, 22.123844488228603] imu_ang_vel=[0.0, 0.2727486406965879, 0.0] imu_quat_wxyz=[0.9999989910094306, 0.0, -0.001420556271629559, 0.0] status=0x0003
joint_pos=[10.047103223717675, -21.178735687833548, 13.343206337664657, 10.79490790945564, -22.51999019906391, 12.262248097855446] joint_vel=[14.832312920674882, -6.870877294129394, -15.684952101796116, 55.30710177786258, -95.01244981932297, 102.35150177810695] imu_ang_vel=[0.0, 0.3293519612459048, 0.0] imu_quat_wxyz=[0.9999979841488211, 0.0, 0.0020079089356953815, 0.0] status=0x0003
joint_pos=[10.377955858768868, -21.238485710949377, 12.810779473454373, 12.08465828403156, -24.50056979882602, 13.835433135642011] joint_vel=[17.419949815269252, -1.011807353091169, -32.59635187243033, 69.50893789319974, -101.01969723216705, 65.91391830652577] imu_ang_vel=[0.0, 0.3947295075434474, 0.0] imu_quat_wxyz=[0.9999843765304004, 0.0, 0.005589874337259475, 0.0] status=0x0003
joint_pos=[10.832998157885422, -21.286030334108926, 12.088346023049965, 13.748580868373505, -26.812009452881107, 14.807793985656815] joint_vel=[25.565028119845362, -3.141673354639682, -38.282369768880066, 90.60110052091768, -123.30267948062283, 39.30237435513521] imu_ang_vel=[0.0, 0.522544423596608, 0.0] imu_quat_wxyz=[0.9999470155671114, 0.0, 0.010293981660512442, 0.0] status=0x0003
joint_pos=[11.255624989550219, -21.50201360545953, 12.270269111718543, 15.609090642557515, -29.385553614283886, 15.283762565011843] joint_vel=[18.504336443813436, -13.425226560583681, 26.587956860708136, 94.33872082173157, -131.93794491334384, 15.534867874107787] imu_ang_vel=[0.0, 0.5331359623391638, 0.0] imu_quat_wxyz=[0.999876663032559, 0.0, 0.01570537242075497, 0.0] status=0x0003
joint_pos=[11.61744050111464, -21.68357935497949, 12.745527463342059, 17.56539436292925, -31.977246058820818, 15.317916200152155] joint_vel=[17.703485420309114, -6.634743746796477, 23.413841018712738, 99.7175581910667, -127.92158862898133, -5.343694204915938] imu_ang_vel=[0.0, 0.5803462035441318, 0.0] imu_quat_wxyz=[0.9997752350573051, 0.0, 0.02120092842566769, 0.0] status=0x0003
joint_pos=[11.713073285005104, -21.615218511386157, 13.138135104506857, 19.37330074845393, -34.356988131537264, 15.21804298703643] joint_vel=[-2.2391437282578655, 9.08387070528129, 18.1096742998794, 85.46295931235221, -113.77012045942818, -4.764501141753797] imu_ang_vel=[0.0, 0.4759409152632541, 0.0] imu_quat_wxyz=[0.9996474357230517, 0.0, 0.02655191617053738, 0.0] status=0x0003
joint_pos=[11.429777887781922, -21.097522668675825, 13.339656733933266, 20.90421451700485, -36.233407551156176, 14.968379889665973] joint_vel=[-20.876447886430096, 35.586816899398464, 6.35461930663469, 71.80873005011642, -82.56590189637056, -16.541316048962585] imu_ang_vel=[0.0, 0.39744211227386017, 0.0] imu_quat_wxyz=[0.9995274094692946, 0.0, 0.030740164599444987, 0.0] status=0x0003
joint_pos=[10.761655847060844, -20.18111269164386, 13.366532521670209, 22.107192049741222, -37.54813199795822, 14.520884762048393] joint_vel=[-40.47745023719723, 51.85986665941473, -0.7691692445063427, 53.859464584765696, -56.26634780077449, -25.428033810165548] imu_ang_vel=[0.0, 0.24910649139923402, 0.0] imu_quat_wxyz=[0.9994252327610338, 0.0, 0.033899913282388484, 0.0] status=0x0003
joint_pos=[9.725677156508969, -19.001798152300275, 13.379730249483012, 22.926735106507806, -38.245024592611216, 13.876976119378142] joint_vel=[-55.9611467867681, 59.10856994843746, -5.922748150535767, 32.501214106897635, -22.07470619686125, -35.77424695832349] imu_ang_vel=[0.0, 0.058395479986908194, 0.0] imu_quat_wxyz=[0.9993761407166096, 0.0, 0.03531755040168156, 0.0] status=0x0003
joint_pos=[8.424964305277625, -17.720351505594724, 13.30533779701179, 23.28134083013954, -38.155730308618935, 13.039995468018208] joint_vel=[-72.44529224261953, 71.59645210310072, 6.437533130036257, 11.349401298775799, 18.290418137440764, -44.96467697973196] imu_ang_vel=[0.0, -0.12081084752857486, 0.0] imu_quat_wxyz=[0.999395902288648, 0.0, 0.034753855738018605, 0.0] status=0x0003
joint_pos=[6.942211067299376, -16.39658369204021, 13.112013948938591, 23.15320085180342, -37.19609500700045, 11.995030101722415] joint_vel=[-77.32476672725377, 67.79113931465973, -10.224526503285364, -14.611319107077724, 63.65472322308573, -56.013981085774304] imu_ang_vel=[0.0, -0.2571927163663237, 0.0] imu_quat_wxyz=[0.9994639563993712, 0.0, 0.032738354548077726, 0.0] status=0x0003
joint_pos=[5.236066175913516, -14.917367769847688, 12.9920710886064, 22.56683852346081, -35.432438173185986, 10.845415276740894] joint_vel=[-90.29410229262405, 78.900012881604, -1.415622230614425, -36.93434821449593, 101.51293555017601, -58.166560146240755] imu_ang_vel=[0.0, -0.3791008726067767, 0.0] imu_quat_wxyz=[0.9995656921002305, 0.0, 0.029469088485857574, 0.0] status=0x0003
joint_pos=[3.428243216677835, -13.387028415489093, 12.77803600904888, 21.56541966114925, -32.98094822239068, 9.585086374406146] joint_vel=[-93.64981809514092, 81.61704758801392, -2.78529348802902, -54.908284217630104, 132.96064030178576, -65.48393636534044] imu_ang_vel=[0.0, -0.43013855615804697, 0.0] imu_quat_wxyz=[0.999678749312806, 0.0, 0.025345575005986002, 0.0] status=0x0003
joint_pos=[1.5545476687545468, -11.778960374520267, 12.537627667018505, 20.231039070709578, -30.028976160121985, 8.29396446102362] joint_vel=[-94.22698150682854, 81.07610116634658, -15.274403240569596, -72.85019502658675, 155.3704789991817, -63.97903165673848] imu_ang_vel=[0.0, -0.4221058224740244, 0.0] imu_quat_wxyz=[0.99977823410726, 0.0, 0.021059026695668493, 0.0] status=0x0003
joint_pos=[-0.35724860238983, -10.102294612770907, 12.273103744819787, 18.612823511221283, -26.772168115642977, 7.002147914610916] joint_vel=[-95.59010172441448, 84.19634279152075, -15.799445748144974, -85.98684242044537, 167.10336670390134, -64.86614157467496] imu_ang_vel=[0.0, -0.41096067578573764, 0.0] imu_quat_wxyz=[0.9998597807372557, 0.0, 0.016745711810696343, 0.0] status=0x0003
joint_pos=[-2.2103815208335, -8.468284922225909, 12.036228336170403, 16.783578738568977, -23.38849564104944, 5.73325793047581] joint_vel=[-90.28215758655467, 79.22411762211195, -13.593748374192964, -95.17087445689897, 170.346880598074, -62.64128260961353] imu_ang_vel=[0.0, -0.3785692290774066, 0.0] imu_quat_wxyz=[0.99991838975446, 0.0, 0.012775516852472154, 0.0] status=0x0003
joint_pos=[-3.860769262456196, -7.144286388272913, 11.998622080300366, 14.79214595171854, -20.05581298618148, 4.650536860031474] joint_vel=[-77.23105101572753, 57.42760606241115, -0.46458612487052603, -103.00029036231349, 164.64637527981535, -49.56814215108945] imu_ang_vel=[0.0, -0.31539199467131274, 0.0] imu_quat_wxyz=[0.9999554920952991, 0.0, 0.009434714009882677, 0.0] status=0x0003
joint_pos=[-5.065713477609923, -6.560008770273739, 12.401030317752975, 12.71015600707757, -16.94285632477184, 3.956329556871596] joint_vel=[-49.60416381755471, 11.308846139409113, 25.474703914807645, -106.10981032180996, 150.87906729648665, -26.780937927980283] imu_ang_vel=[0.0, -0.20507578175643898, 0.0] imu_quat_wxyz=[0.9999755464589196, 0.0, 0.006993317108862474, 0.0] status=0x0003
joint_pos=[-5.5727870610668715, -7.103358362745099, 13.372060688336493, 10.604223940917413, -14.09232996732483, 3.856711833107436] joint_vel=[-11.89552290320723, -48.66171736509576, 60.79385608763174, -105.16361251358403, 137.61823395219238, 6.207152717095885] imu_ang_vel=[0.0, -0.02374269824485432, 0.0] imu_quat_wxyz=[0.9999819256424827, 0.0, 0.006012352979674092, 0.0] status=0x0003
joint_pos=[-5.254424999852223, -8.913112834293564, 15.082292500993587, 8.520089486574266, -11.308150066620811, 4.4545941188692675] joint_vel=[31.35440751186065, -113.99225644092856, 98.90363372679013, -103.90354344960818, 139.77320157575375, 42.52134497352905] imu_ang_vel=[0.0, 0.22499158100303096, 0.0] imu_quat_wxyz=[0.9999735937691192, 0.0, 0.0072671703208709425, 0.0] status=0x0003
joint_pos=[-4.40278598117766, -11.58163977825952, 17.488575396691097, 7.303417627356695, -9.682401749071298, 3.641635367690662] joint_vel=[47.39581748075281, -136.60862000520157, 131.74267271483816, -38.06277418903587, 50.39622094420154, -78.11311463174425] imu_ang_vel=[0.0, 0.11372547933089679, 0.0] imu_quat_wxyz=[0.9999554857442547, 0.0, 0.009435387112967113, 0.0] status=0x0003
joint_pos=[-3.146900835457233, -13.877898726442009, 20.6942267105505, 6.7339765157560985, -8.719667651240098, 3.70436839576036] joint_vel=[68.986922459253, -103.59872899674227, 175.92575398907974, -21.56284678092941, 49.74076103442015, 4.480152565671864] imu_ang_vel=[0.0, 0.48703583478873197, 0.0] imu_quat_wxyz=[0.9999188568126034, 0.0, 0.012738908531599345, 0.0] status=0x0003
joint_pos=[-1.466274626161531, -16.10806260484682, 24.288042871828978, 6.454610815696123, -7.657439310570355, 3.7454158670173436] joint_vel=[92.26245970293408, -115.43154075103318, 181.51738408753127, -9.984542015969945, 55.323141093466376, 0.7928409068197871] imu_ang_vel=[0.0, 0.7514620607153264, 0.0] imu_quat_wxyz=[0.9998121195149098, 0.0, 0.019383644422650552, 0.0] status=0x0003
joint_pos=[0.49738563936053176, -18.835657057368874, 27.675265246420828, 6.134161656108998, -6.436028377835839, 3.6951972642090793] joint_vel=[101.32286244527755, -147.56544836388184, 162.64493535989996, -19.58560140579338, 64.67120091270087, -4.2933529031851405] imu_ang_vel=[0.0, 0.7314038109999103, 0.0] imu_quat_wxyz=[0.9996340831958805, 0.0, 0.027049948486669518, 0.0] status=0x0003
joint_pos=[2.4162915374994753, -21.838089411963196, 30.706035763068904, 5.53914488977168, -4.982176743863844, 3.5326844569074156] joint_vel=[92.93144311406027, -151.17000259659852, 145.4547928884829, -35.54880546219953, 77.70828434443338, -10.177701088117844] imu_ang_vel=[0.0, 0.5919561438825837, 0.0] imu_quat_wxyz=[0.9994373500614061, 0.0, 0.03354077074597974, 0.0] status=0x0003
joint_pos=[4.211806936676723, -24.720706503346474, 33.29702778793046, 4.709032763906552, -3.1948783285764386, 3.213184571054648] joint_vel=[88.05392434702456, -139.89887666282814, 120.9537167323266, -45.0005442755571, 96.59678107385241, -19.15154144322076] imu_ang_vel=[0.0, 0.565364619748557, 0.0] imu_quat_wxyz=[0.9992332381010136, 0.0, 0.039152724990262316, 0.0] status=0x0003
joint_pos=[5.895186076589864, -27.30726187797499, 35.42431481116164, 3.675350526911456, -0.9640957748719922, 2.692625161268438] joint_vel=[82.0974420557723, -123.21149748545629, 98.5081081256847, -55.58864507629532, 120.7618803518973, -30.064567074402504] imu_ang_vel=[0.0, 0.6021199507180345, 0.0] imu_quat_wxyz=[0.998986766412879, 0.0, 0.04500489453314908, 0.0] status=0x0003
joint_pos=[7.412395407100743, -29.76774359892571, 37.20478098544614, 2.737301497532995, 0.8052687385457451, 2.400686577107325] joint_vel=[67.67956535799676, -125.98160647578456, 83.85784044482565, -27.380001616000627, 25.60530845221931, 15.737993828884871] imu_ang_vel=[0.0, 0.40909540546438183, 0.0] imu_quat_wxyz=[0.9987118006209419, 0.0, 0.050741889011703394, 0.0] status=0x0003
joint_pos=[8.534585989504333, -31.953546975060682, 38.8174720122971, 2.325528667810088, 0.6658985564967597, 3.0434401356557106] joint_vel=[50.70712877402567, -98.88298099780741, 78.87056373463801, -20.751025785630265, -13.723419197635291, 35.98559186405112] imu_ang_vel=[0.0, 0.06955165777143825, 0.0] imu_quat_wxyz=[0.9986317685321867, 0.0, 0.05229331580878256, 0.0] status=0x0003
joint_pos=[9.420273666946052, -33.23646662208375, 40.34514183397031, 1.931264427448985, 0.423598848300283, 3.7497855380519565] joint_vel=[40.92139087581105, -44.595395846595196, 75.04996244747196, -19.443074690665387, -10.300421128115262, 34.77751479896124] imu_ang_vel=[0.0, 0.08341817260617741, 0.0] imu_quat_wxyz=[0.9985999756115623, 0.0, 0.05289696313198918, 0.0] status=0x0003
joint_pos=[10.166020749873608, -33.61893884759839, 41.60490957268773, 1.522857891174544, 0.27911285272831615, 4.4239693215759255] joint_vel=[35.37528222632284, -5.053273637985226, 56.51777769059386, -20.947364658804748, -5.652991728666539, 33.23022931906235] imu_ang_vel=[0.0, 0.11830067219863573, 0.0] imu_quat_wxyz=[0.9985416067703005, 0.0, 0.05398758698614479, 0.0] status=0x0003
joint_pos=[10.827458896798547, -33.46603452001293, 42.342458330416825, 1.0192912852232199, 0.20501051501487283, 5.164819750023863] joint_vel=[30.818440039972785, 16.27049456976432, 26.132777966603424, -26.653148701999527, -2.968322109256332, 29.850245864106032] imu_ang_vel=[0.0, 0.06649046255789572, 0.0] imu_quat_wxyz=[0.9984893422347098, 0.0, 0.05494573180599768, 0.0] status=0x0003
joint_pos=[11.416880986680832, -33.048136411393514, 42.49287091642721, 0.38442995000419994, 0.16909035239724352, 5.75497564646604] joint_vel=[28.72826758445374, 23.4657307228767, -2.0010365438476363, -34.638578798737946, -1.3111207543290264, 29.793303167985123] imu_ang_vel=[0.0, -0.04561841129087326, 0.0] imu_quat_wxyz=[0.9984892113755208, 0.0, 0.0549481097644906, 0.0] status=0x0003
joint_pos=[12.001187095714673, -32.535547097820086, 42.132124278748144, -0.37594410520901916, 0.1534436661514391, 6.349101207591246] joint_vel=[29.458415297603214, 26.849718430806078, -26.59982602722376, -39.99451387680909, -0.5675363531734838, 29.97518063879776] imu_ang_vel=[0.0, -0.1397451274073226, 0.0] imu_quat_wxyz=[0.9985476411544034, 0.0, 0.05387586050335315, 0.0] status=0x0003
joint_pos=[12.638391686567934, -31.945343610917252, 41.3202002342777, -1.1984599484945782, 0.14695766773051094, 7.019508013835448] joint_vel=[32.307754077818075, 32.07838253069122, -48.185402481763596, -41.24363681629398, -0.27699767886401405, 28.342899134028922] imu_ang_vel=[0.0, -0.17699298449514378, 0.0] imu_quat_wxyz=[0.9986362497884116, 0.0, 0.05220766810093398, 0.0] status=0x0003
joint_pos=[13.359399910402601, -31.260069730446627, 40.11158486762686, -2.0137995471655583, 0.14654598542115452, 7.67917881029742] joint_vel=[39.337967693567386, 33.90569723322254, -66.71155363063518, -41.4270872413732, 0.25393218704667203, 46.16447691778421] imu_ang_vel=[0.0, -0.16230469997565447, 0.0] imu_quat_wxyz=[0.9987245943157876, 0.0, 0.05048945146033344, 0.0] status=0x0003
joint_pos=[14.207620121755655, -30.519497265003725, 38.577449825527026, -2.7635793489201945, 0.1465166850114247, 8.238381201828759] joint_vel=[45.29007133721717, 37.13520387897085, -81.76362566320454, -36.22074292444704, 0.07953723488876234, 28.021421326906815] imu_ang_vel=[0.0, -0.107017684749007, 0.0] imu_quat_wxyz=[0.9987894847625907, 0.0, 0.0491890752879008, 0.0] status=0x0003
joint_pos=[15.206529229266327, -29.772268032662744, 36.79397495064859, -3.450644411359079, 0.14963304028933547, 8.877703580733217] joint_vel=[51.54667814259227, 38.455310221466064, -93.16147950048486, -32.872967108655594, 0.05594349509466301, 27.86518807398516] imu_ang_vel=[0.0, -0.04333026300697952, 0.0] imu_quat_wxyz=[0.9988220706772665, 0.0, 0.04852289282367367, 0.0] status=0x0003
joint_pos=[16.331466915853035, -28.985138876489636, 34.841550489039456, -4.0496110138026875, 0.15287099756039793, 9.51763126667253] joint_vel=[57.97632459288542, 40.71722048731095, -99.99958652378983, -28.02717719118178, 0.026180202710943307, 29.397353316655458] imu_ang_vel=[0.0, 0.046546796014348135, 0.0] imu_quat_wxyz=[0.9988180816355587, 0.0, 0.048604935941345316, 0.0] status=0x0003
joint_pos=[17.58472862742796, -28.120044573603, 32.781054801889084, -4.521377944282117, 0.15629309046053197, 10.154647554728822] joint_vel=[64.54882387539865, 45.309581135572834, -104.59746910683087, -20.949317455570178, 0.06988317639878175, 29.650104762220444] imu_ang_vel=[0.0, 0.17139076933285335, 0.0] imu_quat_wxyz=[0.9987595326465638, 0.0, 0.04979353319074022, 0.0] status=0x0003
joint_pos=[18.938294967550707, -27.06251478528475, 30.65285073019589, -4.824892535049086, 0.1590013356389049, 10.801935399449015] joint_vel=[68.7589469600475, 57.60688874515876, -107.31181607493127, -11.792918891926973, 0.03560703287639606, 30.6254058637268] imu_ang_vel=[0.0, 0.3374802120789194, 0.0] imu_quat_wxyz=[0.9986217698588694, 0.0, 0.052483909571785024, 0.0] status=0x0003
joint_pos=[20.30841072285904, -25.58598930889719, 28.526020329587247, -4.908711864507995, 0.1425139004894026, 11.482776538359035] joint_vel=[67.56212076087846, 83.27933034404212, -105.74289787298511, 0.03531576693840367, -0.9793796890625892, 31.97103189108868] imu_ang_vel=[0.0, 0.5496265754541464, 0.0] imu_quat_wxyz=[0.9983667870931843, 0.0, 0.05712931322213264, 0.0] status=0x0003
joint_pos=[21.483346834197217, -23.040792086079957, 26.362293533529126, -4.5949402757888205, -0.022284718868284707, 12.33610369376401] joint_vel=[54.10520554855457, 151.36725494953808, -109.33202738097877, 24.12855321086129, -11.311573541844135, 50.30072788780837] imu_ang_vel=[0.0, 0.8915387878538144, 0.0] imu_quat_wxyz=[0.9979102475484536, 0.0, 0.06461530652859417, 0.0] status=0x0003
joint_pos=[21.66303794964043, -18.458518771951866, 23.82285248976884, -3.4672547533179063, -1.8062475297549472, 14.040454657864345] joint_vel=[-14.47136813265339, 270.85847291796364, -136.17657564064078, 73.04547715039946, -129.73889796001845, 112.93662503357746] imu_ang_vel=[0.0, 0.9140470321654328, 0.0] imu_quat_wxyz=[0.9972520183993134, 0.0, 0.07408381603626676, 0.0] status=0x0003
joint_pos=[21.272193358620772, -16.220117948950822, 18.01829656777446, -1.5476528416332458, -5.869637708280292, 16.184939680452533] joint_vel=[-28.408339888145175, 117.84786259259826, -310.2440607265219, 108.76095406737535, -243.92602610831946, 105.1356948611372] imu_ang_vel=[0.0, 0.4896421954631347, 0.0] imu_quat_wxyz=[0.9967255191753176, 0.0, 0.08085938056090743, 0.0] status=0x0003
joint_pos=[20.37964012282711, -13.888152325928013, 12.591792231539479, 1.002148654113056, -11.809512778346651, 17.493901912065926] joint_vel=[-53.548048984123504, 115.89594928683788, -252.9334481634457, 137.4954616908098, -325.36638841966, 43.973048991544495] imu_ang_vel=[0.0, 0.10533921127468363, 0.0] imu_quat_wxyz=[0.9965253691567656, 0.0, 0.08328978705082725, 0.0] status=0x0003
sim t=    1.02s  x= 0.218m z= 0.528m pitch= 9.38deg action=[-1.0, 1.0, 0.653, 1.0, -0.733, -0.147]
joint_pos=[19.08571107054504, -11.680172139007235, 8.374646061325107, 3.9295914116677113, -18.673575265951943, 17.80643789492721] joint_vel=[-70.98519056335448, 107.96201451174556, -190.19384660536517, 151.02858087757156, -351.82829369398706, 0.7576624638705073] imu_ang_vel=[0.0, -0.18823781736880213, 0.0] imu_quat_wxyz=[0.9965975699278817, 0.0, 0.08242137837867632, 0.0] status=0x0003
joint_pos=[17.550186116386186, -9.761560185581798, 5.377326324626076, 6.8191982694733895, -25.36226862373024, 17.754799619525933] joint_vel=[-80.19930038529267, 90.1677804974275, -129.36153686554394, 140.75064803033342, -323.7951619215225, -4.261057325391183] imu_ang_vel=[0.0, -0.40852402755687334, 0.0] imu_quat_wxyz=[0.9968655952416963, 0.0, 0.07911374737312499, 0.0] status=0x0003
joint_pos=[15.899286601051667, -8.688751684478186, 3.7510968007412244, 9.090781170205524, -31.15398347781832, 17.085307900475577] joint_vel=[-83.9308908461791, 33.959710941455405, -56.159675632574825, 98.35479773546655, -270.1554785197515, -48.9383284087145] imu_ang_vel=[0.0, -0.7860300898601904, 0.0] imu_quat_wxyz=[0.9973395471240598, 0.0, 0.07289600635408804, 0.0] status=0x0003
joint_pos=[14.241375578659062, -8.577937195424209, 3.11637658328069, 10.537389931481338, -35.72209546550758, 15.664073081494045] joint_vel=[-82.38819300103629, -9.820669331578454, -18.885701841915374, 57.80600403024307, -205.0220675736544, -82.69724901522326] imu_ang_vel=[0.0, -1.1094994909499798, 0.0] imu_quat_wxyz=[0.998018095721095, 0.0, 0.0629275822929757, 0.0] status=0x0003
joint_pos=[12.600059852434864, -9.049629242704007, 3.0055966063351125, 11.225861202968545, -38.87275408600377, 14.367653403685265] joint_vel=[-81.76423853945147, -31.157795880266654, 1.3238657051162375, 21.434984939221952, -131.0693009130198, -55.07196570938792] imu_ang_vel=[0.0, -1.2655298246571245, 0.0] imu_quat_wxyz=[0.9987123971233299, 0.0, 0.050730147172781646, 0.0] status=0x0003
joint_pos=[11.068295519695198, -9.679515175128524, 3.0180817140027494, 11.418309110327769, -40.5468092429335, 13.784069115274148] joint_vel=[-73.40109878932638, -31.881834848873837, 0.25542686396338327, 3.2077817405605322, -57.24563401977089, -15.197927367202206] imu_ang_vel=[0.0, -1.1648239848751778, 0.0] imu_quat_wxyz=[0.9992596132114121, 0.0, 0.038473697568327775, 0.0] status=0x0003
joint_pos=[9.70563237286554, -10.20886941611976, 3.6505481315168606, 11.52222174132028, -41.03135908779783, 13.853399681819305] joint_vel=[-65.12620268147171, -22.777435483266366, 43.134196076363324, 6.255338627723825, -6.4947048530642695, 13.565469998332206] imu_ang_vel=[0.0, -0.8600825334737494, 0.0] imu_quat_wxyz=[0.9995919001871215, 0.0, 0.02856629272936501, 0.0] status=0x0003
joint_pos=[8.623323047904107, -10.517550180324946, 4.431682322956182, 11.978097035398244, -41.07187566411448, 14.297687535372317] joint_vel=[-48.08398972896848, -11.459913875821933, 36.884845488829455, 31.869334922136325, 0.40775806499676176, 26.85498039185656] imu_ang_vel=[0.0, -0.49113102970541184, 0.0] imu_quat_wxyz=[0.9997537364259973, 0.0, 0.022191586294304264, 0.0] status=0x0003
joint_pos=[7.809456603700936, -10.62211726478544, 5.1164325162030275, 12.901268054847856, -41.07880705782065, 15.126227179592707] joint_vel=[-36.65839816508995, -1.8627423744760407, 32.730845803162254, 53.93115301925922, -0.6073916519332451, 49.19185135698081] imu_ang_vel=[0.0, -0.17803959871405522, 0.0] imu_quat_wxyz=[0.9998135504703825, 0.0, 0.01930969434786496, 0.0] status=0x0003
joint_pos=[7.209123349351318, -10.611039315223945, 5.740586076664355, 14.179673800975323, -41.01459707811206, 15.976809838764696] joint_vel=[-26.489133955295713, 1.9540609404143092, 30.84548776400511, 69.34915611738454, 5.4769483095669065, 38.94188040849876] imu_ang_vel=[0.0, 0.05855684084272629, 0.0] imu_quat_wxyz=[0.9998184044033187, 0.0, 0.019056710534660053, 0.0] status=0x0003
joint_pos=[6.7394176806177, -10.544820018241994, 6.336181651882243, 15.683761271385043, -40.86862558306896, 16.42810958739368] joint_vel=[-21.990727487283046, 4.167636723855768, 29.814533113760515, 78.3479907764319, 8.398586830961023, 13.79694668051858] imu_ang_vel=[0.0, 0.19354118902065848, 0.0] imu_quat_wxyz=[0.9997882619038492, 0.0, 0.020577447832037937, 0.0] status=0x0003
joint_pos=[6.279144695232328, -10.480844722729241, 6.944390584606961, 17.24139630545299, -40.65011646581979, 16.398606259293068] joint_vel=[-23.711194856545543, 2.743079716062301, 31.288704624970723, 77.5179667873226, 12.361706626629752, -9.306457872438068] imu_ang_vel=[0.0, 0.20009011268417728, 0.0] imu_quat_wxyz=[0.9997430469767771, 0.0, 0.022668039650348366, 0.0] status=0x0003
joint_pos=[5.749243609386254, -10.464959922969499, 7.588487719197181, 18.66490602936937, -40.22377921164992, 15.975080631485863] joint_vel=[-28.19000622575083, -0.030189602819370023, 33.359317106589984, 67.59609994427186, 26.343340880705824, -27.48326617844577] imu_ang_vel=[0.0, 0.12940076248868676, 0.0] imu_quat_wxyz=[0.9997052667454351, 0.0, 0.024277142365576314, 0.0] status=0x0003
joint_pos=[5.078369375106898, -10.466223169295576, 8.254657023511404, 19.784871414362826, -39.39119657413708, 15.19545215776705] joint_vel=[-36.52886284738014, -0.05054741526174904, 34.07834404472202, 49.520610050664544, 50.10446862428907, -45.06696573117559] imu_ang_vel=[0.0, 0.011687136034575185, 0.0] imu_quat_wxyz=[0.9996905008431529, 0.0, 0.024877751585825343, 0.0] status=0x0003
joint_pos=[4.19963092241899, -10.387321447087999, 8.996761472746384, 20.517375936770293, -38.043177349469815, 14.095154381720878] joint_vel=[-46.311767235047654, 3.0737875193237385, 32.88824342548199, 28.148187380131162, 77.99931165002292, -60.29698193055898] imu_ang_vel=[0.0, -0.0880324519365053, 0.0] imu_quat_wxyz=[0.9997055966208824, 0.0, 0.024263554663021204, 0.0] status=0x0003
joint_pos=[3.136459239096245, -10.233266446059984, 9.572365425611503, 20.794202042801917, -36.1350662243649, 12.783521988311302] joint_vel=[-57.13065720555821, 10.585517632913849, 28.185703106626217, 6.052907825403856, 104.88468593892935, -68.31722668476961] imu_ang_vel=[0.0, -0.24129536381765157, 0.0] imu_quat_wxyz=[0.9997511341270514, 0.0, 0.022308514331401588, 0.0] status=0x0003
joint_pos=[1.8417632320137027, -9.814757731791147, 10.101208086778728, 20.657579229396216, -33.699743208773484, 11.424990213623795] joint_vel=[-67.74492340197882, 24.85622573305484, 20.830355342238494, -14.827022445807907, 131.4222129256284, -67.64703368449356] imu_ang_vel=[0.0, -0.3124996925234897, 0.0] imu_quat_wxyz=[0.9998106563723951, 0.0, 0.019458967192543107, 0.0] status=0x0003
joint_pos=[0.3413933560056022, -9.097411278687943, 10.542419348960847, 20.14018573588476, -30.836600086021665, 10.033424676247803] joint_vel=[-79.47650146221797, 43.15140457468083, 25.112025819989082, -31.554615165135207, 149.15885906519617, -70.52117816889685] imu_ang_vel=[0.0, -0.35228508958034394, 0.0] imu_quat_wxyz=[0.9998700061239351, 0.0, 0.016123611683556704, 0.0] status=0x0003
joint_pos=[-1.2647629783356855, -8.214125520352491, 10.84001150420914, 19.286858335168915, -27.711998252313457, 8.563454807432391] joint_vel=[-81.25737046705366, 45.92050352670862, 11.395482477057167, -48.44096496467963, 159.59165095360092, -75.0068541005926] imu_ang_vel=[0.0, -0.3441559827728908, 0.0] imu_quat_wxyz=[0.9999204481760836, 0.0, 0.01261337858546182, 0.0] status=0x0003
joint_pos=[-2.928733872266444, -7.242007346981274, 11.100689194663547, 18.12982365005146, -24.480685601499285, 7.042975588707017] joint_vel=[-83.48940411819962, 49.035039061134995, 10.077018870609933, -63.74049114015362, 162.59531028993104, -76.50809299727881] imu_ang_vel=[0.0, -0.3586854299046804, 0.0] imu_quat_wxyz=[0.9999589959208445, 0.0, 0.009055742762282364, 0.0] status=0x0003
joint_pos=[-4.550769165356642, -6.343499492660751, 11.486369901688663, 16.709177083336023, -21.278626207452163, 5.534306067221973] joint_vel=[-80.17272012835338, 43.741449986297816, 26.338368217518905, -74.77609314946893, 158.1517627371103, -74.790629088159] imu_ang_vel=[0.0, -0.33011591205193724, 0.0] imu_quat_wxyz=[0.9999839804376798, 0.0, 0.005660288686466036, 0.0] status=0x0003
joint_pos=[-5.914526585250461, -5.906841615029974, 12.093843121654704, 15.06036350164207, -18.255424266746395, 4.239694366195355] joint_vel=[-61.80320360054841, 10.234082940163017, 33.89692543957116, -86.70242535051219, 146.84921248663366, -59.3091210731888] imu_ang_vel=[0.0, -0.25722491457610736, 0.0] imu_quat_wxyz=[0.9999961362721805, 0.0, 0.0027798274605609556, 0.0] status=0x0003
joint_pos=[-6.851354353559766, -6.282158577853385, 13.19487453878282, 13.213635452959695, -15.522545325084744, 3.534843278099252] joint_vel=[-40.29970120358567, -31.374684298416877, 74.7077196638297, -93.97413361183035, 129.87490319018423, -22.339649148322533] imu_ang_vel=[0.0, -0.20618844374143086, 0.0] imu_quat_wxyz=[0.9999998945757539, 0.0, 0.00045918240514026106, 0.0] status=0x0003
joint_pos=[-7.120609431035156, -7.752309210662296, 14.853951357350454, 11.246244680961256, -12.996909292788445, 3.6721374513808938] joint_vel=[-0.2961298446365417, -93.68876787996837, 94.47313466975409, -99.59138908985565, 123.19605351845121, 22.48249958721399] imu_ang_vel=[0.0, -0.012144954158116067, 0.0] imu_quat_wxyz=[0.999999888956102, 0.0, -0.00047126190544170967, 0.0] status=0x0003
joint_pos=[-6.671536866228067, -10.291722172708077, 17.159394101219036, 9.438065296235475, -10.789984760841072, 4.089018611248901] joint_vel=[25.28430756710255, -136.4860221824524, 120.39144831267183, -57.95961737380117, 45.81776152110058, -57.53287034847468] imu_ang_vel=[0.0, 0.28528204945127, 0.0] imu_quat_wxyz=[0.9999993129047378, 0.0, 0.0011722585262505638, 0.0] status=0x0003
joint_pos=[-5.902492861160654, -13.119601676784827, 19.841925342044494, 8.486750809406502, -10.010185477814288, 2.7575807726535158] joint_vel=[46.0234814354879, -143.68021626511842, 141.435802123487, -43.197639908786364, 37.12875238352356, -69.05435689545502] imu_ang_vel=[0.0, 0.04205096109156248, 0.0] imu_quat_wxyz=[0.9999992570278049, 0.0, 0.001218992960716917, 0.0] status=0x0003
joint_pos=[-4.711044706753821, -15.573941789113272, 23.107545020688626, 7.894432162054961, -9.346620361738077, 2.022737120823739] joint_vel=[69.27213527095057, -109.2709576582308, 174.4550794163151, -23.651342850402454, 29.922122868540647, 15.663959082140114] imu_ang_vel=[0.0, 0.35134318453715624, 0.0] imu_quat_wxyz=[0.9999944538509473, 0.0, 0.0033305055690616, 0.0] status=0x0003
joint_pos=[-3.0809352069607483, -17.646210620649292, 26.62142192269348, 7.567580947276299, -8.707593701453481, 2.4456995906638417] joint_vel=[87.97002162937704, -100.20280054043617, 176.25352261825253, -12.192997393761432, 33.60429803541704, 20.21276430281396] imu_ang_vel=[0.0, 0.6470133270759918, 0.0] imu_quat_wxyz=[0.9999600572891131, 0.0, 0.008937775246322437, 0.0] status=0x0003
joint_pos=[-1.3114728965459759, -19.727891175252104, 29.788926654245962, 7.222973344158339, -7.964346594102479, 2.785589088347836] joint_vel=[88.7043449386725, -105.92824989891511, 148.65251071923336, -20.193969634706196, 39.34356279349746, 15.716286546628684] imu_ang_vel=[0.0, 0.6205844977110253, 0.0] imu_quat_wxyz=[0.9998795709993568, 0.0, 0.015519133292238857, 0.0] status=0x0003
joint_pos=[0.3987516135435353, -21.814427916703018, 32.567663863958494, 6.672241945222834, -7.055336491582447, 3.0328998896969797] joint_vel=[83.71493723752411, -103.15222085859303, 133.61889701184003, -31.7401652011979, 49.161864904269926, 10.635705965555221] imu_ang_vel=[0.0, 0.510096200585041, 0.0] imu_quat_wxyz=[0.9997784679199578, 0.0, 0.021047923499048007, 0.0] status=0x0003
joint_pos=[2.02389921240866, -23.709783008051627, 34.99372231202798, 5.934147924484886, -5.885386552589387, 3.1426933844482035] joint_vel=[79.91754130665984, -89.85807752633075, 114.62950443440002, -39.92804458659531, 64.16000912438074, 2.861590594261164] imu_ang_vel=[0.0, 0.47587773298946257, 0.0] imu_quat_wxyz=[0.9996659613759409, 0.0, 0.025845031753043, 0.0] status=0x0003
joint_pos=[3.5916596291966045, -25.38919478474271, 36.94502781884205, 5.018013964403227, -4.364860934789591, 3.0791497774300405] joint_vel=[77.56405730537158, -80.4863753695779, 88.37134655564165, -49.246369111128246, 83.24138826670897, -6.508906732650487] imu_ang_vel=[0.0, 0.4798238390291557, 0.0] imu_quat_wxyz=[0.9995313125422635, 0.0, 0.03061299148303104, 0.0] status=0x0003
joint_pos=[5.123279523343421, -26.996049970895033, 38.411319344811886, 3.8728396858638225, -2.413990127396153, 2.8111156989999495] joint_vel=[76.06550197508774, -80.06799068146948, 65.21167285405846, -61.9244997370614, 106.2858663268313, -17.39338444567311] imu_ang_vel=[0.0, 0.47342866170163594, 0.0] imu_quat_wxyz=[0.9993736175703603, 0.0, 0.03538887543185545, 0.0] status=0x0003
joint_pos=[6.6491424503570835, -28.65948482523996, 39.477591822437425, 2.4567751071477493, 0.05590061611149119, 2.299485180487161] joint_vel=[76.47679695243052, -84.71526468948271, 46.9228447977471, -76.01167155174632, 134.0635842353353, -30.387054717810003] imu_ang_vel=[0.0, 0.47892385212118055, 0.0] imu_quat_wxyz=[0.9991940745984087, 0.0, 0.04013977189060346, 0.0] status=0x0003
joint_pos=[7.945710703841746, -30.619649665606552, 40.20771230849495, 1.5838420253398187, 0.5920962702058433, 2.7125565725516805] joint_vel=[60.847890642989746, -102.43618643897135, 30.806147692657635, -36.603746187491005, -1.3352680248586637, 35.02184654539807] imu_ang_vel=[0.0, 0.02385972670048003, 0.0] imu_quat_wxyz=[0.999102945944028, 0.0, 0.04234741321455824, 0.0] status=0x0003
joint_pos=[8.990233266548232, -32.055285680975594, 40.91526818112555, 0.907027324494405, 0.4209237462340335, 3.488467407434941] joint_vel=[47.79120274423563, -54.31039644225988, 37.84932073181784, -33.455111551367686, -9.221015150111624, 39.64415972673425] imu_ang_vel=[0.0, -0.0467768386351525, 0.0] imu_quat_wxyz=[0.9991222401163165, 0.0, 0.04188972791692203, 0.0] status=0x0003
joint_pos=[9.918622770419688, -32.57673994667872, 41.4874251752752, 0.3146426016239524, 0.2805657568316929, 4.254744309671262] joint_vel=[45.694112770546894, -10.207820559462748, 23.6770950621685, -27.56040920094205, -5.669288931184188, 37.89893066198327] imu_ang_vel=[0.0, 0.06347301378388819, 0.0] imu_quat_wxyz=[0.9991171014630539, 0.0, 0.04201211211145733, 0.0] status=0x0003
joint_pos=[10.804928961041977, -32.47872138294709, 41.711388201017684, -0.2729301360051634, 0.20603722900778393, 5.117153313035432] joint_vel=[45.04081187749982, 11.231645039800535, 4.831400907229546, -31.551177030133754, -2.5372566482024896, 59.69484935467712] imu_ang_vel=[0.0, 0.09418879072908873, 0.0] imu_quat_wxyz=[0.9990767997451986, 0.0, 0.04295984416745995, 0.0] status=0x0003
joint_pos=[11.648789894737169, -32.04445752971636, 41.49771086820753, -0.9047879506819824, 0.16809272754567478, 5.8111618747758005] joint_vel=[42.078666121672654, 25.350548797658224, -18.659315607656975, -32.83960677729757, -1.3295895304744398, 34.318513165658025] imu_ang_vel=[0.0, 0.05808946600229013, 0.0] imu_quat_wxyz=[0.9990431807038116, 0.0, 0.04373468976923491, 0.0] status=0x0003
joint_pos=[12.491691869336142, -31.481937759618702, 40.798769334762625, -1.6204253809913418, 0.15355821101921155, 6.500313924234834] joint_vel=[42.12274718135039, 29.681780914906334, -43.62637583631277, -37.49034879533094, -0.5005908215485534, 34.871175160955616] imu_ang_vel=[0.0, -0.006201627906447862, 0.0] imu_quat_wxyz=[0.9990343101535012, 0.0, 0.04393685396245314, 0.0] status=0x0003
joint_pos=[13.372753771118523, -30.85488064245224, 39.6428648479249, -2.3904956389661236, 0.14827237363843745, 7.277210788561992] joint_vel=[44.08278242117688, 33.456354091161614, -65.47037415174675, -38.51176214872896, -0.2934310806608706, 33.68858741116045] imu_ang_vel=[0.0, -0.03341329841805168, 0.0] imu_quat_wxyz=[0.9990462027543018, 0.0, 0.0436656015899292, 0.0] status=0x0003
joint_pos=[14.330853113152097, -30.162873403737862, 38.10078270328982, -3.140690852759596, 0.14872777316095254, 8.032231821262208] joint_vel=[51.18314734626787, 33.82104206083522, -83.06952433244498, -37.803365640414675, 0.29569768785437683, 50.01483025763406] imu_ang_vel=[0.0, -0.007539559277729228, 0.0] imu_quat_wxyz=[0.9990559995148763, 0.0, 0.04344087744661057, 0.0] status=0x0003
joint_pos=[15.422801212304279, -29.433157519857602, 36.22650647854088, -3.800362622499308, 0.1505488376873832, 8.69643231562295] joint_vel=[57.598850065854315, 36.51394290467937, -99.13097800703888, -31.13127538983644, 0.1607122384283879, 33.34787130506502] imu_ang_vel=[0.0, 0.07247816845241603, 0.0] imu_quat_wxyz=[0.999039136552076, 0.0, 0.043826973854948846, 0.0] status=0x0003
joint_pos=[16.66097055599025, -28.647994341048612, 34.108964886970845, -4.354233198049873, 0.15465048832829123, 9.428642611636159] joint_vel=[63.48835077376978, 41.45452676360196, -109.44674426322149, -25.450784485463895, 0.15084566953436293, 33.460737016021035] imu_ang_vel=[0.0, 0.17347212462024228, 0.0] imu_quat_wxyz=[0.9989789725576244, 0.0, 0.04517756509278912, 0.0] status=0x0003
joint_pos=[18.000847966125164, -27.68621151481263, 31.87538178790308, -4.759194435102674, 0.1574722065753337, 10.165279799337776] joint_vel=[68.1690961214551, 52.35328700207224, -112.80981991775415, -17.03970583265345, 0.08647020535830519, 34.16388430583218] imu_ang_vel=[0.0, 0.31858026778465937, 0.0] imu_quat_wxyz=[0.9988582301244203, 0.0, 0.04777275492067155, 0.0] status=0x0003
joint_pos=[19.411762189284634, -26.38291150223811, 29.61993223837377, -4.955065266442369, 0.15502229058450376, 10.972139160058473] joint_vel=[72.06773181476572, 71.94430514039068, -112.59462610742474, -5.946254095170995, -0.05623548730777087, 46.01498301240389] imu_ang_vel=[0.0, 0.5262096269554831, 0.0] imu_quat_wxyz=[0.998636985319684, 0.0, 0.05219359684495032, 0.0] status=0x0003
joint_pos=[20.765757002888204, -24.3642098054115, 27.378288774842723, -4.839444647421278, 0.11598063850236745, 11.76754090576979] joint_vel=[65.58586412807693, 116.64973580134132, -111.63772899957213, 11.930174945595596, -2.173259360182694, 38.55880669061485] imu_ang_vel=[0.0, 0.8188110757155338, 0.0] imu_quat_wxyz=[0.9982473982904572, 0.0, 0.059178812140269176, 0.0] status=0x0003
joint_pos=[21.59644755010059, -20.669080526707077, 24.944828787248202, -3.822545720153765, -1.1724516252822017, 13.256541824376253] joint_vel=[28.09393477751836, 222.28986628211723, -126.88928219806165, 72.25143960481178, -98.54603519114777, 95.767259319101] imu_ang_vel=[0.0, 1.094908319813438, 0.0] imu_quat_wxyz=[0.9976079209654122, 0.0, 0.06912623255369853, 0.0] status=0x0003
joint_pos=[21.575312148741343, -16.969822020812256, 20.63722329362111, -1.87385231328782, -4.643554687025468, 15.795798262274324] joint_vel=[-7.10902732647576, 106.57517509303739, -297.2083063212408, 109.77711622128002, -215.06696945382365, 127.72027015970669] imu_ang_vel=[0.0, 0.8604950720297695, 0.0] imu_quat_wxyz=[0.99682232505512, 0.0, 0.07965709178538102, 0.0] status=0x0003
joint_pos=[21.0431651899292, -14.692235579558567, 15.031711071173515, 0.6994836752170431, -10.104551022708707, 17.440710463356666] joint_vel=[-37.53926390053871, 118.15274903324082, -273.2351950782552, 138.83390241336554, -304.31316153547, 57.66076700181554] imu_ang_vel=[0.0, 0.42928529290574363, 0.0] imu_quat_wxyz=[0.9963404246603915, 0.0, 0.08547372805459356, 0.0] status=0x0003
sim t=    2.02s  x= 0.492m z= 0.528m pitch= 10.01deg action=[-1.0, 1.0, 0.451, 1.0, -1.0, -0.141]
