Log file: /home/cx/robot_deploy/log_sim2sim/2026-07-23_23-12-39.txt
Loaded ONNX policy: /home/cx/mjlab-recovered/logs/rsl_rl/custom_biped_velocity_nolinvel/2026-07-20_17-02-11/2026-07-20_17-02-11.onnx
  input=obs[1,65] output=actions[1,6]
  velocity_command=[0.1, 0.0, 0.0]
  startup=move 4s + hold 1s
MuJoCo sim2sim started
  robot=/home/cx/mjlab-recovered/src/mjlab/asset_zoo/robots/custom_biped/mjcf/biped.xml
  physics=200 Hz, policy=50 Hz
  command=[0.1, 0.0, 0.0]
  press R in the viewer to reset; close the viewer or press Ctrl+C to stop
joint_pos=[10.0, -20.0, 10.0, 10.0, -20.0, 10.0] joint_vel=[0.0, 0.0, 0.0, 0.0, 0.0, 0.0] imu_ang_vel=[0.0, 0.0, 0.0] imu_quat_wxyz=[1.0, 0.0, 0.0, 0.0] status=0x0003
ONNX startup: moving from measured joint positions to [10.0, -20.0, 10.0, 10.0, -20.0, 10.0] deg over 4 s.
sim t=    0.02s  x= 0.000m z= 0.521m pitch=-0.04deg action=[0.0, 0.0, 0.0, 0.0, 0.0, 0.0]
joint_pos=[9.942851527293058, -19.992392098289915, 10.20914971266202, 10.10993557311779, -20.271831031744775, 10.121069018599517] joint_vel=[-11.42969454138815, 1.521580342016849, 41.829942532404274, 21.98711462355796, -54.3662063489552, 24.213803719903513] imu_ang_vel=[0.0, 1.1102230246251566e-17, 0.0] imu_quat_wxyz=[1.0, 0.0, 2.0539125955565397e-19, 0.0] status=0x0003
joint_pos=[9.974968754455235, -20.350205083552016, 10.250973358955873, 10.067143165107456, -20.50252351629854, 10.205342526035778] joint_vel=[0.08627182759882683, -13.020725809608631, -0.016750453321639856, -1.2938052977384997, -10.446914728772237, 0.47856982891201594] imu_ang_vel=[0.0, -0.1877698900046731, 0.0] imu_quat_wxyz=[0.9999982941924214, 0.0, -0.0018470550201389521, 0.0] status=0x0003
joint_pos=[9.977657618425262, -20.571646714225512, 10.231899631185662, 10.045240793742943, -20.68120612154546, 10.197744421129453] joint_vel=[0.0758484728586875, -10.030493227187593, -1.4182180994364966, -0.8815769425857651, -8.296797232185762, -0.8614117828889138] imu_ang_vel=[0.0, -0.16973010047036793, 0.0] imu_quat_wxyz=[0.9999935407457721, 0.0, -0.003594226861770039, 0.0] status=0x0003
joint_pos=[9.97975453544457, -20.74852564098859, 10.196232021102526, 10.0295304768963, -20.83032155950877, 10.169732739987332] joint_vel=[0.05056466371089712, -7.8644884494022405, -2.169658810688494, -0.43850869067231346, -7.533290993725246, -1.785377736524061] imu_ang_vel=[0.0, -0.16338132280807935, 0.0] imu_quat_wxyz=[0.9999862101986542, 0.0, -0.00525161047041564, 0.0] status=0x0003
joint_pos=[9.980266043497917, -20.898772988331856, 10.141877252950206, 10.018501417170697, -20.958025915739707, 10.122900034905726] joint_vel=[-0.1482911701083127, -6.528410827291119, -2.823780898068817, -0.2515413693630748, -6.4280434016021255, -2.6029950934336092] imu_ang_vel=[0.0, -0.15838279670082964, 0.0] imu_quat_wxyz=[0.9999764961550937, 0.0, -0.006856175127727559, 0.0] status=0x0003
joint_pos=[9.97930281423029, -21.01785580561807, 10.080570527431833, 10.013733290768046, -21.075904519037422, 10.065647257518107] joint_vel=[-0.1139477404797908, -5.502241509335497, -3.296849100475916, -0.14271602356019686, -5.7522183686666795, -3.0946964393067007] imu_ang_vel=[0.0, -0.1498127085470652, 0.0] imu_quat_wxyz=[0.9999648578141642, 0.0, -0.008383503843764779, 0.0] status=0x0003
joint_pos=[9.978844692612332, -21.130103975528197, 10.010614373329576, 10.003697446001986, -21.167680147091826, 9.9997245901501] joint_vel=[0.016489244175734902, -5.642751348061153, -3.4904378152054787, -0.7786194877923454, -3.852132378532435, -3.3103429078998623] imu_ang_vel=[0.0, -0.14624667477284747, 0.0] imu_quat_wxyz=[0.9999514865923161, 0.0, -0.009850099584114431, 0.0] status=0x0003
joint_pos=[9.978808117065183, -21.224256927551075, 9.942943821604432, 9.99370605621201, -21.24321687781194, 9.933820865127041] joint_vel=[-0.005235243661553057, -4.185409745190579, -3.387532119151977, -0.31489963485110134, -3.8546588582180075, -3.269728305169804] imu_ang_vel=[0.0, -0.13651112395331547, 0.0] imu_quat_wxyz=[0.9999365966439512, 0.0, -0.011260670144895084, 0.0] status=0x0003
joint_pos=[9.975256794878337, -21.297281739339937, 9.87304017689821, 9.991474046857281, -21.322796956665606, 9.865282115722488] joint_vel=[-0.3065980194929997, -3.456797293198275, -3.5925385620500365, -0.0814257704036519, -3.9297568603927298, -3.564570403715341] imu_ang_vel=[0.0, -0.12883912566719508, 0.0] imu_quat_wxyz=[0.9999209248556232, 0.0, -0.012575533224287573, 0.0] status=0x0003
joint_pos=[9.973673746542104, -21.37370132421904, 9.801333182823182, 9.982880309965907, -21.380647086263743, 9.795490783945109] joint_vel=[-0.05012193818123909, -3.7231824826956403, -3.3866326566718854, -0.6284819616512739, -2.340950116197602, -3.3025256193293275] imu_ang_vel=[0.0, -0.11917391845908706, 0.0] imu_quat_wxyz=[0.9999047266757828, 0.0, -0.013803534743973259, 0.0] status=0x0003
joint_pos=[9.972813293194998, -21.431372473922323, 9.74022471415892, 9.97732713081478, -21.430777258793583, 9.734464975185512] joint_vel=[-0.030578449748655874, -2.552984277009306, -2.9693244100545213, -0.10700174264499648, -2.6318200779555125, -2.9348908645073757] imu_ang_vel=[0.0, -0.10685606429780233, 0.0] imu_quat_wxyz=[0.9998886427619905, 0.0, -0.014923205941904782, 0.0] status=0x0003
joint_pos=[9.967723544057884, -21.476151792531876, 9.68084073418414, 9.976202931655607, -21.485119062561026, 9.67503380505765] joint_vel=[-0.26417331254071086, -2.2737003237641322, -3.0204351250891133, -0.060278810613898635, -2.580402848389451, -3.0144468995853706] imu_ang_vel=[0.0, -0.09752859881286781, 0.0] imu_quat_wxyz=[0.9998731214167118, 0.0, -0.01592925197243857, 0.0] status=0x0003
joint_pos=[9.966162942252053, -21.52702915548084, 9.624935639102882, 9.967964286047149, -21.51853829350636, 9.620448254179776] joint_vel=[-0.04060188099324841, -2.3895399560925106, -2.52608953551664, -0.5160845117376618, -1.3037809005662464, -2.4792767180776782] imu_ang_vel=[0.0, -0.08533791314588553, 0.0] imu_quat_wxyz=[0.9998584164687916, 0.0, -0.016826972886422664, 0.0] status=0x0003
joint_pos=[9.964745175428835, -21.559497407750023, 9.582360604183231, 9.964971961358973, -21.5501365410846, 9.577480473846835] joint_vel=[-0.10328583528762166, -1.387689398559547, -2.0181948434075316, -0.0490714079211272, -1.6954068751196398, -2.017967388814638] imu_ang_vel=[0.0, -0.07135067583608568, 0.0] imu_quat_wxyz=[0.9998452289381023, 0.0, -0.017593128479999453, 0.0] status=0x0003
joint_pos=[9.95966389228681, -21.58452021718924, 9.542862673280256, 9.964363851587075, -21.584434620883584, 9.537408032729232] joint_vel=[-0.1385327341830819, -1.4458437706501743, -2.01659100143585, -0.038699336097644844, -1.4971036808791252, -2.0003415814193763] imu_ang_vel=[0.0, -0.061832433747393535, 0.0] imu_quat_wxyz=[0.9998334911062338, 0.0, -0.01824801529813193, 0.0] status=0x0003
joint_pos=[9.958973381248224, -21.61578429832226, 9.508966876958995, 9.957635863914625, -21.59967604417033, 9.504339128378883] joint_vel=[-0.0007604678895244007, -1.3691474675246134, -1.408489637711966, -0.3743938489637888, -0.5152141822315697, -1.3941698279333086] imu_ang_vel=[0.0, -0.049273125659710724, 0.0] imu_quat_wxyz=[0.9998235567679796, 0.0, -0.01878444387855339, 0.0] status=0x0003
joint_pos=[9.957241836400435, -21.62954649073799, 9.488110942974753, 9.956118177495954, -21.616496996414572, 9.4827702736148] joint_vel=[-0.16935243070441747, -0.4896773869400357, -0.958333578763257, -0.01806530200874418, -0.9900500393423521, -0.9739017710631013] imu_ang_vel=[0.0, -0.03712234448129757, 0.0] imu_quat_wxyz=[0.9998157180343847, 0.0, -0.01919713445771856, 0.0] status=0x0003
joint_pos=[9.952515188400536, -21.640297460394475, 9.469064896337546, 9.955765388197484, -21.63524649275013, 9.463184700270428] joint_vel=[-0.09069192071530795, -0.9090438487318432, -1.0235674354239765, -0.15764663580405505, -0.5734144669643448, -0.9684594128398656] imu_ang_vel=[0.0, -0.02834172609113683, 0.0] imu_quat_wxyz=[0.9998095216830898, 0.0, -0.01951718093965599, 0.0] status=0x0003
joint_pos=[9.953642798163118, -21.659060965166777, 9.458095659052688, 9.950944493844789, -21.638656934084196, 9.452677103741436] joint_vel=[0.04297776591994274, -0.6181797488542157, -0.2644085400932769, -0.1914046808937802, -0.11733433853227213, -0.32115383435637573] imu_ang_vel=[0.0, -0.018548929375634318, 0.0] imu_quat_wxyz=[0.9998051813563865, 0.0, -0.019738270768305845, 0.0] status=0x0003
joint_pos=[9.951617811848235, -21.659868675119863, 9.455770463184772, 9.951710252002302, -21.648767550914013, 9.449374282153697] joint_vel=[-0.20128491490576284, 0.11570201052498309, -0.10237760113041156, 0.1465411126266216, -0.7518618124383156, -0.1370671801307866] imu_ang_vel=[0.0, -0.01059580775288221, 0.0] imu_quat_wxyz=[0.9998026072972774, 0.0, -0.019868226935641022, 0.0] status=0x0003
joint_pos=[9.94986950075163, -21.66622939668266, 9.452689401721958, 9.951743031274528, -21.65538853532122, 9.446556979739276] joint_vel=[0.08872267231168168, -0.6905466022100215, -0.08511240645498253, -0.1762069929821391, 0.13709274398169308, -0.015713466533724088] imu_ang_vel=[0.0, -0.0038579314953955213, 0.0] imu_quat_wxyz=[0.9998013109792412, 0.0, -0.019933353059399743, 0.0] status=0x0003
joint_pos=[9.952092034119714, -21.67068706921158, 9.457436376795592, 9.949337808940635, -21.648966980397162, 9.450622677094414] joint_vel=[0.025212619595169346, 0.21429364251265928, 0.3967672781257328, 0.01841726225662093, 0.1010724118879274, 0.3406431888688333] imu_ang_vel=[0.0, 0.002892001103155368, 0.0] imu_quat_wxyz=[0.9998015497460652, 0.0, -0.019921373581316106, 0.0] status=0x0003
joint_pos=[9.950637554315175, -21.662656128483672, 9.464478416377942, 9.951783189424567, -21.651571757836486, 9.456582162525518] joint_vel=[-0.15893701085104464, 0.48109568397577773, 0.3153659891843924, 0.21503687858577206, -0.29870340880827856, 0.22998996926490978] imu_ang_vel=[0.0, 0.007341840103885759, 0.0] imu_quat_wxyz=[0.9998026999440772, 0.0, -0.019863564245457252, 0.0] status=0x0003
joint_pos=[9.951580395175295, -21.664951644759125, 9.468928570248524, 9.951399838446227, -21.6465100212703, 9.461667618188923] joint_vel=[0.1821312675072119, -0.29185959709536086, 0.31779060488855915, -0.16431964106047112, 0.7199216324313638, 0.3686453233715856] imu_ang_vel=[0.0, 0.011009486154624586, 0.0] imu_quat_wxyz=[0.9998045546795667, 0.0, -0.019769988416620324, 0.0] status=0x0003
joint_pos=[9.953820738552393, -21.6620488101699, 9.481572087655689, 9.950870470680126, -21.63808336359534, 9.473168238819017] joint_vel=[0.034279800922675664, 0.35839821512765263, 0.6910325936919461, 0.039708967732586024, 0.14087383115104954, 0.6711241118790946] imu_ang_vel=[0.0, 0.013361797012398108, 0.0] imu_quat_wxyz=[0.9998071520495538, 0.0, -0.01963819519610811, 0.0] status=0x0003
joint_pos=[9.951612843718328, -21.650565828991045, 9.492807193274514, 9.954557924511487, -21.639855655225052, 9.483040434529482] joint_vel=[-0.14396951807289912, 0.4900112034928087, 0.4538349250154675, 0.22082037446532027, -0.12116471833845978, 0.3656089548010054] imu_ang_vel=[0.0, 0.01511505551306767, 0.0] imu_quat_wxyz=[0.9998099039325091, 0.0, -0.019497589555300846, 0.0] status=0x0003
joint_pos=[9.954545244792087, -21.652673425704577, 9.501418110531082, 9.952887316055813, -21.627036267552437, 9.492223584722435] joint_vel=[0.24411949250768844, -0.10751754892281633, 0.5975218405975018, -0.14716391329351383, 0.9152735630997038, 0.5489245799014325] imu_ang_vel=[0.0, 0.01775041054056941, 0.0] imu_quat_wxyz=[0.9998130884056561, 0.0, -0.019333604235725953, 0.0] status=0x0003
joint_pos=[9.955370846199873, -21.645037686329736, 9.517509807175028, 9.953723197953012, -21.621650269644746, 9.507182734870623] joint_vel=[-0.034871451022212265, 0.5587417664857924, 0.749494347796207, 0.10319284527596118, 0.07011004584728565, 0.719676986652723] imu_ang_vel=[0.0, 0.015481083131358061, 0.0] imu_quat_wxyz=[0.9998163037800655, 0.0, -0.0191666036523878, 0.0] status=0x0003
joint_pos=[9.953433912579577, -21.635464909979078, 9.527822027285508, 9.957230267467132, -21.621941086340474, 9.516582432474744] joint_vel=[0.040819264090631024, 0.020566923228299245, 0.3122574789055521, 0.03217520343408279, 0.29149457333081547, 0.37036727300101147] imu_ang_vel=[0.0, 0.01702294679786582, 0.0] imu_quat_wxyz=[0.9998195006188657, 0.0, -0.01899911003815541, 0.0] status=0x0003
joint_pos=[9.956688334423026, -21.636216190632826, 9.539653711804887, 9.95513545204608, -21.60719194494438, 9.52797264951283] joint_vel=[0.07551642671026712, 0.23875517235809368, 0.8253629132837151, -0.037627674286533325, 0.5170328546285341, 0.7024405346160933] imu_ang_vel=[0.0, 0.01834756835072104, 0.0] imu_quat_wxyz=[0.9998228766771968, 0.0, -0.01882060766646052, 0.0] status=0x0003
joint_pos=[9.956100136937284, -21.62566441882284, 9.554160853129908, 9.95722845635807, -21.60557799943043, 9.541677617355237] joint_vel=[-0.1260225593912236, 0.6852870961013242, 0.6181929769892431, 0.20480175419983462, -0.12590575289080724, 0.550787984412818] imu_ang_vel=[0.0, 0.015494938812915946, 0.0] imu_quat_wxyz=[0.9998258155211442, 0.0, -0.018663831800538943, 0.0] status=0x0003
joint_pos=[9.955508400267217, -21.621646063534747, 9.561973563119066, 9.959002321989884, -21.60241862095648, 9.549240822769427] joint_vel=[0.1329101849069018, -0.19790009766546632, 0.34895070088070956, -0.11239611891102116, 0.6393957056259802, 0.4225865167967051] imu_ang_vel=[0.0, 0.014993848449491405, 0.0] imu_quat_wxyz=[0.9998286738915034, 0.0, -0.018510074671855236, 0.0] status=0x0003
joint_pos=[9.958032853233037, -21.619669476402414, 9.57425440517752, 9.95758457747813, -21.590768517590966, 9.560441719102075] joint_vel=[0.023045517653395266, 0.3975272144398469, 0.6880072399855642, 0.031095740910458292, 0.21790415547989325, 0.6622162337646345] imu_ang_vel=[0.0, 0.013764899389945203, 0.0] imu_quat_wxyz=[0.9998315062429248, 0.0, -0.018356446388235647, 0.0] status=0x0003
joint_pos=[9.956139801318864, -21.608468691488756, 9.58481053164135, 9.960888301260772, -21.592855280978988, 9.569895505899062] joint_vel=[-0.18863709216843216, 0.5951884189138253, 0.41450823626361355, 0.2570610615467897, -0.29408091043674406, 0.31507105323390755] imu_ang_vel=[0.0, 0.012501966543928227, 0.0] imu_quat_wxyz=[0.9998338224049217, 0.0, -0.018229853953433236, 0.0] status=0x0003
joint_pos=[9.957366455750028, -21.610865722228315, 9.590085658560096, 9.960220422881127, -21.58598187302109, 9.575634390168391] joint_vel=[0.19862267700594255, -0.2702043886229591, 0.35079761200395626, -0.17079660485972237, 0.7886229621267692, 0.35390208550054064] imu_ang_vel=[0.0, 0.011992947181772526, 0.0] imu_quat_wxyz=[0.9998359543421657, 0.0, -0.01811254826607535, 0.0] status=0x0003
joint_pos=[9.958803750606965, -21.606761681072317, 9.600433311393214, 9.959709587467954, -21.57900121643459, 9.584762021217824] joint_vel=[0.00736474220704962, 0.3925907941232063, 0.4896493379533682, 0.05048130228110098, 0.0830344006874541, 0.4673280573553481] imu_ang_vel=[0.0, 0.00924308557654701, 0.0] imu_quat_wxyz=[0.9998379429803911, 0.0, -0.01800243807766528, 0.0] status=0x0003
joint_pos=[9.95616388731573, -21.59776033465259, 9.606504431514141, 9.963376236511575, -21.58382131201085, 9.58982780384804] joint_vel=[-0.14088815387694215, 0.22323953454393705, 0.15714489163254447, 0.17124445058048257, -0.26647863419986445, 0.13122816600905335] imu_ang_vel=[0.0, 0.008027627113419193, 0.0] imu_quat_wxyz=[0.9998394912140177, 0.0, -0.017916244274241305, 0.0] status=0x0003
joint_pos=[9.958561295523277, -21.604035840720673, 9.609451718883918, 9.96104473071026, -21.57503800508189, 9.593508520288921] joint_vel=[0.21432519884466952, -0.24221900701233748, 0.2438319642527252, -0.16779901092678398, 0.7301322121311755, 0.22093789408333092] imu_ang_vel=[0.0, 0.008514527563812388, 0.0] imu_quat_wxyz=[0.9998408568841567, 0.0, -0.017839868417546482, 0.0] status=0x0003
joint_pos=[9.959157074243862, -21.59886364710099, 9.617341538273827, 9.961560197021612, -21.572146586187547, 9.600139704687315] joint_vel=[-0.037554565368801765, 0.40260425728153176, 0.31537284537034826, 0.08397242662353997, -0.057099151827060615, 0.2845548521403592] imu_ang_vel=[0.0, 0.005387276489274162, 0.0] imu_quat_wxyz=[0.9998420636563302, 0.0, -0.01777210576861482, 0.0] status=0x0003
joint_pos=[9.956546083807538, -21.593496522250554, 9.619573343670568, 9.964818339892265, -21.578311819007567, 9.60178312441225] joint_vel=[-0.040245168257249164, -0.14483160339197781, -0.07353905549065995, 0.06975072773605494, -0.15259183338163726, -0.016506935374569622] imu_ang_vel=[0.0, 0.003694141450688324, 0.0] imu_quat_wxyz=[0.99984286381642, 0.0, -0.01772703233426121, 0.0] status=0x0003
joint_pos=[9.959073715973751, -21.600827664620116, 9.621400285925214, 9.962026774944897, -21.569152213965957, 9.603599867682775] joint_vel=[0.16816457260792325, -0.14162546503802298, 0.19345585887476427, -0.13016129190621545, 0.5970986445761768, 0.12085783098735316] imu_ang_vel=[0.0, 0.0050996622531539965, 0.0] imu_quat_wxyz=[0.9998436337960801, 0.0, -0.017683550476364506, 0.0] status=0x0003
joint_pos=[9.959023277100147, -21.59450504144287, 9.626639560708613, 9.963160089991975, -21.568496705388615, 9.607448531335448] joint_vel=[-0.08256604930626421, 0.41296139862705517, 0.161399070549274, 0.11863586392870551, -0.1944534570222913, 0.12025108791891574] imu_ang_vel=[0.0, 0.0024693685704422533, 0.0] imu_quat_wxyz=[0.9998442779445966, 0.0, -0.017647092152768832, 0.0] status=0x0003
joint_pos=[9.956355109756625, -21.592421993976505, 9.626209546830237, 9.965484022417751, -21.574846022917594, 9.606643039990473] joint_vel=[0.01917426387235967, -0.4497269919712122, -0.15491631370479259, -0.05048041635893218, -0.031206256001333962, -0.09536510805663295] imu_ang_vel=[0.0, 0.001005822522143265, 0.0] imu_quat_wxyz=[0.9998445166965851, 0.0, -0.01763355981564877, 0.0] status=0x0003
joint_pos=[9.958814138332354, -21.60008132473205, 9.627937856567076, 9.962650184128814, -21.567176171230614, 9.607809359858482] joint_vel=[0.10781476051073671, -0.1022543563054746, 0.26519644436066614, -0.06113978996957136, 0.2991380123340206, 0.12996693446117977] imu_ang_vel=[0.0, 0.002360342811647493, 0.0] imu_quat_wxyz=[0.9998448050558927, 0.0, -0.017617201898824493, 0.0] status=0x0003
joint_pos=[9.95820236236976, -21.593787638607957, 9.630968781819622, 9.963953083869779, -21.568355243239075, 9.609825497545737] joint_vel=[-0.11311437286132024, 0.39231661382494665, 0.06566458762151896, 0.1409187429787832, -0.30246923411622606, 0.026058668873578727] imu_ang_vel=[0.0, 0.0003301242656730213, 0.0] imu_quat_wxyz=[0.9998449781122731, 0.0, -0.01760737753522932, 0.0] status=0x0003
joint_pos=[9.95601908567146, -21.594312077697996, 9.628819011773404, 9.966006515225795, -21.57457532919398, 9.607390276229069] joint_vel=[0.03375815434830661, -0.5373160906718008, -0.1786941292654444, -0.07759958358682403, 0.04556627340917316, -0.13362445466382816] imu_ang_vel=[0.0, -0.00030822965506782256, 0.0] imu_quat_wxyz=[0.999844873918699, 0.0, -0.017613293232692215, 0.0] status=0x0003
joint_pos=[9.958159872125218, -21.600656574620054, 9.630351735981527, 9.963188090367805, -21.56653883889359, 9.607660388205733] joint_vel=[0.0026370411646530127, 0.1264619241274231, 0.27648223514053444, -0.03158321890562553, 0.19176844665499618, 0.09460165461780996] imu_ang_vel=[0.0, 0.0008147986177674781, 0.0] imu_quat_wxyz=[0.999844924534189, 0.0, -0.017610419734399547, 0.0] status=0x0003
joint_pos=[9.956921489002156, -21.59439523435516, 9.631854968374876, 9.964811058482058, -21.569909613158043, 9.608323033415472] joint_vel=[-0.16501806134555178, 0.37513274749574876, 0.00998518594475633, 0.18394120335359118, -0.4825084386255792, -0.025420366538222654] imu_ang_vel=[0.0, -0.0011853209588927154, 0.0] imu_quat_wxyz=[0.9998447848028403, 0.0, -0.017618351300898154, 0.0] status=0x0003
joint_pos=[9.955164749204242, -21.59787331573597, 9.628554172882955, 9.965569748793063, -21.574548205162397, 9.60507249935283] joint_vel=[0.05517665077404119, -0.5811991570729045, -0.14636171132022666, -0.13077047968338817, 0.13828638954454095, -0.09576322030550635] imu_ang_vel=[0.0, -0.002007008328528824, 0.0] imu_quat_wxyz=[0.9998444363046302, 0.0, -0.017638117549111803, 0.0] status=0x0003
joint_pos=[9.957333331040802, -21.602404766011713, 9.6301006612675, 9.963417721824037, -21.56791232632169, 9.605464875397484] joint_vel=[0.00922317662870526, 0.2584184243115979, 0.16487139520502841, 0.027471452138259113, 0.11640076976766829, 0.07128172255834898] imu_ang_vel=[0.0, -0.0002842361320318304, 0.0] imu_quat_wxyz=[0.999844337037394, 0.0, -0.01764374377092617, 0.0] status=0x0003
sim t=    1.02s  x=-0.010m z= 0.519m pitch=-2.02deg action=[0.0, 0.0, 0.0, 0.0, 0.0, 0.0]
joint_pos=[9.955655017271154, -21.59579759950226, 9.630699331416348, 9.96563039520235, -21.5727632266576, 9.605178778131892] joint_vel=[-0.19913438857264257, 0.36056527428351504, -0.024170081642123867, 0.20975877711734245, -0.5556465517756348, -0.08614050731080064] imu_ang_vel=[0.0, -0.001783683258769195, 0.0] imu_quat_wxyz=[0.9998441373454348, 0.0, -0.017655056385166658, 0.0] status=0x0003
joint_pos=[9.95492639118381, -21.601657605492235, 9.62711197104838, 9.965746815809998, -21.57502122885085, 9.601753237472249] joint_vel=[0.09955038734311673, -0.6130882758896092, -0.10157932414006934, -0.17501672534736004, 0.32947287417839893, -0.06457145807444016] imu_ang_vel=[0.0, -0.0017911018013478256, 0.0] imu_quat_wxyz=[0.9998437620435238, 0.0, -0.01767629776433742, 0.0] status=0x0003
joint_pos=[9.956732190063445, -21.603914675886646, 9.628954743305428, 9.963879243182987, -21.56853094550249, 9.60189742918046] joint_vel=[0.017685009286402334, 0.2390246727126129, 0.10159001084710235, 0.0011021416978898764, 0.07968132129114788, 0.049524805990893345] imu_ang_vel=[0.0, -0.0007423540052628177, 0.0] imu_quat_wxyz=[0.9998436631234421, 0.0, -0.01768189220351963, 0.0] status=0x0003
joint_pos=[9.954224237743317, -21.59738888035067, 9.629019124832816, 9.966724267651857, -21.57567610064872, 9.600968163058853] joint_vel=[-0.2304649698048928, 0.2834007022778685, -0.06072768777466125, 0.2232438680108735, -0.6185919218354339, -0.1456185433187691] imu_ang_vel=[0.0, -0.0023022688753606517, 0.0] imu_quat_wxyz=[0.9998433560941058, 0.0, -0.0176992450255672, 0.0] status=0x0003
joint_pos=[9.954419836313699, -21.60539581225186, 9.62548588178674, 9.965211115623458, -21.57459472359675, 9.597957369242131] joint_vel=[0.13913992513324325, -0.5750511983953445, -0.03666648004144011, -0.19721063067194136, 0.4216227132818748, -0.01972966633549204] imu_ang_vel=[0.0, -0.0015027331744870151, 0.0] imu_quat_wxyz=[0.9998429754200228, 0.0, -0.017720736531979277, 0.0] status=0x0003
joint_pos=[9.955930765549212, -21.60563812581734, 9.627598972884128, 9.964131536730761, -21.57001064857791, 9.598573320728987] joint_vel=[0.012660099191797065, 0.2662508285157898, 0.07801586639733493, 0.01717926508755031, 0.03585718405121046, 0.037003063640138716] imu_ang_vel=[0.0, -0.0005926818575002781, 0.0] imu_quat_wxyz=[0.999842883231163, 0.0, -0.017725937267040612, 0.0] status=0x0003
joint_pos=[9.953033407252788, -21.599467973968743, 9.627270595413194, 9.96732223198258, -21.578070620490873, 9.597155219290858] joint_vel=[-0.20957445074224693, 0.15001875735185186, -0.08618996487229315, 0.19627037745063508, -0.5693718635499939, -0.16902347514532184] imu_ang_vel=[0.0, -0.002147578220506183, 0.0] imu_quat_wxyz=[0.9998426060274623, 0.0, -0.01774156622772483, 0.0] status=0x0003
joint_pos=[9.95432948496586, -21.60908681942989, 9.624195206724806, 9.965159624079288, -21.574424466825942, 9.594659516306708] joint_vel=[0.1716818115227649, -0.5180914273349837, -0.0037968981747015613, -0.2073177313984835, 0.5475026034753456, -0.03291389544286342] imu_ang_vel=[0.0, -0.0006411823224193518, 0.0] imu_quat_wxyz=[0.9998423117515879, 0.0, -0.01775814267429429, 0.0] status=0x0003
joint_pos=[9.95536445836251, -21.606608113467175, 9.626602957884698, 9.96485386984135, -21.570761506991296, 9.59538324902215] joint_vel=[-0.012372935889141255, 0.31038714906725007, 0.07989075856809003, 0.05126217656654456, -0.041917479206347204, 0.036972107774320424] imu_ang_vel=[0.0, -0.000671130479091695, 0.0] imu_quat_wxyz=[0.9998423101770352, 0.0, -0.017758231326607296, 0.0] status=0x0003
joint_pos=[9.95207126801746, -21.600858981209765, 9.62540260622169, 9.967956606946492, -21.578825437031465, 9.59334553031132] joint_vel=[-0.18047081329839074, 0.07330602728192487, -0.2198762627034145, 0.09637503510998507, -0.31478120384191693, -0.2380985654844975] imu_ang_vel=[0.0, -0.0020874669139969277, 0.0] imu_quat_wxyz=[0.9998420474113321, 0.0, -0.017773019673525216, 0.0] status=0x0003
joint_pos=[9.954065964399348, -21.610971175865497, 9.62339712516458, 9.965069703484172, -21.57334810445102, 9.591775949610739] joint_vel=[0.182182898072545, -0.43011487657654146, 0.028475850288317478, -0.19314800893487807, 0.5353661375051032, -0.01189346828612722] imu_ang_vel=[0.0, -1.533875957862845e-05, 0.0] imu_quat_wxyz=[0.9998418600886653, 0.0, -0.017783554606372376, 0.0] status=0x0003
joint_pos=[9.954532460319827, -21.60707833251144, 9.626059992575415, 9.965361579005165, -21.57158470419157, 9.59298033057402] joint_vel=[-0.04264665442960371, 0.35275732270857, 0.07098425690824052, 0.0768173854253739, -0.1081632302859764, 0.032948378902501664] imu_ang_vel=[0.0, -0.0005200151966711287, 0.0] imu_quat_wxyz=[0.9998418657841364, 0.0, -0.017783234387957862, 0.0] status=0x0003
joint_pos=[9.951650911338483, -21.60313518566331, 9.62438843824648, 9.968518633128527, -21.579652682243406, 9.590637951084046] joint_vel=[-0.053520004831883225, -0.18226713988268342, -0.2807207941963834, 0.07174891042177965, -0.211420594777155, -0.23644377175372064] imu_ang_vel=[0.0, -0.0018382731063745878, 0.0] imu_quat_wxyz=[0.9998416461835684, 0.0, -0.017795576892360696, 0.0] status=0x0003
joint_pos=[9.954013962663662, -21.61250020701219, 9.623403571634665, 9.965448314909084, -21.572006113519457, 9.589507324193546] joint_vel=[0.15963592279136884, -0.24627738138046165, 0.07253408006049829, -0.14894228708281335, 0.531296722246598, -0.013244047939294023] imu_ang_vel=[0.0, 0.0007230903770096086, 0.0] imu_quat_wxyz=[0.9998415979282643, 0.0, -0.01779828790235396, 0.0] status=0x0003
joint_pos=[9.95381240418329, -21.606873130970406, 9.626107258780253, 9.966329809211752, -21.571852228476327, 9.590749931278493] joint_vel=[-0.08364549227551238, 0.38965135758913905, 0.045117457962165035, 0.11416495678814013, -0.22433531374414992, 0.013422114209687697] imu_ang_vel=[0.0, -0.0004537943002539958, 0.0] imu_quat_wxyz=[0.9998416261837672, 0.0, -0.017796700542519753, 0.0] status=0x0003
joint_pos=[9.95103750640375, -21.605206222896598, 9.623786511968339, 9.96860974257444, -21.578829266514095, 9.588074797694755] joint_vel=[0.01847562366172535, -0.4646132934466846, -0.24408246710802672, -0.05519497769057172, -0.034341897844503984, -0.18507853867069937] imu_ang_vel=[0.0, -0.001104204870749286, 0.0] imu_quat_wxyz=[0.9998414254247467, 0.0, -0.017807975870679418, 0.0] status=0x0003
joint_pos=[9.95351260188105, -21.613324909399616, 9.624455809254062, 9.965694110905009, -21.5714236690227, 9.588158812571361] joint_vel=[0.10485671411602634, -0.10737157655800739, 0.21781014870713789, -0.061750622999045754, 0.2853704082207745, 0.07939186027417477] imu_ang_vel=[0.0, 0.000985262962262103, 0.0] imu_quat_wxyz=[0.9998414265160664, 0.0, -0.017807914597655874, 0.0] status=0x0003
joint_pos=[9.952867303728592, -21.60686109828083, 9.626647816684214, 9.96704239140488, -21.57268674094285, 9.589364338150343] joint_vel=[-0.11602750303973898, 0.4028689956423425, 0.035001357771602244, 0.14684639560793625, -0.31379135394081165, -0.0022038321646942875] imu_ang_vel=[0.0, -0.00024227029377467548, 0.0] imu_quat_wxyz=[0.9998414471909239, 0.0, -0.017806753751284075, 0.0] status=0x0003
joint_pos=[9.950779977092637, -21.607560848627767, 9.624114298992252, 9.969033872993844, -21.578699877243146, 9.586643550772768] joint_vel=[0.03730491637126973, -0.5334095728319451, -0.18301925891886997, -0.08445720867262703, 0.06986046564570253, -0.13318956577067959] imu_ang_vel=[0.0, -0.0005338800971995464, 0.0] imu_quat_wxyz=[0.9998412905060562, 0.0, -0.017815549365204963, 0.0] status=0x0003
joint_pos=[9.953149296961291, -21.6131057078007, 9.625647492391854, 9.96647763846837, -21.570213669419303, 9.586957552491718] joint_vel=[0.0371021040999282, 0.1818776571291775, 0.2687099615273231, 0.0143170234661499, 0.20186140984887538, 0.1032294383983199] imu_ang_vel=[0.0, 0.0013715362703505462, 0.0] imu_quat_wxyz=[0.9998413991365216, 0.0, -0.01780945178052992, 0.0] status=0x0003
joint_pos=[9.95197438119898, -21.606183177940675, 9.627379238348514, 9.968308330767133, -21.573276847318112, 9.587891273481162] joint_vel=[-0.168635554086386, 0.4108482752597112, 0.025403531905835056, 0.18968977860843725, -0.45994340278409807, -0.011021275390728948] imu_ang_vel=[0.0, -0.0003434234538536204, 0.0] imu_quat_wxyz=[0.9998414247283258, 0.0, -0.01780801497168083, 0.0] status=0x0003
joint_pos=[9.95037872531409, -21.609229876448747, 9.624609062752707, 9.968970208035831, -21.576871916575335, 9.585208536352253] joint_vel=[0.06531725139703519, -0.5535372668921554, -0.10951878378634627, -0.13573068067450403, 0.1981171368998481, -0.06044506961357187] imu_ang_vel=[0.0, -0.0008234803327061198, 0.0] imu_quat_wxyz=[0.999841260758119, 0.0, -0.017817218795733763, 0.0] status=0x0003
joint_pos=[9.952603751884073, -21.613153934733006, 9.627040778948126, 9.966873386398344, -21.569740010588635, 9.586389068493565] joint_vel=[0.014260576574482684, 0.2603237929323077, 0.20665824590956974, 0.027605770097832345, 0.11803077312011151, 0.12345030890475754] imu_ang_vel=[0.0, 0.0006408755647566396, 0.0] imu_quat_wxyz=[0.9998413777387215, 0.0, -0.01781065303505854, 0.0] status=0x0003
joint_pos=[9.950906452932418, -21.60598368676736, 9.62841616413771, 9.969144830816509, -21.57414228273687, 9.58691276712329] joint_vel=[-0.1967391700643458, 0.3941920113017863, 0.00824976829177365, 0.21260930441775375, -0.5176567855226776, -0.04940550140306636] imu_ang_vel=[0.0, -0.00036564866279332515, 0.0] imu_quat_wxyz=[0.9998413900339169, 0.0, -0.017809962803018765, 0.0] status=0x0003
joint_pos=[9.950313398956338, -21.61139391160647, 9.625665098197416, 9.969209946260998, -21.57564295391147, 9.584471983565418] joint_vel=[0.10210920075096541, -0.5636135132540369, -0.061848416507429345, -0.17338229131665167, 0.3739595167102671, -0.022834776811282476] imu_ang_vel=[0.0, -0.00035487384387480176, 0.0] imu_quat_wxyz=[0.9998412690521902, 0.0, -0.017816753354804288, 0.0] status=0x0003
joint_pos=[9.952318084861636, -21.61275567228486, 9.628385041649375, 9.967578653291831, -21.568474269026243, 9.585537984531515] joint_vel=[0.0289758304794053, 0.2602772632244697, 0.15608657212055968, 0.011958201714576485, 0.09590695926476744, 0.10789124075068592] imu_ang_vel=[0.0, 0.00106224509694299, 0.0] imu_quat_wxyz=[0.9998414705269971, 0.0, -0.01780544339273866, 0.0] status=0x0003
joint_pos=[9.94987779210632, -21.605479443612055, 9.62932923190976, 9.9704634286553, -21.57486148809268, 9.585547890712816] joint_vel=[-0.2243608508822544, 0.3253164966438873, -0.019901334846676045, 0.22374831866410708, -0.5744958949238861, -0.0966576959556357] imu_ang_vel=[0.0, -0.0007206298103796353, 0.0] imu_quat_wxyz=[0.9998414367902269, 0.0, -0.017807337736304822, 0.0] status=0x0003
joint_pos=[9.950108779886603, -21.612796208767055, 9.626739306212112, 9.969035461836691, -21.57326851292191, 9.583518097132965] joint_vel=[0.1407359640569146, -0.5337213879724558, 0.001353670200033952, -0.1948645677408158, 0.4620493341386123, 0.016938383749871427] imu_ang_vel=[0.0, -3.52750415014637e-05, 0.0] imu_quat_wxyz=[0.9998413200881914, 0.0, -0.017813889084163273, 0.0] status=0x0003
joint_pos=[9.9517161693159, -21.612656983624394, 9.629869720648498, 9.968004386994764, -21.568172932872805, 9.585134569006295] joint_vel=[0.01666062051699989, 0.27548190960811453, 0.13128491079855747, 0.018371399650594474, 0.05032509697116804, 0.09418559240243914] imu_ang_vel=[0.0, 0.000686653512241125, 0.0] imu_quat_wxyz=[0.9998414818181993, 0.0, -0.017804809338696805, 0.0] status=0x0003
joint_pos=[9.948889290783164, -21.605842129378562, 9.63037732124404, 9.9711956204887, -21.57554386874219, 9.584597849411617] joint_vel=[-0.2091504786330377, 0.2017002869319309, -0.049372629375383295, 0.20248754558589585, -0.5427140534840497, -0.1264475504447464] imu_ang_vel=[0.0, -0.0007768088985041435, 0.0] imu_quat_wxyz=[0.9998414367468131, 0.0, -0.0178073401738845, 0.0] status=0x0003
joint_pos=[9.950215193796652, -21.61470176967068, 9.628025445930822, 9.96921823326434, -21.57138503084259, 9.582796332268536] joint_vel=[0.17477082625435847, -0.4894840835457087, 0.025771869216297035, -0.2057001211407575, 0.5893541493694322, -0.004856670202242033] imu_ang_vel=[0.0, 0.0006247267785484924, 0.0] imu_quat_wxyz=[0.9998413832132031, 0.0, -0.01781034570996946, 0.0] status=0x0003
joint_pos=[9.951284831209957, -21.612030122973614, 9.63122640631316, 9.96885640027172, -21.567319732861534, 9.584291850704464] joint_vel=[-0.011834076595262914, 0.3176492136953063, 0.12017394051390248, 0.04913488200921345, -0.031102990817739942, 0.07885851439387258] imu_ang_vel=[0.0, 0.00019125565855413005, 0.0] imu_quat_wxyz=[0.999841567093719, 0.0, -0.01780001998808577, 0.0] status=0x0003
joint_pos=[9.948003138785754, -21.605920116814566, 9.63064535990392, 9.971999819771344, -21.575146486083103, 9.582925262966258] joint_vel=[-0.17919222578238772, 0.08393341917925429, -0.18445659166800438, 0.1006200435437899, -0.3130725648939765, -0.19748765686460204] imu_ang_vel=[0.0, -0.001128982346299053, 0.0] imu_quat_wxyz=[0.9998414737858702, 0.0, -0.01780526039402423, 0.0] status=0x0003
joint_pos=[9.950066863299593, -21.61570764081782, 9.629244629368296, 9.969103754977851, -21.56916837141293, 9.581938238751913] joint_vel=[0.186274376802009, -0.40593338116515915, 0.05382630229009442, -0.19097225608720086, 0.5623755834726197, 0.009908827478794631] imu_ang_vel=[0.0, 0.0008980125378441923, 0.0] imu_quat_wxyz=[0.9998414450002334, 0.0, -0.017806876757176772, 0.0] status=0x0003
joint_pos=[9.950522153325377, -21.61175577092481, 9.632575191187215, 9.969406315828415, -21.567437450642384, 9.58379390346469] joint_vel=[-0.04314314277395467, 0.357933943564657, 0.09628699557463576, 0.07637859870609855, -0.10517945850250841, 0.05961410508164158] imu_ang_vel=[0.0, 6.646506554789049e-05, 0.0] imu_quat_wxyz=[0.9998415643678942, 0.0, -0.017800173099217383, 0.0] status=0x0003
joint_pos=[9.947665869903942, -21.60771653645123, 9.631267017439388, 9.972550186991016, -21.575343737653508, 9.581895486199898] joint_vel=[-0.04777997886206938, -0.193299882576941, -0.2617095086302028, 0.06674425551555879, -0.20386185386930594, -0.2091883683985114] imu_ang_vel=[0.0, -0.0012052651390687965, 0.0] imu_quat_wxyz=[0.9998414569545624, 0.0, -0.017806205518807468, 0.0] status=0x0003
joint_pos=[9.950041365482086, -21.616792488043806, 9.630647823999315, 9.969490980331177, -21.567460729567266, 9.581147245541578] joint_vel=[0.16028233709053802, -0.2267652196210907, 0.08800673186475112, -0.1461581809646486, 0.5429598005602078, 0.0019384281101545648] imu_ang_vel=[0.0, 0.001308071479688836, 0.0] imu_quat_wxyz=[0.9998415081629739, 0.0, -0.017803329868030127, 0.0] status=0x0003
joint_pos=[9.949896853760546, -21.610974243219598, 9.633666702749455, 9.970445899394733, -21.567220646446923, 9.582745776683765] joint_vel=[-0.08383244330931666, 0.39965419287933346, 0.057895643639808154, 0.1143509533862765, -0.2173926961176512, 0.02664476832506385] imu_ang_vel=[0.0, -2.7372786259818356e-05, 0.0] imu_quat_wxyz=[0.9998416288140239, 0.0, -0.017796552770677924, 0.0] status=0x0003
joint_pos=[9.947123665778712, -21.60918264440127, 9.63161870062589, 9.972733692109092, -21.57414270724319, 9.580384874714719] joint_vel=[0.019437053085995006, -0.4640553205165906, -0.23000463645081232, -0.05671752488978358, -0.03011366824304905, -0.16812076020153735] imu_ang_vel=[0.0, -0.0007728707858722694, 0.0] imu_quat_wxyz=[0.9998414961911484, 0.0, -0.017804002197420617, 0.0] status=0x0003
joint_pos=[9.949611150456949, -21.617193613165576, 9.632507947353915, 9.969802744210085, -21.566589983261462, 9.580685304421502] joint_vel=[0.1028797195204211, -0.10347401628389145, 0.2316320876581217, -0.06124941156509915, 0.28288898888876096, 0.09221193645663814] imu_ang_vel=[0.0, 0.0012652469035784517, 0.0] imu_quat_wxyz=[0.9998415520021139, 0.0, -0.01780086767560041, 0.0] status=0x0003
joint_pos=[9.948957232479168, -21.6106852537129, 9.634853849518949, 9.971146040761862, -21.56788180878339, 9.582080152823172] joint_vel=[-0.11753034435672657, 0.4078477248893211, 0.04084711349885018, 0.1474577837073042, -0.31570658793184864, 0.0046067799307472086] imu_ang_vel=[0.0, -6.947169907624184e-05, 0.0] imu_quat_wxyz=[0.9998416043101254, 0.0, -0.017797929389532757, 0.0] status=0x0003
joint_pos=[9.946879600004031, -21.61140697643729, 9.632425714660403, 9.97311144867869, -21.57388343408568, 9.579519162535957] joint_vel=[0.03757828637666374, -0.5346113878083455, -0.17649466184260004, -0.08640803225975476, 0.07110628395060302, -0.12426277893028823] imu_ang_vel=[0.0, -0.00042709621217216056, 0.0] imu_quat_wxyz=[0.9998414740424217, 0.0, -0.01780524598755208, 0.0] status=0x0003
joint_pos=[9.949260429018361, -21.616893135095637, 9.634034495949713, 9.970558222862296, -21.565360204322364, 9.579921566474178] joint_vel=[0.038717448015901025, 0.1857095148456843, 0.27144048464780274, 0.016619736827993357, 0.20170602550991937, 0.10721975506193618] imu_ang_vel=[0.0, 0.001469385187706645, 0.0] imu_quat_wxyz=[0.9998416025916061, 0.0, -0.017798025931227365, 0.0] status=0x0003
joint_pos=[9.948083155089734, -21.609916077656994, 9.635795216567475, 9.972394600007283, -21.568462126064855, 9.580917728280298] joint_vel=[-0.16955985912744123, 0.4136981870003516, 0.026571127977776665, 0.18995172089335635, -0.4634211878129317, -0.00878759102753187] imu_ang_vel=[0.0, -0.00029693915655930304, 0.0] imu_quat_wxyz=[0.9998416423307827, 0.0, -0.01779579335919777, 0.0] status=0x0003
joint_pos=[9.946488847938785, -21.612981185509312, 9.633051070817077, 9.973034409596195, -21.572057247874703, 9.578299392511015] joint_vel=[0.06715882112475095, -0.5570276377634454, -0.10788277835324268, -0.13868425971179366, 0.2041714233281665, -0.057218462114426306] imu_ang_vel=[0.0, -0.0008143703510729708, 0.0] imu_quat_wxyz=[0.9998414818374036, 0.0, -0.01780480826027007, 0.0] status=0x0003
joint_pos=[9.948713223676746, -21.61692322693522, 9.63549459784793, 9.970919199656803, -21.564946566093578, 9.579496616209193] joint_vel=[0.014033046016240135, 0.2589184537670328, 0.20419007760390415, 0.026162771941805725, 0.1147257153515066, 0.12359412921612754] imu_ang_vel=[0.0, 0.0005667966230946818, 0.0] imu_quat_wxyz=[0.999841595155695, 0.0, -0.017798443654295476, 0.0] status=0x0003
joint_pos=[9.94698820704633, -21.609737870723297, 9.636819289761869, 9.973199169114714, -21.569469909934423, 9.579998140693457] joint_vel=[-0.19884726092561555, 0.39361914593010994, 0.00554067041092515, 0.21363908103937093, -0.5255672481140345, -0.051800775085499996] imu_ang_vel=[0.0, -0.0004279464139441279, 0.0] imu_quat_wxyz=[0.9998415974552972, 0.0, -0.01779831447186459, 0.0] status=0x0003
joint_pos=[9.946427916102127, -21.615314614284866, 9.634034656191593, 9.97320034978732, -21.570975801005254, 9.577582824172701] joint_vel=[0.10299834931166764, -0.5665896395199981, -0.06147048230196216, -0.17576808042382966, 0.37505252269809375, -0.021954654184355382] imu_ang_vel=[0.0, -0.00043875353202188304, 0.0] imu_quat_wxyz=[0.9998414615515202, 0.0, -0.017805947391808644, 0.0] status=0x0003
joint_pos=[9.948446807445698, -21.616635980091136, 9.636695932847632, 9.971596204008774, -21.563865429185196, 9.578617742140155] joint_vel=[0.03025497709388591, 0.26379473471942677, 0.1509303341735534, 0.013722182541517131, 0.09435572496619793, 0.10527871559551148] imu_ang_vel=[0.0, 0.0010740059494859502, 0.0] imu_quat_wxyz=[0.9998416541916183, 0.0, -0.017795126955671023, 0.0] status=0x0003
joint_pos=[9.945986193703867, -21.609327542897567, 9.637567657415682, 9.974490746359463, -21.570357868037497, 9.578582149025456] joint_vel=[-0.2262693973832422, 0.3261117950409144, -0.0230474539569239, 0.22442394885827924, -0.5814618148956489, -0.09904531194857501] imu_ang_vel=[0.0, -0.0008073522172985286, 0.0] imu_quat_wxyz=[0.9998416099575569, 0.0, -0.01779761212861528, 0.0] status=0x0003
sim t=    2.02s  x=-0.010m z= 0.519m pitch=-2.04deg action=[0.0, 0.0, 0.0, 0.0, 0.0, 0.0]
joint_pos=[9.946240959920274, -21.616713971505693, 9.63492902207122, 9.973015573095516, -21.568697470585995, 9.576533844239636] joint_vel=[0.14286984669450045, -0.5373486033381438, 8.657087346848529e-05, -0.19710912187417579, 0.4669950521368632, 0.015275489879311788] imu_ang_vel=[0.0, -0.00010299861408485272, 0.0] imu_quat_wxyz=[0.9998414792388184, 0.0, -0.01780495418504487, 0.0] status=0x0003
joint_pos=[9.947829781451516, -21.616584239664572, 9.63799886123548, 9.971971093533204, -21.563689704507528, 9.578103999176143] joint_vel=[0.015619570779653716, 0.2770637433724748, 0.12616422861446505, 0.01782948432038217, 0.046938295117225415, 0.09033753849242718] imu_ang_vel=[0.0, 0.0005495829211137667, 0.0] imu_quat_wxyz=[0.9998416197618923, 0.0, -0.017797061328080465, 0.0] status=0x0003
joint_pos=[9.944980029970369, -21.609816479250153, 9.638405634178882, 9.975164069194113, -21.571189928083616, 9.57749937114636] joint_vel=[-0.20793527373704804, 0.19131364921106536, -0.054230656622716894, 0.19972377001160246, -0.5434638775563615, -0.12911480486696073] imu_ang_vel=[0.0, -0.0008882786279389769, 0.0] imu_quat_wxyz=[0.9998415559245922, 0.0, -0.017800647355939548, 0.0] status=0x0003
joint_pos=[9.94634578413543, -21.618839993578543, 9.636006941854214, 9.973116890101885, -21.56703796590258, 9.575707758370775] joint_vel=[0.17506509815942128, -0.4903326463322969, 0.024157859016654758, -0.20645408032527043, 0.5863136934618898, -0.006423720016726541] imu_ang_vel=[0.0, 0.0005361581919444397, 0.0] imu_quat_wxyz=[0.9998414811210321, 0.0, -0.017804848488564704, 0.0] status=0x0003
joint_pos=[9.947430592078398, -21.616083489560236, 9.639114262063165, 9.972797865539544, -21.563031493477695, 9.577154517694614] joint_vel=[-0.011760953625571806, 0.32105042045685345, 0.11511208164024142, 0.04988581674401529, -0.03341531255851187, 0.07602124249255747] imu_ang_vel=[0.0, 0.00017832588848314728, 0.0] imu_quat_wxyz=[0.9998416579139322, 0.0, -0.017794917811534614, 0.0] status=0x0003
joint_pos=[9.944128065531824, -21.60994190703999, 9.63845872771163, 9.975943356037789, -21.57093297997432, 9.57574070327976] joint_vel=[-0.17974273683341718, 0.08402801776552075, -0.1886627095010221, 0.09938631913453781, -0.31313109780192977, -0.19925273022784815] imu_ang_vel=[0.0, -0.0012087907788943017, 0.0] imu_quat_wxyz=[0.9998415524435563, 0.0, -0.017800842880580613, 0.0] status=0x0003
joint_pos=[9.946224281692007, -21.619784671806826, 9.637021858754471, 9.973006398552458, -21.564869749037967, 9.57473190121268] joint_vel=[0.18697826081613805, -0.40641550963182055, 0.05198989147874094, -0.19140081201552617, 0.5623983862266236, 0.0075693702108273215] imu_ang_vel=[0.0, 0.0008401948665598558, 0.0] imu_quat_wxyz=[0.9998415133716544, 0.0, -0.017803037344222998, 0.0] status=0x0003
joint_pos=[9.946655445694327, -21.61581506430105, 9.6402866229814, 9.973302362728706, -21.56323661010599, 9.576551856382284] joint_vel=[-0.04426122607338545, 0.3604395385145323, 0.09123161537735876, 0.07688214564400993, -0.11039147853395924, 0.05701747929103471] imu_ang_vel=[0.0, -8.616431316307025e-06, 0.0] imu_quat_wxyz=[0.9998416152371231, 0.0, -0.01779731552848916, 0.0] status=0x0003
joint_pos=[9.943816385689791, -21.611925326120293, 9.63889332730815, 9.976414020548388, -21.571216335083044, 9.574628314697854] joint_vel=[-0.041562123160115594, -0.2154968824096262, -0.26671540490245244, 0.060250240119712965, -0.20295064350362105, -0.2063116008678076] imu_ang_vel=[0.0, -0.001276812982306308, 0.0] imu_quat_wxyz=[0.999841494532217, 0.0, -0.017804095359851484, 0.0] status=0x0003
joint_pos=[9.946194557686898, -21.6210078619181, 9.638264087488606, 9.97332525598148, -21.56334847641587, 9.573891790169471] joint_vel=[0.15897502701169292, -0.22257856918837657, 0.08691710331672337, -0.14546092811176178, 0.538794341841662, 0.0018777409894311114] imu_ang_vel=[0.0, 0.0012582909290534208, 0.0] imu_quat_wxyz=[0.9998415317656723, 0.0, -0.01780200428250199, 0.0] status=0x0003
joint_pos=[9.946063369287046, -21.61510075597359, 9.64120537636379, 9.97431284854538, -21.563141839643837, 9.575456305591954] joint_vel=[-0.08429874033595643, 0.40290413563828753, 0.055150046627760595, 0.11494258972028171, -0.2203607177942176, 0.024853755341182403] imu_ang_vel=[0.0, -4.253966238179743e-05, 0.0] imu_quat_wxyz=[0.9998416520080685, 0.0, -0.01779524964074161, 0.0] status=0x0003
joint_pos=[9.943285500159048, -21.61329435102149, 9.639112472993224, 9.976591714626936, -21.570076192296966, 9.573083699867583] joint_vel=[0.020897269418928457, -0.467134318399689, -0.23153510322663012, -0.058912542931936124, -0.025493496704814367, -0.1674519998436826] imu_ang_vel=[0.0, -0.0007987943595823042, 0.0] imu_quat_wxyz=[0.9998415137879374, 0.0, -0.017803013965219532, 0.0] status=0x0003
joint_pos=[9.945787966222415, -21.621313823671876, 9.640005090875244, 9.973637005506358, -21.562477839126096, 9.573386920984513] joint_vel=[0.10017082951258761, -0.10184370934238156, 0.23390020050630886, -0.06104390561719666, 0.27593601748559177, 0.09376674342194281] imu_ang_vel=[0.0, 0.0012308584613049268, 0.0] imu_quat_wxyz=[0.999841566249167, 0.0, -0.01780006742719546, 0.0] status=0x0003
joint_pos=[9.945116204040382, -21.61477201754855, 9.642286805525549, 9.974982934986592, -21.563857729585163, 9.57475997441627] joint_vel=[-0.11937165489708987, 0.4101582553192621, 0.03819837013173888, 0.14898815512431385, -0.3232728670206708, 0.003634579648869921] imu_ang_vel=[0.0, -0.00010439219291196212, 0.0] imu_quat_wxyz=[0.9998416079502968, 0.0, -0.017797724892946117, 0.0] status=0x0003
joint_pos=[9.94307033844931, -21.615651025172845, 9.639814842655918, 9.97689468885934, -21.569868279264696, 9.572220095237526] joint_vel=[0.03810585371419229, -0.5380837589301077, -0.17572675568828666, -0.08979680592253372, 0.07249006409870151, -0.12068840997639302] imu_ang_vel=[0.0, -0.0005206622044464792, 0.0] imu_quat_wxyz=[0.9998414687756056, 0.0, -0.01780554173957366, 0.0] status=0x0003
joint_pos=[9.945457355198856, -21.62107957126249, 9.641411911869952, 9.97434419740869, -21.561356452130273, 9.572632181711116] joint_vel=[0.03947679778298602, 0.19177815749677593, 0.2683622777382917, 0.018899128371780708, 0.20091019805987595, 0.10677210098159533] imu_ang_vel=[0.0, 0.0014668045985320674, 0.0] imu_quat_wxyz=[0.9998415940051413, 0.0, -0.017798508287442904, 0.0] status=0x0003
joint_pos=[9.944278749208776, -21.614022137872684, 9.64312934295515, 9.976195827991392, -21.564489122379833, 9.57361974565798] joint_vel=[-0.170242405394553, 0.41733509498939997, 0.02511891091710898, 0.190738367698434, -0.46623071222351603, -0.00909847103238232] imu_ang_vel=[0.0, -0.0002939253169552856, 0.0] imu_quat_wxyz=[0.9998416376487146, 0.0, -0.017796056415302137, 0.0] status=0x0003
joint_pos=[9.942702835476402, -21.617091715641976, 9.64037289377109, 9.976813134675284, -21.5680263395357, 9.571023027669046] joint_vel=[0.06973365730813522, -0.559149390386602, -0.1074342838320717, -0.14135411310212856, 0.21242171377104196, -0.05532046949379728] imu_ang_vel=[0.0, -0.0008052977581169019, 0.0] imu_quat_wxyz=[0.9998414775846345, 0.0, -0.01780504707589316, 0.0] status=0x0003
joint_pos=[9.94493022476311, -21.621013534983085, 9.642811812760868, 9.974685485786292, -21.56091288141678, 9.572227443408677] joint_vel=[0.014287550353593362, 0.25871132144877407, 0.2012817344465766, 0.02512176372188835, 0.11241330770534784, 0.12376863070999357] imu_ang_vel=[0.0, 0.000509718202833775, 0.0] imu_quat_wxyz=[0.9998415895434318, 0.0, -0.017798758924814338, 0.0] status=0x0003
joint_pos=[9.943180631717594, -21.613778041719815, 9.644093993053124, 9.976984146380566, -21.565529340992796, 9.572712523834747] joint_vel=[-0.20048429930384642, 0.39464032774808483, 0.003352800710120335, 0.21504552508253943, -0.5309917505867048, -0.053712145751977594] imu_ang_vel=[0.0, -0.0004407388980667577, 0.0] imu_quat_wxyz=[0.9998415884790474, 0.0, -0.017798818716288665, 0.0] status=0x0003
joint_pos=[9.942667284881397, -21.619501862439943, 9.641302073311294, 9.976920118481614, -21.566995930739022, 9.570353356646773] joint_vel=[0.10404496463609514, -0.5666103339126819, -0.05976689598323793, -0.17759749672919078, 0.37756442245678307, -0.019888603657008452] imu_ang_vel=[0.0, -0.0004618181707874526, 0.0] imu_quat_wxyz=[0.9998414476992107, 0.0, -0.017806725211183132, 0.0] status=0x0003
joint_pos=[9.94468807006071, -21.620739241032496, 9.643941778213948, 9.97533130985444, -21.5599038707768, 9.57139886344471] joint_vel=[0.03049614806624207, 0.2685654234879699, 0.14844938419327602, 0.014508617769265177, 0.09417167564398428, 0.10548962171440404] imu_ang_vel=[0.0, 0.0011251553474818205, 0.0] imu_quat_wxyz=[0.9998416439025405, 0.0, -0.0177957050510902, 0.0] status=0x0003
joint_pos=[9.942224037861795, -21.613360917204837, 9.644792465429246, 9.978239156438423, -21.566428648128213, 9.571368902202197] joint_vel=[-0.22669471318303763, 0.32894529309265824, -0.023691330345592804, 0.22504355914486543, -0.583206233126077, -0.09847526760940359] imu_ang_vel=[0.0, -0.0007931778095875222, 0.0] imu_quat_wxyz=[0.9998416038949227, 0.0, -0.017797952714527124, 0.0] status=0x0003
joint_pos=[9.94251320456609, -21.620763951990572, 9.64215987354604, 9.976733922452025, -21.56466825905748, 9.569351676848202] joint_vel=[0.1451191364351792, -0.5375084907209425, 0.0006918479556424009, -0.19847058326239636, 0.47345708813562476, 0.015529453189989089] imu_ang_vel=[0.0, -7.419787796168254e-05, 0.0] imu_quat_wxyz=[0.9998414765477974, 0.0, -0.017805105299329396, 0.0] status=0x0003
joint_pos=[9.944089436979793, -21.620589243035194, 9.645215755852934, 9.975684774366153, -21.559696053866702, 9.570930733355805] joint_vel=[0.014939160784734971, 0.2800039746105096, 0.12469510024308365, 0.017758921627404427, 0.04489966932346117, 0.09006075829734807] imu_ang_vel=[0.0, 0.0005252761052326364, 0.0] imu_quat_wxyz=[0.9998416153371569, 0.0, -0.017797309908660245, 0.0] status=0x0003
joint_pos=[9.941229159023488, -21.613815946800532, 9.645586327633046, 9.978887939218632, -21.567264514962392, 9.570319996282104] joint_vel=[-0.20616807709277826, 0.18485247475266434, -0.05605351336130807, 0.19763038971242805, -0.5412463521962377, -0.1286739809482751] imu_ang_vel=[0.0, -0.0008909179088149831, 0.0] imu_quat_wxyz=[0.999841551145855, 0.0, -0.017800915769996147, 0.0] status=0x0003
joint_pos=[9.942618675810222, -21.622942871343245, 9.643200165986968, 9.976770604474625, -21.563091103084673, 9.568591542295449] joint_vel=[0.17571361770382907, -0.4888087880663726, 0.024588546157095374, -0.206483751425993, 0.5854846377433263, -0.005665625733622982] imu_ang_vel=[0.0, 0.0005438309152240456, 0.0] imu_quat_wxyz=[0.9998414706225227, 0.0, -0.017805438028621945, 0.0] status=0x0003
joint_pos=[9.943706969429188, -21.620099049133835, 9.646280901667682, 9.976472137086532, -21.55910439612201, 9.570051734658135] joint_vel=[-0.011282553593472914, 0.3247163088621638, 0.11372405427498493, 0.050611361160650445, -0.034166434523658494, 0.07657381563272636] imu_ang_vel=[0.0, 0.00021776693792201196, 0.0] imu_quat_wxyz=[0.9998416530814801, 0.0, -0.017795189330073718, 0.0] status=0x0003
joint_pos=[9.940406941398084, -21.613902109975335, 9.645615950151475, 9.979629727337977, -21.56702609705489, 9.568653753615417] joint_vel=[-0.17933655819001823, 0.08542118806942418, -0.1884747843733437, 0.09949434028995816, -0.31263272507103923, -0.1975935863088863] imu_ang_vel=[0.0, -0.0011911005213021135, 0.0] imu_quat_wxyz=[0.9998415516754795, 0.0, -0.017800886022035674, 0.0] status=0x0003
joint_pos=[9.942542344218028, -21.62376222262024, 9.644186588302228, 9.97666870403545, -21.560871532459107, 9.567668472445861] joint_vel=[0.18792844822130658, -0.4051144756304917, 0.05184084464841573, -0.19113679766414576, 0.5632666630346103, 0.007283145596264544] imu_ang_vel=[0.0, 0.0008620840307043863, 0.0] imu_quat_wxyz=[0.999841516508569, 0.0, -0.017802861170186108, 0.0] status=0x0003
joint_pos=[9.942954030307082, -21.619731205661516, 9.647422127041343, 9.976965676247826, -21.55929277606253, 9.569494621864225] joint_vel=[-0.04493903187331628, 0.364025531136684, 0.08917635086825973, 0.07794376110080756, -0.11437809308215997, 0.056778326103520564] imu_ang_vel=[0.0, -7.0752809567459825e-06, 0.0] imu_quat_wxyz=[0.9998416166639588, 0.0, -0.01779723536961215, 0.0] status=0x0003
joint_pos=[9.940092959696752, -21.61594051390289, 9.646001324751325, 9.980010282111795, -21.567307514411826, 9.567592939272425] joint_vel=[-0.04503425730981919, -0.2335304796040528, -0.26752486810896003, 0.04539780523009288, -0.2007036702304976, -0.20126593049846853] imu_ang_vel=[0.0, -0.0012740108984816152, 0.0] imu_quat_wxyz=[0.9998414962241243, 0.0, -0.01780400034555165, 0.0] status=0x0003
joint_pos=[9.942477046279524, -21.625023708936876, 9.64539317623787, 9.976897476543646, -21.55945025302009, 9.566901764373094] joint_vel=[0.15913398225518555, -0.219647183665314, 0.08689213545807453, -0.14433702652857183, 0.5363423868337791, 0.003160267222705413] imu_ang_vel=[0.0, 0.0012721466980515727, 0.0] imu_quat_wxyz=[0.999841522439031, 0.0, -0.017802528101386623, 0.0] status=0x0003
joint_pos=[9.942357881827064, -21.619040669466067, 9.64830240300461, 9.977907927919928, -21.55925842969139, 9.568473830833954] joint_vel=[-0.0835375120066092, 0.4061567862964816, 0.054178136855237397, 0.1160319314674287, -0.22154130781882675, 0.025114118690681697] imu_ang_vel=[0.0, -8.832609433712411e-06, 0.0] imu_quat_wxyz=[0.9998416490242209, 0.0, -0.01779541729004228, 0.0] status=0x0003
joint_pos=[9.939600220615175, -21.617208076209533, 9.646206044090025, 9.980195000470244, -21.56618646178615, 9.566128796062237] joint_vel=[0.02319729703570817, -0.46947926483304625, -0.23167920727852306, -0.06010365621760569, -0.02170510467963228, -0.16524456448976174] imu_ang_vel=[0.0, -0.0007797472687703649, 0.0] imu_quat_wxyz=[0.9998415149428278, 0.0, -0.01780294910488103, 0.0] status=0x0003
joint_pos=[9.942122195634678, -21.625215076395264, 9.647099836377125, 9.977229330158416, -21.558543841811698, 9.566447253685666] joint_vel=[0.09794294469655614, -0.0976850693838296, 0.23339284988362355, -0.061177394761147134, 0.27346019719127745, 0.09476276168470997] imu_ang_vel=[0.0, 0.0012373615214018724, 0.0] imu_quat_wxyz=[0.9998415705679095, 0.0, -0.01779982483891814, 0.0] status=0x0003
joint_pos=[9.941444232687552, -21.618616912083745, 9.649342667407538, 9.978590156140138, -21.559984286600038, 9.567816705854305] joint_vel=[-0.12038030579536135, 0.4131757324266054, 0.03678515175970754, 0.15087669468781695, -0.32908117953092914, 0.0036728285060989873] imu_ang_vel=[0.0, -9.714030220470939e-05, 0.0] imu_quat_wxyz=[0.9998416117462046, 0.0, -0.017797511644942234, 0.0] status=0x0003
joint_pos=[9.93934969234692, -21.619610245347236, 9.646864014334652, 9.980380771099906, -21.565997696432472, 9.565319542758644] joint_vel=[0.03638850862670424, -0.5416891914404076, -0.17395511058024057, -0.09513398592783232, 0.07255467666930522, -0.11633630893275362] imu_ang_vel=[0.0, -0.0008003799279353148, 0.0] imu_quat_wxyz=[0.9998414605122898, 0.0, -0.01780600574668835, 0.0] status=0x0003
joint_pos=[9.94175663097537, -21.625017834816102, 9.648462077825556, 9.977841339371412, -21.557507151067323, 9.565753602009828] joint_vel=[0.04019559738781212, 0.19473420669981764, 0.2670359642497812, 0.020400823753395313, 0.2000359450447815, 0.10705685028027133] imu_ang_vel=[0.0, 0.0014912412645686085, 0.0] imu_quat_wxyz=[0.9998415840324135, 0.0, -0.017799068502426338, 0.0] status=0x0003
joint_pos=[9.940595973851853, -21.61789309084424, 9.650148222520837, 9.979717552557299, -21.56065768819559, 9.566747550106601] joint_vel=[-0.1693015376495869, 0.42047366636909755, 0.024195123418416235, 0.19218395275109948, -0.46765363371512386, -0.008701967145563948] imu_ang_vel=[0.0, -0.0002636592821520139, 0.0] imu_quat_wxyz=[0.9998416338274855, 0.0, -0.017796271103365603, 0.0] status=0x0003
joint_pos=[9.939056988573714, -21.620963139322594, 9.64739371529618, 9.980336829921574, -21.564158148975636, 9.564184369901891] joint_vel=[0.07272390148435481, -0.5614039648867111, -0.10680200893689559, -0.14279873533107273, 0.21816131943907066, -0.053373929561547365] imu_ang_vel=[0.0, -0.0007858067019964907, 0.0] imu_quat_wxyz=[0.9998414778471442, 0.0, -0.017805032334673523, 0.0] status=0x0003
joint_pos=[9.941297422706388, -21.624857396893667, 9.649813992068903, 9.978211273606105, -21.557038182650484, 9.565390577588257] joint_vel=[0.014875640368484476, 0.26044268890436995, 0.19869474135245296, 0.025177943894791378, 0.11138984680496047, 0.12360456091869935] imu_ang_vel=[0.0, 0.0004941529266457415, 0.0] imu_quat_wxyz=[0.9998415915752186, 0.0, -0.01779864478925018, 0.0] status=0x0003
joint_pos=[9.939540012176627, -21.617567587273697, 9.651060798865156, 9.980535740124626, -21.561727775339847, 9.565866420704843] joint_vel=[-0.20114304294969987, 0.3960720427602026, 0.0017431705074101428, 0.21671073992546105, -0.5353245717002015, -0.05471766111330991] imu_ang_vel=[0.0, -0.00043639617468705565, 0.0] imu_quat_wxyz=[0.9998415913411411, 0.0, -0.01779865793857841, 0.0] status=0x0003
joint_pos=[9.938945510936415, -21.623414980876813, 9.648282379679351, 9.980296064622232, -21.563178687268742, 9.56356649322856] joint_vel=[0.10530984592826118, -0.5680963409529942, -0.058158378953053924, -0.17872339463819256, 0.3772997887160588, -0.017554294580917264] imu_ang_vel=[0.0, -0.0005644256710235157, 0.0] imu_quat_wxyz=[0.9998414287272135, 0.0, -0.017807790450374412, 0.0] status=0x0003
joint_pos=[9.94098789492629, -21.624617242016683, 9.650899832530918, 9.978734263655738, -21.556116176642842, 9.564623567075227] joint_vel=[0.030629709344241633, 0.27261387636502055, 0.14567238073706862, 0.015448747318615183, 0.09368842136848061, 0.10575782480217649] imu_ang_vel=[0.0, 0.001163371968391335, 0.0] imu_quat_wxyz=[0.9998416282237091, 0.0, -0.017796585935571225, 0.0] status=0x0003
joint_pos=[9.938557755929633, -21.617178447964072, 9.651727538260483, 9.981677499834841, -21.56265579197658, 9.564602970830041] joint_vel=[-0.2252352790660136, 0.33199999316578305, -0.024235636518932856, 0.22681366648169762, -0.5839411094605157, -0.09748193741298163] imu_ang_vel=[0.0, -0.0007582961626228228, 0.0] imu_quat_wxyz=[0.999841594651352, 0.0, -0.017798471986139788, 0.0] status=0x0003
joint_pos=[9.938896932377968, -21.624596177674757, 9.649097527658519, 9.980178184972393, -21.560848627701063, 9.562613596343722] joint_vel=[0.14765846527399976, -0.5380949378748903, 0.0005803166856913245, -0.19838090379180245, 0.476860792477392, 0.0156254233481763] imu_ang_vel=[0.0, -4.6911093018733516e-05, 0.0] imu_quat_wxyz=[0.999841472066127, 0.0, -0.01780535696469628, 0.0] status=0x0003
joint_pos=[9.940483155591874, -21.624381716598922, 9.652122119408093, 9.979140279856567, -21.555891465793895, 9.564188543990223] joint_vel=[0.015151605643279322, 0.28306562310664557, 0.12257604921482203, 0.0181160321122174, 0.04385467739385751, 0.08960031406411048] imu_ang_vel=[0.0, 0.0005357631403632458, 0.0] imu_quat_wxyz=[0.9998416128571848, 0.0, -0.017797449231376283, 0.0] status=0x0003
joint_pos=[9.93763034260139, -21.617581297269762, 9.652460890752382, 9.98236757680873, -21.563512645204266, 9.563575336544487] joint_vel=[-0.20460382358659937, 0.18226499846400207, -0.057351768230810285, 0.19729872576395452, -0.5405211224867619, -0.12812457870900842] imu_ang_vel=[0.0, -0.0008819348540123511, 0.0] imu_quat_wxyz=[0.9998415505558135, 0.0, -0.017800948911413702, 0.0] status=0x0003
joint_pos=[9.938940905950776, -21.626796641379837, 9.650092261818887, 9.980096409920398, -21.559337848050756, 9.561900439397876] joint_vel=[0.1776754616802825, -0.48901014141096066, 0.02447894448676622, -0.2051715269134449, 0.5838393328270528, -0.005070451749562284] imu_ang_vel=[0.0, 0.0005372679435055347, 0.0] imu_quat_wxyz=[0.9998414490885005, 0.0, -0.017806647202871225, 0.0] status=0x0003
sim t=    3.02s  x=-0.010m z= 0.519m pitch=-2.04deg action=[0.0, 0.0, 0.0, 0.0, 0.0, 0.0]
joint_pos=[9.940053750806982, -21.623911049253856, 9.653140849992841, 9.979826498547956, -21.555370402113947, 9.563367492852652] joint_vel=[-0.009338707863309856, 0.3274665053163101, 0.11184669607749499, 0.05227101663412247, -0.03465854288677747, 0.07678283469915777] imu_ang_vel=[0.0, 0.0002460010206668103, 0.0] imu_quat_wxyz=[0.9998416364407794, 0.0, -0.01779612428098608, 0.0] status=0x0003
joint_pos=[9.936785052685755, -21.61766000526367, 9.652462464662984, 9.983024759745067, -21.56331799014031, 9.561983944761687] joint_vel=[-0.17787877531086566, 0.08711659963937293, -0.1879605404140696, 0.1015433258565671, -0.3138824657110205, -0.19584869575271188] imu_ang_vel=[0.0, -0.001158523444500861, 0.0] imu_quat_wxyz=[0.9998415414276312, 0.0, -0.017801461614667714, 0.0] status=0x0003
joint_pos=[9.938975813750778, -21.627541192983724, 9.651028344318844, 9.98006441732448, -21.55709637171495, 9.56101471430595] joint_vel=[0.18968540755893826, -0.4043786661567678, 0.05113906364887326, -0.1899856103682782, 0.5636624397159771, 0.006830384662478689] imu_ang_vel=[0.0, 0.0008902788125956365, 0.0] imu_quat_wxyz=[0.9998415113480894, 0.0, -0.017803150989880775, 0.0] status=0x0003
joint_pos=[9.939386918317505, -21.623451148943573, 9.654224994946732, 9.98037505845505, -21.55555575252796, 9.562837899479552] joint_vel=[-0.044680225370246435, 0.36738392348485693, 0.08699021738881924, 0.07953714036805418, -0.11765815936099622, 0.05638754209547509] imu_ang_vel=[0.0, 1.315773691444675e-06, 0.0] imu_quat_wxyz=[0.9998416123222341, 0.0, -0.017797479284306614, 0.0] status=0x0003
joint_pos=[9.936432035969032, -21.619737652090144, 9.652785139309536, 9.983283998904593, -21.563596048838452, 9.56095565392513] joint_vel=[-0.0650827221174237, -0.24922998410065578, -0.2665003718052291, 0.014634821178878633, -0.1974315739897414, -0.19662530686208196] imu_ang_vel=[0.0, -0.0012620723751446939, 0.0] imu_quat_wxyz=[0.9998414938996648, 0.0, -0.01780413088264953, 0.0] status=0x0003
joint_pos=[9.938825973219, -21.62884426968894, 9.65219146767348, 9.9801502744794, -21.555770878753602, 9.56030875398098] joint_vel=[0.16114370697031905, -0.21888268793742294, 0.08621049713122979, -0.14211896938646823, 0.533916263401189, 0.004190252796448667] imu_ang_vel=[0.0, 0.0012948505500642363, 0.0] imu_quat_wxyz=[0.9998414948791664, 0.0, -0.01780407587587231, 0.0] status=0x0003
joint_pos=[9.938736572147594, -21.622801876026063, 9.655065268168388, 9.981196165031038, -21.55559041049893, 9.561885553754067] joint_vel=[-0.0812144175632077, 0.4091879018373491, 0.05292834601388659, 0.11826791633386713, -0.22207152856329, 0.025324455801821338] imu_ang_vel=[0.0, 3.8988194434889006e-05, 0.0] imu_quat_wxyz=[0.999841628709517, 0.0, -0.017796558642063177, 0.0] status=0x0003
joint_pos=[9.936024411165393, -21.620936858621988, 9.652962910855232, 9.983519615795078, -21.56252053932831, 9.559566720448146] joint_vel=[0.02636511255015232, -0.47121755548460725, -0.23251300466555533, -0.05980825826423558, -0.019319194780071953, -0.16356902392217593] imu_ang_vel=[0.0, -0.0007483929704435341, 0.0] imu_quat_wxyz=[0.9998415019117205, 0.0, -0.017803680937237425, 0.0] status=0x0003
joint_pos=[9.938586766212179, -21.628947579508477, 9.653845571002753, 9.980563836035909, -21.554845551835147, 9.559891698579866] joint_vel=[0.09820970214997866, -0.09620662692028377, 0.2321025372440912, -0.060607556083252904, 0.2726415486155245, 0.09476962500071304] imu_ang_vel=[0.0, 0.0012580771335513128, 0.0] imu_quat_wxyz=[0.9998415623953616, 0.0, -0.01780028389667265, 0.0] status=0x0003
joint_pos=[9.937920014389375, -21.62229074209998, 9.65605079405788, 9.981949084944638, -21.556323463749603, 9.56125741573996] joint_vel=[-0.1201809935846819, 0.416169470379781, 0.03533109223088273, 0.15290465943611853, -0.33299655668332856, 0.00370014380355183] imu_ang_vel=[0.0, -7.76978875252645e-05, 0.0] imu_quat_wxyz=[0.999841606284806, 0.0, -0.017797818456735455, 0.0] status=0x0003
joint_pos=[9.935760421712292, -21.62334571715233, 9.653568469697328, 9.983626146608056, -21.562342045688936, 9.558795797677918] joint_vel=[0.03473074527146439, -0.5448413924002743, -0.17299712832325392, -0.09995157540651788, 0.07257725408985408, -0.11294560304253175] imu_ang_vel=[0.0, -0.0011002125703270485, 0.0] imu_quat_wxyz=[0.999841443882315, 0.0, -0.017806939527260333, 0.0] status=0x0003
joint_pos=[9.938199261962515, -21.62875166173405, 9.655161159655352, 9.981104441432903, -21.55386511951343, 9.55924503543952] joint_vel=[0.04116531276525395, 0.1963038813711016, 0.2659542041000706, 0.021700427271963377, 0.19931926175829606, 0.1072018120185329] imu_ang_vel=[0.0, 0.0015202705731029026, 0.0] imu_quat_wxyz=[0.9998415666143669, 0.0, -0.017800046913662257, 0.0] status=0x0003
joint_pos=[9.937062977085567, -21.62156618697894, 9.656813047521947, 9.98301193907126, -21.55703829083918, 9.560242180397475] joint_vel=[-0.16810957308297308, 0.4236928820412411, 0.023001588422709083, 0.19430065015753736, -0.46982041258453594, -0.008563551714848] imu_ang_vel=[0.0, -0.000229288058007051, 0.0] imu_quat_wxyz=[0.9998416221423911, 0.0, -0.0177969275907917, 0.0] status=0x0003
joint_pos=[9.935567996285736, -21.624638237092828, 9.654054960204691, 9.983641518507085, -21.56049805159641, 9.557707851599249] joint_vel=[0.07630746755171018, -0.5637035683327876, -0.10614026678818932, -0.1440028009893332, 0.22491084713887216, -0.05139565786707416] imu_ang_vel=[0.0, -0.0007559164174337973, 0.0] imu_quat_wxyz=[0.9998414714747054, 0.0, -0.0178053901753376, 0.0] status=0x0003
joint_pos=[9.937824571922087, -21.62849561407416, 9.656455142126108, 9.981522135119206, -21.55336953294531, 9.558916750504793] joint_vel=[0.016049002322129316, 0.2613425032376, 0.1954710008872451, 0.025248642099639177, 0.1101734206210154, 0.12340710484921456] imu_ang_vel=[0.0, 0.00047127536383390414, 0.0] imu_quat_wxyz=[0.9998415878890847, 0.0, -0.01779885185717775, 0.0] status=0x0003
joint_pos=[9.936059397190341, -21.621154826545816, 9.657664737324376, 9.983880625029245, -21.558143770259164, 9.55937876659009] joint_vel=[-0.20170186518825756, 0.39686426842985023, -5.355876939231496e-05, 0.21878098171949356, -0.5401224922293322, -0.05611941183509701] imu_ang_vel=[0.0, -0.0004285327166498086, 0.0] imu_quat_wxyz=[0.999841588683397, 0.0, -0.017798807237027495, 0.0] status=0x0003
joint_pos=[9.935443794493985, -21.6271783143797, 9.65491215316038, 9.983501164090594, -21.559591072211433, 9.557144848681155] joint_vel=[0.10643204900943239, -0.5687283310644402, -0.05608350368679625, -0.1797605040894912, 0.37608725841136814, -0.014832643151797891] imu_ang_vel=[0.0, -0.000653481667032252, 0.0] imu_quat_wxyz=[0.9998414090342396, 0.0, -0.017808896103531476, 0.0] status=0x0003
joint_pos=[9.937499876896908, -21.628338291266026, 9.657504912848289, 9.98196499505183, -21.552566450315553, 9.558219156123448] joint_vel=[0.030484558965142614, 0.2771151431936404, 0.14255041156970824, 0.01648085962003532, 0.0932848150242064, 0.10629250607302504] imu_ang_vel=[0.0, 0.0012088315080440763, 0.0] imu_quat_wxyz=[0.9998416119218478, 0.0, -0.017797501777527987, 0.0] status=0x0003
joint_pos=[9.935106401317054, -21.62083194576402, 9.658313293228845, 9.984933550602973, -21.559089477404996, 9.558215284971805] joint_vel=[-0.22337002298376474, 0.3356230522923228, -0.024340356144442674, 0.2278650400938093, -0.5825676664817963, -0.09573593186843027] imu_ang_vel=[0.0, -0.0007179287574789957, 0.0] imu_quat_wxyz=[0.9998415858872766, 0.0, -0.017798964307387546, 0.0] status=0x0003
joint_pos=[9.935480814112438, -21.62825126188736, 9.655686595260596, 9.98344897357502, -21.55728554565925, 9.556255304098299] joint_vel=[0.14903291455031384, -0.5386978512140314, -5.226801126633431e-05, -0.19806523180364258, 0.4773303904961229, 0.015834814760889125] imu_ang_vel=[0.0, -3.383192222073587e-05, 0.0] imu_quat_wxyz=[0.9998414669626114, 0.0, -0.017805643545043253, 0.0] status=0x0003
joint_pos=[9.937090665302124, -21.62801791285096, 9.658679024390475, 9.982423387803909, -21.55231938757896, 9.557823636244693] joint_vel=[0.015986260393630495, 0.28599277548239155, 0.12007259166524548, 0.018302220486322275, 0.044213848985173936, 0.08964527442424619] imu_ang_vel=[0.0, 0.0005703324885361957, 0.0] imu_quat_wxyz=[0.9998416120542041, 0.0, -0.017797494341914463, 0.0] status=0x0003
joint_pos=[9.93424693573476, -21.62115542718258, 9.658998521744772, 9.985668379441215, -21.55996318204729, 9.557220315892467] joint_vel=[-0.20450287668701278, 0.18556854247194018, -0.05766272846338786, 0.19829817609880301, -0.5416025180703602, -0.12710044519367844] imu_ang_vel=[0.0, -0.0008669839282397097, 0.0] imu_quat_wxyz=[0.9998415528733475, 0.0, -0.017800818739964846, 0.0] status=0x0003
joint_pos=[9.935577432327392, -21.63038224868944, 9.656622843058443, 9.983386441201091, -21.555759947120624, 9.55556274930538] joint_vel=[0.17881500436926553, -0.48961390753944634, 0.02394146645338613, -0.2051841416330693, 0.5852159844247451, -0.005467402345765661] imu_ang_vel=[0.0, 0.0005494873495447943, 0.0] imu_quat_wxyz=[0.9998414528968361, 0.0, -0.017806433363924578, 0.0] status=0x0003
joint_pos=[9.936699633183215, -21.62747079844283, 9.659642847513602, 9.983120137235419, -21.55180113594271, 9.557029851009508] joint_vel=[-0.008713165978836935, 0.3293785992048039, 0.11004991799502697, 0.05252386048695845, -0.03575899608784722, 0.07701193267495066] imu_ang_vel=[0.0, 0.0002536710092039175, 0.0] imu_quat_wxyz=[0.9998416415376814, 0.0, -0.0177958379188666, 0.0] status=0x0003
joint_pos=[9.933422183385675, -21.62117697027825, 9.658930321921286, 9.986334768096734, -21.559801153642198, 9.55564219102683] joint_vel=[-0.17766871459059919, 0.08754613828951231, -0.1904286241948596, 0.10078776913741881, -0.3118143239679451, -0.19557500003100622] imu_ang_vel=[0.0, -0.0011581822209886276, 0.0] imu_quat_wxyz=[0.9998415472336969, 0.0, -0.017801135506675267, 0.0] status=0x0003
joint_pos=[9.93566685485607, -21.631077041843103, 9.657509432684856, 9.983345598823686, -21.553438887490625, 9.554693785428109] joint_vel=[0.19111813967568778, -0.4014812756413557, 0.05120339588130466, -0.18922471622074832, 0.5650152451724817, 0.006073207227264563] imu_ang_vel=[0.0, 0.000918832294952909, 0.0] imu_quat_wxyz=[0.9998415222130284, 0.0, -0.017802540794348305, 0.0] status=0x0003
joint_pos=[9.936026789504128, -21.626896863392535, 9.660663150262724, 9.983654028048072, -21.551995122859182, 9.556520295428339] joint_vel=[-0.046216476310143965, 0.37146647826760487, 0.08399748407729712, 0.08157246097183117, -0.12437205286118892, 0.05519356791388972] imu_ang_vel=[0.0, -1.2942558828835797e-05, 0.0] imu_quat_wxyz=[0.9998416168839015, 0.0, -0.01779722301330857, 0.0] status=0x0003
joint_pos=[9.93314945739724, -21.623506008191956, 9.659217789292121, 9.98652540079351, -21.56011048849034, 9.55465940565953] joint_vel=[-0.04889189365160216, -0.3008384223424511, -0.2602688598587352, 0.005426854286322808, -0.19917463597237797, -0.18864900725880845] imu_ang_vel=[0.0, -0.001268810289319255, 0.0] imu_quat_wxyz=[0.9998414970992212, 0.0, -0.01780395120157693, 0.0] status=0x0003
joint_pos=[9.935538762649886, -21.63259313923285, 9.658671537838144, 9.983360247168575, -21.55234494497489, 9.554091688587565] joint_vel=[0.15944679195516803, -0.21363500018772005, 0.08612083859270712, -0.14082150385601394, 0.5284528002857315, 0.005989357312245961] imu_ang_vel=[0.0, 0.0012843702135346478, 0.0] imu_quat_wxyz=[0.9998414850802679, 0.0, -0.01780462615401911, 0.0] status=0x0003
joint_pos=[9.935449737331876, -21.626433062986013, 9.661492383612245, 9.984440631015746, -21.552177865157095, 9.555669910489156] joint_vel=[-0.0812055654252277, 0.41445620276579853, 0.051489459051687655, 0.1194575238216904, -0.22283818942582037, 0.025101483846986315] imu_ang_vel=[0.0, 8.668809954109743e-05, 0.0] imu_quat_wxyz=[0.999841627576654, 0.0, -0.017796622288167387, 0.0] status=0x0003
joint_pos=[9.932748906766358, -21.62451309319616, 9.659388488307316, 9.986769711110947, -21.55909081704588, 9.553381851923751] joint_vel=[0.028429639787428983, -0.472626484664903, -0.2328157015882197, -0.06137935281926738, -0.015084462223343703, -0.16118968207975845] imu_ang_vel=[0.0, -0.0007295521600570325, 0.0] imu_quat_wxyz=[0.9998415058497774, 0.0, -0.017803459777516406, 0.0] status=0x0003
joint_pos=[9.935325150842681, -21.632503000831925, 9.660263774296562, 9.983798586145966, -21.551371002046658, 9.553720372217972] joint_vel=[0.0964550484524264, -0.09261150132076845, 0.23079634726980083, -0.06086611338434584, 0.2711009435329537, 0.09534577033156386] imu_ang_vel=[0.0, 0.0012648236717941088, 0.0] imu_quat_wxyz=[0.9998415690548162, 0.0, -0.01779990983132261, 0.0] status=0x0003
joint_pos=[9.934648372604354, -21.625777727684117, 9.662427524131278, 9.985194704969729, -21.55289106344201, 9.555081256214246] joint_vel=[-0.12119336428644313, 0.4196720457959066, 0.033772350919734094, 0.15432944348108185, -0.33729751135410146, 0.0036539717612103883] imu_ang_vel=[0.0, -6.696949665173103e-05, 0.0] imu_quat_wxyz=[0.9998416136533868, 0.0, -0.017797404501547733, 0.0] status=0x0003
joint_pos=[9.932494534146121, -21.626934578260773, 9.659948775096002, 9.986810975692887, -21.558916396746916, 9.552656952515564] joint_vel=[0.03453700173757212, -0.5469891510882714, -0.17186784685030884, -0.1034045844003976, 0.07262178273329474, -0.10935425458178549] imu_ang_vel=[0.0, -0.00123275707012572, 0.0] imu_quat_wxyz=[0.9998414461863049, 0.0, -0.0178068101601183, 0.0] status=0x0003
joint_pos=[9.93493987135599, -21.632326293244056, 9.661535947542168, 9.98428593657914, -21.55045736236167, 9.553125404890961] joint_vel=[0.04121749747290449, 0.1978036470489559, 0.2649869649143036, 0.022319847250339427, 0.19858457468418947, 0.10753407941583192] imu_ang_vel=[0.0, 0.001531599440682601, 0.0] imu_quat_wxyz=[0.9998415671867734, 0.0, -0.017800014761144296, 0.0] status=0x0003
joint_pos=[9.933811818494982, -21.62507330907749, 9.663153395286445, 9.986202534296497, -21.553630625514252, 9.554130039584896] joint_vel=[-0.16751624127971465, 0.42695929962895424, 0.02194285859863528, 0.19476936953646048, -0.46982331308886527, -0.008048905246749215] imu_ang_vel=[0.0, -0.0002059225727198241, 0.0] imu_quat_wxyz=[0.9998416273398066, 0.0, -0.017796635594607892, 0.0] status=0x0003
joint_pos=[9.932337844547876, -21.62813183647398, 9.660395345651166, 9.986829506732203, -21.55707121081309, 9.551627496101439] joint_vel=[0.07811717180583064, -0.5652886886389337, -0.1061142440268561, -0.14545203866458659, 0.22861101423658955, -0.04996666463119909] imu_ang_vel=[0.0, -0.0007506510075479119, 0.0] imu_quat_wxyz=[0.9998414790983899, 0.0, -0.017804962070838044, 0.0] status=0x0003
joint_pos=[9.93460358741363, -21.631971325039896, 9.662772910714665, 9.984707745994466, -21.5499313467865, 9.552833876697633] joint_vel=[0.01597253500202743, 0.26405932192278603, 0.19373109253470977, 0.02537594935860047, 0.10988579755871186, 0.12321139964643378] imu_ang_vel=[0.0, 0.00047301383654616626, 0.0] imu_quat_wxyz=[0.9998415966619782, 0.0, -0.017798359037449602, 0.0] status=0x0003
joint_pos=[9.932833307253407, -21.624575110234975, 9.663948920776242, 9.987078670248621, -21.554746922129095, 9.55329200509599] joint_vel=[-0.20233549587569988, 0.3990372397625159, -0.0013361860981665643, 0.2197605453375405, -0.5430787110987916, -0.056520738872059925] imu_ang_vel=[0.0, -0.0004242710821571726, 0.0] imu_quat_wxyz=[0.9998415987274385, 0.0, -0.01779824300766256, 0.0] status=0x0003
joint_pos=[9.93225351106457, -21.63067293933432, 9.661204778725265, 9.986672311685204, -21.556185446300983, 9.551096991885165] joint_vel=[0.10740229707255272, -0.5694712233723571, -0.055578516619096796, -0.18117010639060704, 0.37764259248804416, -0.013265335222193387] imu_ang_vel=[0.0, -0.0006710316773088271, 0.0] imu_quat_wxyz=[0.9998414173624925, 0.0, -0.017808428525899648, 0.0] status=0x0003
joint_pos=[9.93431062964999, -21.631805004670916, 9.663773627923565, 9.985137242705967, -21.549172161598474, 9.552175037578763] joint_vel=[0.03029615464133643, 0.2802754484076407, 0.1401832033274486, 0.016735281825800735, 0.09290507124669353, 0.10646242390889542] imu_ang_vel=[0.0, 0.0012252707265056814, 0.0] imu_quat_wxyz=[0.9998416207410621, 0.0, -0.01779700631809168, 0.0] status=0x0003
joint_pos=[9.931913189652228, -21.624239149340287, 9.664553989799268, 9.988116382812462, -21.555729312912423, 9.552173102199095] joint_vel=[-0.2240469304963609, 0.338524356719375, -0.02538879418233299, 0.22872003461741988, -0.5849763311944274, -0.09550842800911288] imu_ang_vel=[0.0, -0.0007113605958081976, 0.0] imu_quat_wxyz=[0.99984159670398, 0.0, -0.017798356677959256, 0.0] status=0x0003
joint_pos=[9.932319081734828, -21.63167591983398, 9.661927342822567, 9.986604649085459, -21.553835806476798, 9.550238448937803] joint_vel=[0.15116052500048124, -0.5388140085486774, 0.00018066986110369394, -0.19934140934302724, 0.48327797978161946, 0.01586139586898365] imu_ang_vel=[0.0, -1.2848907266516344e-05, 0.0] imu_quat_wxyz=[0.9998414798532299, 0.0, -0.017804919682580862, 0.0] status=0x0003
joint_pos=[9.933909849193816, -21.631383573237734, 9.664890257474413, 9.985573088717233, -21.548900755869724, 9.551806906475836] joint_vel=[0.01516094554266669, 0.2889343983914362, 0.1184937569115302, 0.018357847270757177, 0.04214604747406519, 0.08884047192205405] imu_ang_vel=[0.0, 0.0005467797518247288, 0.0] imu_quat_wxyz=[0.9998416226031216, 0.0, -0.017796901706669747, 0.0] status=0x0003
joint_pos=[9.93105615734893, -21.624527056357092, 9.665169266151588, 9.988829390873788, -21.556612937237265, 9.551190728586583] joint_vel=[-0.20247597708798892, 0.17781143865940166, -0.059710093597799226, 0.19599339786969103, -0.5390585703870361, -0.12700577084437106] imu_ang_vel=[0.0, -0.0008740601616444622, 0.0] imu_quat_wxyz=[0.999841562563725, 0.0, -0.017800274439701877, 0.0] status=0x0003
joint_pos=[9.932375644585456, -21.63391377901084, 9.66283353041912, 9.986425801848897, -21.552440845708105, 9.549607463272418] joint_vel=[0.1791776812474727, -0.4884111758894638, 0.023966869932541317, -0.2049311762116959, 0.5817348056602095, -0.004051645650326714] imu_ang_vel=[0.0, 0.0005244797649128925, 0.0] imu_quat_wxyz=[0.9998414450062599, 0.0, -0.01780687641879125, 0.0] status=0x0003
joint_pos=[9.93350173262794, -21.63094658866432, 9.665821016233608, 9.986177826245342, -21.548504260508007, 9.551089134803856] joint_vel=[-0.007631603788952804, 0.33299287330957605, 0.10832556480565216, 0.05339191987523096, -0.03508489029051087, 0.07730707635655268] imu_ang_vel=[0.0, 0.00029105174040956706, 0.0] imu_quat_wxyz=[0.9998416378580323, 0.0, -0.017796044655132886, 0.0] status=0x0003
joint_pos=[9.930252708813919, -21.624587915012984, 9.665118810911757, 9.989411571117207, -21.55649195004977, 9.549737041330792] joint_vel=[-0.17700715530747835, 0.09055515008330435, -0.18670219922445397, 0.10370034533426964, -0.31644459750596315, -0.19229164610373634] imu_ang_vel=[0.0, -0.0011244878298315426, 0.0] imu_quat_wxyz=[0.9998415499435106, 0.0, -0.01780098330313346, 0.0] status=0x0003
joint_pos=[9.93251203686528, -21.634503369458923, 9.66367343792576, 9.986422405180647, -21.550151138601244, 9.548799164333259] joint_vel=[0.19145643379327956, -0.4030202609180712, 0.049737267943816756, -0.18933119787690053, 0.5644904640162454, 0.006116551061529931] imu_ang_vel=[0.0, 0.0009191679047598956, 0.0] imu_quat_wxyz=[0.9998415246787434, 0.0, -0.017802402312206693, 0.0] status=0x0003
joint_pos=[9.932907702851136, -21.6303047793563, 9.666797550135065, 9.986740792793903, -21.54867340323812, 9.550618347523157] joint_vel=[-0.0450923118588802, 0.37367749614626433, 0.0829793313672157, 0.08135642856856154, -0.12318248975106647, 0.05578482761489907] imu_ang_vel=[0.0, 1.0218262605747792e-05, 0.0] imu_quat_wxyz=[0.9998416251309749, 0.0, -0.017796759689651297, 0.0] status=0x0003
sim t=    4.02s  x=-0.010m z= 0.519m pitch=-2.04deg action=[0.0, 0.0, 0.0, 0.0, 0.0, 0.0]
joint_pos=[9.930013667364493, -21.626775220956947, 9.665341702875708, 9.989631497405524, -21.556795320062275, 9.548772675683775] joint_vel=[-0.052344901113457215, -0.28750132932556843, -0.2611542935681877, 0.007429534069882284, -0.19913786044111043, -0.18852618201271615] imu_ang_vel=[0.0, -0.001254282410438651, 0.0] imu_quat_wxyz=[0.9998415079431249, 0.0, -0.017803342214825, 0.0] status=0x0003
ONNX startup: move command complete; waiting for measured joints to enter +/-2 deg.
ONNX startup: measured joints reached the default pose; holding before inference.
joint_pos=[9.932426068861696, -21.635891544720494, 9.664763090239667, 9.986459334584106, -21.54899327471608, 9.548194072291816] joint_vel=[0.16061742153415043, -0.2162441312967227, 0.08470087147890802, -0.14154236784567503, 0.5296526142049126, 0.0055283979541424656] imu_ang_vel=[0.0, 0.0012908399751757488, 0.0] imu_quat_wxyz=[0.9998414996538081, 0.0, -0.017803807739469515, 0.0] status=0x0003
joint_pos=[9.93234063752905, -21.629726035711986, 9.667565829686641, 9.987527572102806, -21.548838546941933, 9.549777900263031] joint_vel=[-0.08083436599030039, 0.4157238651282099, 0.05028523823122768, 0.11933408121597579, -0.22415447904472224, 0.025447949934050054] imu_ang_vel=[0.0, 8.11080110653679e-05, 0.0] imu_quat_wxyz=[0.9998416403657657, 0.0, -0.01779590376167408, 0.0] status=0x0003
