Log file: /home/cx/robot_deploy/log_sim2sim/2026-09-10_14-41-58.txt
Loaded ONNX policy: /home/cx/mjlab-recovered/logs/rsl_rl/custom_biped_velocity_nolinvel/2026-09-09_16-17-42/2026-09-09_16-17-42.onnx
  input=obs[1,65] output=actions[1,6]
  velocity_command=[0.3, 0.0, 0.0]
  startup=move 0s + hold 0s
MuJoCo sim2sim started
  robot=/home/cx/mjlab-recovered/src/mjlab/asset_zoo/robots/custom_biped/mjcf/biped.xml
  physics=200 Hz, policy=50 Hz
  command=[0.3, 0.0, 0.0]
  press R in the viewer to reset; close the viewer or press Ctrl+C to stop
joint_pos=[10.0, -20.0, 10.0, 10.0, -20.0, 10.0] joint_vel=[0.0, 0.0, 0.0, 0.0, 0.0, 0.0] imu_ang_vel=[0.0, 0.0, 0.0] imu_quat_wxyz=[1.0, 0.0, 0.0, 0.0] status=0x0003
ONNX startup: moving from measured joint positions to [10.0, -20.0, 10.0, 10.0, -20.0, 10.0] deg over 0 s.
ONNX startup: move command complete; waiting for measured joints to enter +/-2 deg.
ONNX startup: measured joints reached the default pose; holding before inference.
ONNX startup complete: history, last_action and gait phase reset; actor inference started.
sim t=    0.02s  x= 0.000m z= 0.521m pitch= 0.05deg action=[-1.0, 1.0, 0.875, 1.0, -0.206, 1.0]
joint_pos=[9.67454824864265, -19.27978522315972, 10.689181949170733, 10.23523361350281, -20.707887667454894, 11.98751014187833] joint_vel=[-10.985913415947705, 9.966021032868728, 7.4615449091734245, 8.00417252042325, -47.23068979901034, 133.8180573655553] imu_ang_vel=[0.0, -0.016185242741577344, 0.0] imu_quat_wxyz=[0.9999998774961811, 0.0, 0.000494982446962801, 0.0] status=0x0003
joint_pos=[9.278831670997084, -18.926906441984993, 11.0297953251202, 10.56776978780678, -22.17290755622942, 15.05908875391043] joint_vel=[-24.52523303045968, 23.00007233842094, 21.09257425910962, 20.554220726541864, -82.8112987478923, 155.2645687645953] imu_ang_vel=[0.0, -0.059420911727321064, 0.0] imu_quat_wxyz=[0.9999999989356562, 0.0, 4.613770349912158e-05, 0.0] status=0x0003
joint_pos=[8.674486620418374, -18.222395195153155, 11.439150043767949, 11.038446615998415, -23.730858585477954, 17.443264440931216] joint_vel=[-33.11440044896165, 42.69185826693916, 19.79343282183614, 25.050375128814725, -73.21477725418335, 99.93950468634208] imu_ang_vel=[0.0, 0.002154508134174539, 0.0] imu_quat_wxyz=[0.999999966924243, 0.0, -0.0002571993643074756, 0.0] status=0x0003
joint_pos=[7.924723323980136, -16.97052442945572, 11.251239612842028, 11.621315692891725, -25.114286899543167, 18.92226666824295] joint_vel=[-39.373274210588285, 72.22197014132524, -21.15251896973797, 30.982938166010168, -65.04779006321237, 60.531215178136144] imu_ang_vel=[0.0, 0.1256993233254648, 0.0] imu_quat_wxyz=[0.9999998687606022, 0.0, 0.0005123268277886857, 0.0] status=0x0003
joint_pos=[7.149842445952261, -15.313306131390894, 10.281461108620508, 12.264742059455964, -26.172546251533774, 19.602712458255702] joint_vel=[-37.63319349192753, 85.65152590770458, -57.84061317290327, 32.38141051234708, -45.67432440729925, 22.025989819435043] imu_ang_vel=[0.0, 0.2497027637732846, 0.0] imu_quat_wxyz=[0.9999966909582299, 0.0, 0.002572561484326244, 0.0] status=0x0003
joint_pos=[6.49790004351765, -13.848849221115543, 9.099048829322575, 12.923977441194548, -27.102509744969222, 19.63575020617718] joint_vel=[-29.80286619513433, 65.39263758050119, -58.07394714048033, 32.33948467732748, -45.45762071675235, -6.3721663537327755] imu_ang_vel=[0.0, 0.25262503264296715, 0.0] imu_quat_wxyz=[0.9999864164724924, 0.0, 0.005212184810905696, 0.0] status=0x0003
joint_pos=[5.972701605572386, -12.88666150217935, 8.099559243200735, 13.561312802237351, -28.21639955723445, 19.61257526223035] joint_vel=[-24.44168323971599, 38.68795245037484, -45.47796546288428, 30.588441402244133, -58.72195496834467, 0.5735799036806819] imu_ang_vel=[0.0, 0.1645947714387793, 0.0] imu_quat_wxyz=[0.9999737677003068, 0.0, 0.007243197584838026, 0.0] status=0x0003
joint_pos=[5.46750615746877, -12.31404838764205, 7.969267634708777, 14.145863752274622, -29.455376514799358, 20.10879542404181] joint_vel=[-25.857402663928035, 25.60741756343384, 8.236310649564185, 28.38981973212848, -61.91305845835365, 33.59531770651249] imu_ang_vel=[0.0, 0.14272052024668977, 0.0] imu_quat_wxyz=[0.9999628377566449, 0.0, 0.008621084947844531, 0.0] status=0x0003
joint_pos=[4.979174353130225, -11.862735382214094, 8.182541246219198, 14.651152373163809, -30.517902579335495, 20.798378636696963] joint_vel=[-23.480673163644216, 20.925276573197756, 12.335045613660542, 23.431478871631413, -47.40227606047173, 33.48335584582506] imu_ang_vel=[0.0, 0.1693050848373681, 0.0] imu_quat_wxyz=[0.9999482021207404, 0.0, 0.010178068357937954, 0.0] status=0x0003
joint_pos=[4.6044923736276395, -11.527919117630612, 8.464140669235228, 15.008091423580927, -30.929008199967637, 20.971252200579492] joint_vel=[-16.240001331038815, 14.509493488976284, 15.775149307841753, 15.230995177461825, -7.327019394176591, -1.1517784596308733] imu_ang_vel=[0.0, 0.24863678814933338, 0.0] imu_quat_wxyz=[0.9999239773269557, 0.0, 0.012330432540743215, 0.0] status=0x0003
joint_pos=[4.349173416116233, -11.282313983461972, 8.807818553237492, 15.25543977049486, -30.716217113724372, 20.521223072782647] joint_vel=[-10.999876435272826, 11.036085265213309, 18.23700615415306, 11.119657460485065, 18.862367534874334, -30.12078533236387] imu_ang_vel=[0.0, 0.32602357201615306, 0.0] imu_quat_wxyz=[0.9998827424167624, 0.0, 0.01531343910211642, 0.0] status=0x0003
joint_pos=[4.16915061687654, -11.022814188592053, 9.265242052578326, 15.439114900809596, -29.94891502054596, 19.463399904223845] joint_vel=[-11.157642681287953, 19.6796481181631, 37.48537501074065, 10.870971051917097, 45.14832438203882, -59.71574058171182] imu_ang_vel=[0.0, 0.404749967852765, 0.0] imu_quat_wxyz=[0.9998183940404666, 0.0, 0.019057254218338756, 0.0] status=0x0003
joint_pos=[4.102604993604608, -10.839048257453952, 9.602857574753328, 15.55036987072347, -28.74690085135476, 18.080026891477015] joint_vel=[-2.319825012918027, 9.04553755280871, 16.862091029064786, 5.3111932439795995, 64.17694854461492, -70.00447907940372] imu_ang_vel=[0.0, 0.4578177138059234, 0.0] imu_quat_wxyz=[0.9997226122526912, 0.0, 0.02355203920375741, 0.0] status=0x0003
joint_pos=[4.070908658502618, -10.611235549943004, 10.007324474072949, 15.64645062542562, -27.245725076277864, 16.53399598007309] joint_vel=[-3.7759818563664247, 16.79292425466398, 31.76917705126941, 6.7405039309015935, 77.22519664908413, -76.96662703175316] imu_ang_vel=[0.0, 0.49669051527274977, 0.0] imu_quat_wxyz=[0.9995971282073247, 0.0, 0.028382763777849068, 0.0] status=0x0003
joint_pos=[4.051441345573502, -10.352443210008289, 10.289390145008799, 15.747283078799395, -25.70020163716404, 14.977599604633514] joint_vel=[-1.712561747677407, 14.566561133415556, 13.306658338353548, 6.040429297699411, 74.22748174650218, -74.9259689879359] imu_ang_vel=[0.0, 0.5066303613006634, 0.0] imu_quat_wxyz=[0.9994387509103152, 0.0, 0.03349900265424307, 0.0] status=0x0003
joint_pos=[4.0075739469375735, -9.986804911483954, 10.600427701143179, 15.853059119322062, -24.05146468804419, 13.472290219319122] joint_vel=[-0.9848668383809538, 16.99863555980737, 10.73228779050041, 4.3174521433042, 84.67010232646214, -72.34275687209572] imu_ang_vel=[0.0, 0.529514770971639, 0.0] imu_quat_wxyz=[0.9992487040615035, 0.0, 0.03875599865060775, 0.0] status=0x0003
joint_pos=[3.9320105610391596, -9.5311419483552, 10.888066817343397, 15.975331386002093, -22.43403798680078, 12.1661372781807] joint_vel=[-7.735001355350516, 30.091611372186843, 26.205123953157425, 9.2558699966061, 75.89477354240503, -59.7213711580729] imu_ang_vel=[0.0, 0.5396227309511774, 0.0] imu_quat_wxyz=[0.9990266586717759, 0.0, 0.04411048926397287, 0.0] status=0x0003
joint_pos=[3.8639577612104086, -9.066779363707647, 11.063931158310107, 16.07750098833344, -20.8061232387025, 11.058388831393435] joint_vel=[-3.490054849486339, 23.6535657467176, 8.84543454506463, 5.205830249608281, 80.7619946501223, -51.25096834104911] imu_ang_vel=[0.0, 0.5551960828044199, 0.0] imu_quat_wxyz=[0.9987663477585292, 0.0, 0.0496566469376318, 0.0] status=0x0003
joint_pos=[3.784093883894461, -8.569792883609242, 11.339210903128533, 16.177445413995194, -19.151706502582524, 10.163817292259427] joint_vel=[-2.6901840737929064, 22.104340631200536, 9.686678595299808, 4.119691318804363, 82.05603300569743, -40.272921978809215] imu_ang_vel=[0.0, 0.5707493673156976, 0.0] imu_quat_wxyz=[0.9984656193430578, 0.0, 0.055375147763993424, 0.0] status=0x0003
joint_pos=[3.7257293158352796, -8.171311170067336, 11.599679955859258, 16.263996211272318, -17.60893592317654, 9.48893233132784] joint_vel=[-3.1903181198461037, 18.666663407460106, 14.580727506401049, 4.742297590499302, 72.7714778707004, -29.713175369231738] imu_ang_vel=[0.0, 0.5628091460076589, 0.0] imu_quat_wxyz=[0.998135864493929, 0.0, 0.061031106912433894, 0.0] status=0x0003
joint_pos=[3.6764392648955098, -7.925889485643941, 12.073057580615444, 16.34788878609204, -16.232592630308655, 9.06136290450171] joint_vel=[-0.8339969740012413, 6.251026251752068, 21.500261354721243, 2.964654145622183, 65.6528810289352, -17.149390652894052] imu_ang_vel=[0.0, 0.5298295426031451, 0.0] imu_quat_wxyz=[0.9977834479599712, 0.0, 0.06654465400850268, 0.0] status=0x0003
joint_pos=[3.686144150451566, -8.004285851315228, 12.659660253856117, 16.365019336986705, -14.994385035789682, 8.903339284033958] joint_vel=[0.8098927449946696, -8.474784200347615, 32.78323940593277, 0.21255014146335488, 58.532354630119364, -3.8155681014315306] imu_ang_vel=[0.0, 0.47787967146937527, 0.0] imu_quat_wxyz=[0.9974393432148803, 0.0, 0.07151752657263982, 0.0] status=0x0003
joint_pos=[3.378736096306774, -8.486507020640612, 13.633601094202646, 15.817711899233998, -13.767194607921438, 8.9237990821632] joint_vel=[-20.490994226133115, -34.5863818690165, 49.165414040143524, -40.333697396104775, 61.15463494480885, 2.9020637656248045] imu_ang_vel=[0.0, 0.03652223555105866, 0.0] imu_quat_wxyz=[0.9972632642829904, 0.0, 0.07393227787397355, 0.0] status=0x0003
joint_pos=[2.2466729881078162, -9.480851185267225, 14.637691702580408, 14.11304105239363, -12.94683220056148, 8.498916438391184] joint_vel=[-75.64889897122474, -50.50296532918244, 41.12457391866068, -95.15920637748853, 7.440654274966816, -50.47866331213955] imu_ang_vel=[0.0, -0.9431765308374194, 0.0] imu_quat_wxyz=[0.9976229273259678, 0.0, 0.06890932356050801, 0.0] status=0x0003
joint_pos=[1.5558357891189205, -11.446385974032827, 15.285049623965776, 12.323367732800198, -12.491823417702197, 7.524749346521868] joint_vel=[-15.039843547847727, -118.3296927623823, 25.35068222374505, -85.65727857394386, 29.27657692760158, -46.15335065403445] imu_ang_vel=[0.0, -0.8488861043955176, 0.0] imu_quat_wxyz=[0.9982512555615948, 0.0, 0.05911371050525993, 0.0] status=0x0003
joint_pos=[2.1949294841654274, -14.897631880749532, 16.268078313148965, 10.899084659572955, -11.904487700251666, 7.123511219960787] joint_vel=[57.64304375501648, -191.82019927146035, 56.0552353590884, -62.782625974422565, 29.08471049038329, 13.986064355367894] imu_ang_vel=[0.0, -0.43228709364596685, 0.0] imu_quat_wxyz=[0.998590973956897, 0.0, 0.05306662540444739, 0.0] status=0x0003
joint_pos=[4.0854502561002155, -19.291178381291584, 17.931484135785425, 9.846515088588108, -11.015484467709951, 7.253617314614236] joint_vel=[109.38012423799466, -224.97303579005586, 90.53812014748883, -48.42182223693935, 51.88491344952602, 2.2448625441832064] imu_ang_vel=[0.0, 0.04323655332814336, 0.0] imu_quat_wxyz=[0.9986501292502097, 0.0, 0.051941499290446516, 0.0] status=0x0003
joint_pos=[6.435703443209444, -23.657979328562554, 19.6764954431157, 8.9994513484838, -10.115097363912325, 7.345589875747599] joint_vel=[118.53908770941754, -208.17176418304763, 82.38262871284107, -40.31864829837772, 41.261550165986634, 6.449904673564504] imu_ang_vel=[0.0, 0.14980763739147668, 0.0] imu_quat_wxyz=[0.9985783943182491, 0.0, 0.05330281794415239, 0.0] status=0x0003
joint_pos=[8.69660488720643, -27.412478787685654, 21.08699436185508, 8.242494009876177, -9.592133144613436, 7.63546722603114] joint_vel=[108.10708017948835, -172.3385265113796, 62.95180066390805, -37.3531038063078, 18.56790368558836, 18.619110196236612] imu_ang_vel=[0.0, 0.04456657643789581, 0.0] imu_quat_wxyz=[0.9985269846461956, 0.0, 0.05425735833392723, 0.0] status=0x0003
joint_pos=[10.697387412186417, -30.392478309080893, 22.10906637048491, 7.443718602297874, -9.308885010259084, 8.04246987144732] joint_vel=[94.58455663049111, -133.50548645499538, 44.35185322888122, -41.536876474717566, 11.79276655907378, 21.898709532731925] imu_ang_vel=[0.0, -0.08758227495247695, 0.0] imu_quat_wxyz=[0.9985485535408057, 0.0, 0.05385894746060914, 0.0] status=0x0003
joint_pos=[12.41422838123737, -32.500216548533515, 22.805437041132084, 6.557783719223105, -9.056538988529253, 8.457509231817056] joint_vel=[80.67155136692458, -88.9145979929087, 29.701544005015627, -45.6351221545754, 12.68336290437846, 20.974292375307357] imu_ang_vel=[0.0, -0.16765087743831075, 0.0] imu_quat_wxyz=[0.9986243772366178, 0.0, 0.05243427494280041, 0.0] status=0x0003
joint_pos=[13.855964579374968, -33.62107273164746, 23.26064642085244, 5.624486397908209, -8.754387411048294, 8.918807002311928] joint_vel=[66.44919115987354, -38.03925299800322, 19.162146308954576, -45.45842726000909, 13.018984411832623, 18.604073321728976] imu_ang_vel=[0.0, -0.1848945844613679, 0.0] imu_quat_wxyz=[0.9987146176846707, 0.0, 0.0506864126069495, 0.0] status=0x0003
joint_pos=[15.026873570023618, -33.73571863553021, 23.551502297495055, 4.732666933006509, -8.465381149281573, 9.360020459701602] joint_vel=[56.09092960698374, 8.844732279992204, 12.40249243923744, -45.93284491238586, 18.506321268325976, 32.365030610169676] imu_ang_vel=[0.0, -0.1576361428460017, 0.0] imu_quat_wxyz=[0.9987998864756251, 0.0, 0.048977410877652686, 0.0] status=0x0003
joint_pos=[15.959537263295703, -32.919466952308674, 23.735089044665877, 3.9410634719778757, -8.225846724446182, 9.790703530553479] joint_vel=[44.623994534649334, 53.30570694955196, 7.901044176060161, -39.794312439634076, 14.869258278269715, 30.537151839707384] imu_ang_vel=[0.0, -0.1026901931596817, 0.0] imu_quat_wxyz=[0.9988574270029916, 0.0, 0.0477895440547746, 0.0] status=0x0003
joint_pos=[16.719084387136654, -31.404876554816404, 23.776211139593368, 3.2450244534077672, -7.98650656942196, 10.189187224845693] joint_vel=[37.21177918505812, 82.98897956933351, 0.3918900264822259, -35.241823380829864, 15.72486052462276, 27.647115672775776] imu_ang_vel=[0.0, -0.035324979615932145, 0.0] imu_quat_wxyz=[0.998884211447383, 0.0, 0.04722639220965162, 0.0] status=0x0003
joint_pos=[17.353517232064306, -29.427039383181434, 23.443207084067705, 2.64515478048244, -7.768463986837985, 10.576734081650883] joint_vel=[29.608550535464662, 103.82185059614375, -22.687902700799334, -27.73388281663327, 8.854011248108842, 17.08186103836102] imu_ang_vel=[0.0, 0.03737693088863722, 0.0] imu_quat_wxyz=[0.9988796523389861, 0.0, 0.04732272332765864, 0.0] status=0x0003
joint_pos=[17.895544839312127, -27.216359319091584, 22.647619476588865, 2.1338087156372905, -7.59586168116505, 10.955086755057685] joint_vel=[25.569328941180995, 111.25410534646637, -44.99168970746838, -23.74958448800314, 6.804071116709642, 16.614450899224806] imu_ang_vel=[0.0, 0.06083055095964107, 0.0] imu_quat_wxyz=[0.9988558540822259, 0.0, 0.0478224086142371, 0.0] status=0x0003
joint_pos=[18.384210336680617, -25.0112338840684, 21.501761849059854, 1.6744581036616382, -7.445302079009068, 11.384578664328135] joint_vel=[24.448513033193755, 106.63678160258273, -59.84055272966129, -23.10148872778674, 8.572907633257682, 26.04574728373143] imu_ang_vel=[0.0, 0.08086999551668472, 0.0] imu_quat_wxyz=[0.9988185440335868, 0.0, 0.04859543285768603, 0.0] status=0x0003
joint_pos=[18.824796034563853, -22.989448969760723, 20.176836105928473, 1.2634639149617932, -7.338863386581576, 11.766927526492138] joint_vel=[21.098797624852597, 95.60712489103787, -66.11004180053361, -19.571933398527168, 4.074683898566553, 16.650918073649905] imu_ang_vel=[0.0, 0.09259112190149288, 0.0] imu_quat_wxyz=[0.9987718676963275, 0.0, 0.04954549725645717, 0.0] status=0x0003
joint_pos=[19.24502926845029, -21.287455570870605, 18.75915924273244, 0.8556710819875964, -7.209283524306385, 12.192419091091708] joint_vel=[19.757855742081674, 78.51328925665179, -70.02254372540126, -19.251412933279717, 4.832983676841068, 16.721498314640726] imu_ang_vel=[0.0, 0.11631528590120946, 0.0] imu_quat_wxyz=[0.998719422031741, 0.0, 0.050591659950877756, 0.0] status=0x0003
joint_pos=[19.609453149743295, -19.899112984357593, 17.21656569595872, 0.48719504441905054, -7.143588499854496, 12.606598743815201] joint_vel=[16.748936672491276, 63.55027557973961, -76.94282250519524, -17.228637873672326, 1.2456919931927586, 19.094504424677105] imu_ang_vel=[0.0, 0.11639450193751784, 0.0] imu_quat_wxyz=[0.9986611942312213, 0.0, 0.05172832045089833, 0.0] status=0x0003
joint_pos=[19.9255362339706, -18.817578246828653, 15.573332505642306, 0.13974339917509776, -7.092468728221488, 13.105435546121065] joint_vel=[15.584490623391737, 47.8484240836923, -80.97646137851268, -17.742805402017588, 4.159567596730449, 29.765585862992367] imu_ang_vel=[0.0, 0.1450093225032951, 0.0] imu_quat_wxyz=[0.9985900899773156, 0.0, 0.05308325723895244, 0.0] status=0x0003
joint_pos=[20.163149127402086, -17.98222442244153, 13.86465668012787, -0.14100023582961643, -7.122723314042799, 13.609927192990565] joint_vel=[10.13698748532345, 37.585295479902925, -83.83770112622958, -12.410303964754727, -3.497052637062932, 24.225418457838853] imu_ang_vel=[0.0, 0.20068279800649985, 0.0] imu_quat_wxyz=[0.9984939321907932, 0.0, 0.054862258230660994, 0.0] status=0x0003
joint_pos=[20.330575984119147, -17.359802203276196, 12.16534054132463, -0.35314581749204216, -7.220006804982238, 14.209817593151488] joint_vel=[7.655775472828613, 26.964413680518092, -82.0478036877555, -10.08981964520478, -4.330313271676488, 34.68394262278414] imu_ang_vel=[0.0, 0.2404370364305129, 0.0] imu_quat_wxyz=[0.9983685613626859, 0.0, 0.05709829842123878, 0.0] status=0x0003
joint_pos=[20.400116227370315, -16.864923129800076, 10.474137599389417, -0.46370442592535654, -7.436714324533052, 14.849549613149135] joint_vel=[1.361425629413694, 22.802313431131306, -82.21970534277119, -3.398474578804573, -13.182129748064092, 31.001412741895166] imu_ang_vel=[0.0, 0.3033079816491284, 0.0] imu_quat_wxyz=[0.9982015839590562, 0.0, 0.05994662443900673, 0.0] status=0x0003
joint_pos=[20.37980325905875, -16.448165773070997, 8.886919677526125, -0.47227789961921496, -7.767484896598684, 15.615140814356245] joint_vel=[-3.26970014971535, 19.561250780295985, -75.09761614270118, 2.2035568407674533, -20.14506233943066, 36.733390076777034] imu_ang_vel=[0.0, 0.38189378622505843, 0.0] imu_quat_wxyz=[0.9979856487920501, 0.0, 0.06344008831260288, 0.0] status=0x0003
joint_pos=[19.975256694331676, -15.946651504659597, 7.417968879418394, -0.5377954319576556, -8.337211194335767, 16.59292014859938] joint_vel=[-27.24800966328726, 26.20553553184629, -69.83820363263189, -5.7894922201702395, -31.274567659291613, 57.072960933654436] imu_ang_vel=[0.0, 0.23136693357988722, 0.0] imu_quat_wxyz=[0.997790450466191, 0.0, 0.06643957373791437, 0.0] status=0x0003
joint_pos=[18.59873163588809, -15.091562227617295, 6.165359636315068, -0.9886031432729508, -9.288227759456214, 17.772760103170295] joint_vel=[-84.69064453678095, 47.495878827603626, -57.15386371048359, -30.329972607922393, -51.433614945333325, 68.21670328861464] imu_ang_vel=[0.0, -0.24957285081493946, 0.0] imu_quat_wxyz=[0.9978215072684103, 0.0, 0.06597150621743937, 0.0] status=0x0003
joint_pos=[16.364619333265413, -14.21668661313859, 4.987150738975375, -2.0363491509739657, -10.743558956672288, 18.69370873035645] joint_vel=[-108.40864616613538, 22.618406838365768, -77.73247612415405, -65.58112669824683, -80.1511840367405, 19.11669706466077] imu_ang_vel=[0.0, -1.1601226350754512, 0.0] imu_quat_wxyz=[0.9982481290955996, 0.0, 0.059166483393346986, 0.0] status=0x0003
joint_pos=[14.130794772944055, -14.225363012669115, 4.848390557702762, -3.0080166508181576, -13.17257115837136, 19.660395696115962] joint_vel=[-112.70230280323237, -10.43661452622098, 36.96163402253173, -38.30363410283476, -136.27657208038576, 57.77983020477388] imu_ang_vel=[0.0, -1.5028632945796425, 0.0] imu_quat_wxyz=[0.9989910868180676, 0.0, 0.04490889063488522, 0.0] status=0x0003
sim t=    1.02s  x= 0.197m z= 0.524m pitch= 3.28deg action=[-1.0, 1.0, 0.712, 0.044, -0.568, 1.0]
joint_pos=[12.094929007658894, -14.231096002810194, 5.857934908823687, -2.7663200556420238, -17.05893925265119, 20.857789086937295] joint_vel=[-95.3248237421945, 6.53901083158125, 55.3523331162436, 36.96670611990682, -214.87171361209965, 57.83243152517759] imu_ang_vel=[0.0, -1.189555236017386, 0.0] imu_quat_wxyz=[0.9995097981821572, 0.0, 0.03130756039462968, 0.0] status=0x0003
joint_pos=[10.527377802332218, -13.820754459660835, 6.802907845544158, -1.0757835259160584, -22.036941401161474, 21.86340331904141] joint_vel=[-67.0919681244022, 28.09222138180402, 43.500556857987036, 109.98829558076304, -257.83392837359054, 44.76837841232347] imu_ang_vel=[0.0, -0.6376893547076984, 0.0] imu_quat_wxyz=[0.9997434492827264, 0.0, 0.022650289540682222, 0.0] status=0x0003
joint_pos=[9.471413907154998, -13.010933050881073, 7.333773755513417, 1.7621237490388377, -27.289494725813658, 22.583514972323727] joint_vel=[-47.15667573234272, 46.01728803207699, 19.716243015630102, 153.52318495333566, -256.0771364950041, 30.897210612713554] imu_ang_vel=[0.0, -0.10830315232638948, 0.0] imu_quat_wxyz=[0.9998023025823481, 0.0, 0.01988355478868732, 0.0] status=0x0003
joint_pos=[8.574959511933574, -11.835443722931226, 7.0353961017676205, 4.892935007277211, -31.840641409840533, 23.062317508222264] joint_vel=[-44.312734112442605, 62.83044101268448, -28.339664080744313, 154.75868164444495, -207.06139779388855, 20.24008959660635] imu_ang_vel=[0.0, 0.0661067669979898, 0.0] imu_quat_wxyz=[0.9997979859736967, 0.0, 0.020099433895998872, 0.0] status=0x0003
joint_pos=[7.700643341205469, -10.634927960778652, 6.1789158434523, 7.775721576419219, -35.191189596405295, 23.374172908115177] joint_vel=[-43.70187506221439, 56.55560156279666, -47.589932775984444, 136.54609119302273, -143.79470128213472, 13.231109396959344] imu_ang_vel=[0.0, 0.03335599725435832, 0.0] imu_quat_wxyz=[0.9997863800177732, 0.0, 0.02066867995196347, 0.0] status=0x0003
joint_pos=[6.817499193408353, -9.71621815167164, 5.335643560799054, 10.21782353392109, -37.328371409589536, 23.582684768190333] joint_vel=[-44.503474227034616, 39.39511204904263, -38.83187170018947, 113.38299108252468, -86.06784501082865, 9.029294304766028] imu_ang_vel=[0.0, -0.07960632327640467, 0.0] imu_quat_wxyz=[0.999793522529103, 0.0, 0.020320243818612298, 0.0] status=0x0003
joint_pos=[5.832659841154788, -9.020348299820062, 5.479571314215562, 12.265858669762169, -38.404253293368456, 23.728463613482443] joint_vel=[-48.179405934574596, 27.651170440220042, 10.416710157377556, 94.27046704080114, -35.45511185238095, 6.366291973728004] imu_ang_vel=[0.0, -0.13137145646552714, 0.0] imu_quat_wxyz=[0.9998149892088563, 0.0, 0.0192350553234127, 0.0] status=0x0003
joint_pos=[4.845402772395078, -8.503816312241073, 5.739769326716463, 13.931688916483159, -38.58153175049077, 23.836162346338323] joint_vel=[-49.73899227513124, 24.21138975295371, 14.996520840681864, 77.44682403520717, 4.208062791274907, 4.9479519056114345] imu_ang_vel=[0.0, -0.16113465848198064, 0.0] imu_quat_wxyz=[0.9998436842616136, 0.0, 0.017680696880006095, 0.0] status=0x0003
joint_pos=[3.89072914467626, -8.097301702230904, 6.097487030722748, 15.274843388131059, -37.95765200734616, 23.916408311554598] joint_vel=[-46.50194220221651, 17.86121540777247, 19.98642854409069, 61.92787582262328, 43.69865113835294, 3.659630160201746] imu_ang_vel=[0.0, -0.13809624675038842, 0.0] imu_quat_wxyz=[0.9998692230088391, 0.0, 0.01617210189494041, 0.0] status=0x0003
joint_pos=[3.0037826270394157, -7.801138203701106, 6.5523883335190165, 16.371019753370994, -36.78176212805898, 23.981848128134956] joint_vel=[-43.09391620695697, 12.932376235599788, 24.449749942203262, 51.22169348438382, 64.85307913922767, 3.1380491021192607] imu_ang_vel=[0.0, -0.09358413315026254, 0.0] imu_quat_wxyz=[0.9998866434643643, 0.0, 0.015056567389918547, 0.0] status=0x0003
joint_pos=[2.1944972805308627, -7.574437600104762, 7.071843535240493, 17.27845748698176, -35.25802358696485, 24.036324178964207] joint_vel=[-39.00373900461051, 10.295989762011136, 27.185186655944182, 42.54877905805773, 79.92558171232794, 2.5961599741814276] imu_ang_vel=[0.0, -0.024730742467378084, 0.0] imu_quat_wxyz=[0.9998944959664178, 0.0, 0.014525733580904567, 0.0] status=0x0003
joint_pos=[1.4672264990751012, -7.368040906472423, 7.628262862719863, 18.03882768899842, -33.52045148402973, 24.081299767149503] joint_vel=[-34.905651567836316, 10.1454259976466, 28.557948543892085, 35.90879902946706, 88.16833853708634, 2.15526877515993] imu_ang_vel=[0.0, 0.06496265040148806, 0.0] imu_quat_wxyz=[0.9998901781427261, 0.0, 0.014819974821418003, 0.0] status=0x0003
joint_pos=[0.80629147481151, -7.098447629550892, 8.26482530577638, 18.70163463019628, -31.63845397763202, 23.617694561427438] joint_vel=[-30.07243456276592, 11.691970095129472, 26.234476672802685, 30.40763794364124, 95.58958978344448, -32.437766778240814] imu_ang_vel=[0.0, 0.1732209327017889, 0.0] imu_quat_wxyz=[0.9998688258883601, 0.0, 0.0161966359665277, 0.0] status=0x0003
joint_pos=[0.2640090875748045, -6.8315953423266444, 8.77799073929414, 19.25179187063224, -29.63293688464591, 22.209681102907144] joint_vel=[-25.554144291347452, 13.98607216475529, 26.063375349423872, 26.199259033500752, 99.76664309093174, -82.80362949278772] imu_ang_vel=[0.0, 0.2782175790779938, 0.0] imu_quat_wxyz=[0.9998275513588373, 0.0, 0.018570609677436695, 0.0] status=0x0003
joint_pos=[-0.19991976649767196, -6.506371818316589, 9.334180804654748, 19.743548618710467, -27.659067509440185, 20.063608463331423] joint_vel=[-20.939443372661827, 15.439743969465406, 24.330548283727616, 22.9452240842739, 95.86271546311634, -112.87183698641826] imu_ang_vel=[0.0, 0.3725095814452944, 0.0] imu_quat_wxyz=[0.9997578568274521, 0.0, 0.022005174659152586, 0.0] status=0x0003
joint_pos=[-0.5696462204391902, -6.169794166388358, 9.903337162270896, 20.166656586737805, -25.77758997199148, 17.494649854154314] joint_vel=[-17.63544177514476, 18.090527224024793, 33.06356292506384, 20.578964486459594, 90.4111911475088, -129.5403128852141] imu_ang_vel=[0.0, 0.45178158353231074, 0.0] imu_quat_wxyz=[0.9996548743966235, 0.0, 0.026270365339500303, 0.0] status=0x0003
joint_pos=[-0.8271160932290859, -5.8866047003401984, 10.460627836799828, 20.499391139694477, -24.007676440032796, 14.733191919490778] joint_vel=[-11.729629655322759, 14.240350686180218, 31.93026067113875, 15.61313056920773, 84.58879066468917, -135.93567237171564] imu_ang_vel=[0.0, 0.5135482578220926, 0.0] imu_quat_wxyz=[0.9995117065516874, 0.0, 0.031246575270477042, 0.0] status=0x0003
joint_pos=[-0.9524328804589657, -5.7368224390620615, 11.072574407517259, 20.702462048919436, -22.275779212652658, 11.998620817469428] joint_vel=[-4.606018409960175, 5.829902646225411, 35.721322202736026, 8.273827725910238, 84.71562830711952, -131.519900405393] imu_ang_vel=[0.0, 0.5627471043598936, 0.0] imu_quat_wxyz=[0.9993247826979582, 0.0, 0.03674205608942648, 0.0] status=0x0003
joint_pos=[-0.9751804800017918, -5.675484711431204, 11.740790450016704, 20.77036934129242, -20.579717401457742, 9.560824897023814] joint_vel=[-0.27195908758861936, 3.423978139983321, 37.88445296253597, 2.0548318865826185, 82.09176707165133, -113.0785959671259] imu_ang_vel=[0.0, 0.6183522538822093, 0.0] imu_quat_wxyz=[0.9990863567217472, 0.0, 0.04273700752820447, 0.0] status=0x0003
joint_pos=[-0.8959015699814676, -5.672503446655674, 12.450179155959177, 20.709424988015144, -18.869612018534138, 7.555493816143106] joint_vel=[5.000968108891277, 0.3781051936934865, 40.190202558205286, -4.4044809989519855, 84.27757084646964, -91.00839797741335] imu_ang_vel=[0.0, 0.6925924462117452, 0.0] imu_quat_wxyz=[0.9987783200345323, 0.0, 0.04941525502309365, 0.0] status=0x0003
joint_pos=[-0.705450030899263, -5.775035553973314, 13.229425653808748, 20.535316982560698, -17.178946620718907, 6.115693004113154] joint_vel=[10.494932081864146, -5.682989722208445, 44.274829824552675, -9.620292065103877, 81.88458105776087, -61.36759908894829] imu_ang_vel=[0.0, 0.755214396038449, 0.0] imu_quat_wxyz=[0.9983863435423403, 0.0, 0.056786521535976145, 0.0] status=0x0003
joint_pos=[-0.3973287993036328, -6.0835020467869585, 14.131547520836495, 20.270809418511565, -15.627390456534142, 5.328617178796385] joint_vel=[16.338068834797213, -17.778379747692277, 51.396150994489254, -13.862192673237248, 73.01725557565697, -28.8515459514162] imu_ang_vel=[0.0, 0.7807554313957099, 0.0] imu_quat_wxyz=[0.9979130041727948, 0.0, 0.06457271949382072, 0.0] status=0x0003
joint_pos=[0.04501427742192818, -6.781721456701192, 15.227142956096221, 19.91383392267388, -14.329964819096446, 5.163547298289158] joint_vel=[24.044205273520177, -41.69413720258447, 56.507296870220415, -19.490227144742903, 59.29574714831521, -0.058104580402387994] imu_ang_vel=[0.0, 0.7586161420952612, 0.0] imu_quat_wxyz=[0.9973861209430614, 0.0, 0.0722559738025362, 0.0] status=0x0003
joint_pos=[0.3327531340861509, -8.028088092282713, 16.708016814155243, 19.06415380818444, -13.203684058086852, 5.4509292711226385] joint_vel=[9.459286418943424, -70.01444003352404, 83.48955339215846, -52.03195001060887, 52.82459001502232, 19.616511655063558] imu_ang_vel=[0.0, 0.37540630404180825, 0.0] imu_quat_wxyz=[0.9969762280592568, 0.0, 0.0777071469347363, 0.0] status=0x0003
joint_pos=[-0.26959696871668415, -10.014292616263715, 17.62506205492878, 17.412218135396138, -12.948849280488941, 4.979517117822034] joint_vel=[-49.25222245497807, -110.20471604357435, 27.625132240287456, -95.94175315780586, -7.2760100069721725, -36.28045854398849] imu_ang_vel=[0.0, -0.983131136745069, 0.0] imu_quat_wxyz=[0.9972371784814096, 0.0, 0.07428330804721409, 0.0] status=0x0003
joint_pos=[-0.4471039450695559, -13.381461829851935, 17.809986702976452, 15.3605384987537, -12.649461423092728, 4.428196835606608] joint_vel=[10.710679511497329, -192.11846913966468, -4.227510711158631, -103.53503311303415, 24.542600848121236, -23.02614819742269] imu_ang_vel=[0.0, -1.1121929017151675, 0.0] imu_quat_wxyz=[0.9980390918108126, 0.0, 0.06259369950281282, 0.0] status=0x0003
joint_pos=[0.6552744869902392, -18.328028025847928, 18.68119013388423, 13.462479514097325, -12.153854999166432, 4.720826153576762] joint_vel=[78.8278391497699, -265.8944977964639, 60.563077442954594, -87.82817596857885, 27.463630593025822, 26.155903659768377] imu_ang_vel=[0.0, -0.8370826931886206, 0.0] imu_quat_wxyz=[0.9985952491898886, 0.0, 0.052986114175170324, 0.0] status=0x0003
joint_pos=[2.9011079037145886, -24.141651749331377, 20.03248590368695, 11.9080097827347, -11.393827012918745, 4.892174651648162] joint_vel=[125.50952230902966, -292.3319641184736, 67.32330418611824, -73.18263099926915, 41.948922508308584, 6.095508996928205] imu_ang_vel=[0.0, -0.4814601428205242, 0.0] imu_quat_wxyz=[0.9988940520978903, 0.0, 0.047017791137581505, 0.0] status=0x0003
joint_pos=[5.517052547418871, -29.503697794655626, 21.232601087780466, 10.51594565304338, -10.508476991251177, 5.003834982292836] joint_vel=[130.6591668892789, -248.53927844045543, 54.68959466203079, -68.16780590123878, 44.863217276617036, 5.563597571944981] imu_ang_vel=[0.0, -0.32676184690200083, 0.0] imu_quat_wxyz=[0.9990619337561113, 0.0, 0.04330418593507333, 0.0] status=0x0003
joint_pos=[7.995216886411225, -33.6636588736835, 22.138296955849093, 9.181946830145705, -9.66371275010858, 5.179667881926017] joint_vel=[118.79138722485875, -182.83409167078236, 39.832458987873174, -65.97630057098281, 40.33916684719839, 10.348839384254712] imu_ang_vel=[0.0, -0.27798656281243905, 0.0] imu_quat_wxyz=[0.9991839092998777, 0.0, 0.0403920214425318, 0.0] status=0x0003
joint_pos=[10.191464212561543, -36.49952353177047, 22.77772310243772, 7.867570106001562, -8.845868157715055, 5.34668494993657] joint_vel=[104.41990134822534, -117.98232037894256, 27.688013234831235, -65.54571615110189, 40.37687407990784, 11.004440800330192] imu_ang_vel=[0.0, -0.24581548777756343, 0.0] imu_quat_wxyz=[0.9992856306021263, 0.0, 0.03779191014107084, 0.0] status=0x0003
joint_pos=[12.1219590729719, -38.16356017498061, 23.217950172282052, 6.559164563120615, -7.998952698408563, 5.544538787272491] joint_vel=[91.86164556376467, -64.05729966815527, 19.018513255507255, -65.00573232912355, 42.36124016899843, 10.435787115952863] imu_ang_vel=[0.0, -0.20397939334092835, 0.0] imu_quat_wxyz=[0.9993665878272115, 0.0, 0.03558683934541319, 0.0] status=0x0003
joint_pos=[13.805393232726187, -38.81289726800364, 23.51787763291909, 5.285269821351011, -7.123650422699747, 5.74028473080626] joint_vel=[79.89940295418567, -16.13353586619243, 12.960743965999766, -62.587709095769746, 43.444687044772216, 10.411057887396924] imu_ang_vel=[0.0, -0.144353074737385, 0.0] imu_quat_wxyz=[0.9994252315111867, 0.0, 0.03389995012991834, 0.0] status=0x0003
joint_pos=[15.235315765017287, -38.47005241768217, 23.718218978867302, 4.095388910335112, -6.241089537896414, 5.946468027089947] joint_vel=[67.21399230217136, 33.010879875413124, 8.647357958082404, -57.42864734088809, 43.42304280250822, 11.08297125158889] imu_ang_vel=[0.0, -0.05063288067827477, 0.0] imu_quat_wxyz=[0.9994551396480346, 0.0, 0.03300642105905641, 0.0] status=0x0003
joint_pos=[16.40775506225939, -37.233398776768084, 23.851626856236894, 3.079322502719451, -5.529637162883628, 6.2475179323085595] joint_vel=[54.375834744496004, 74.49294131822137, 5.82056507039502, -47.28280885072862, 31.016137288091066, 17.595525482683378] imu_ang_vel=[0.0, 0.031069440355134738, 0.0] imu_quat_wxyz=[0.9994543728091468, 0.0, 0.03302963325068631, 0.0] status=0x0003
joint_pos=[17.354287257548897, -35.30741384982201, 23.942732648738396, 2.250185052774881, -5.042178159974625, 6.740495945694603] joint_vel=[42.856376422089696, 105.47517220551497, 4.014151241611094, -37.05650944891763, 18.08002383627956, 22.210687211598188] imu_ang_vel=[0.0, 0.09713148331192416, 0.0] imu_quat_wxyz=[0.9994276430512818, 0.0, 0.03382877924134498, 0.0] status=0x0003
joint_pos=[18.105301883355324, -32.94030921720155, 24.008672889335724, 1.5915744784423436, -4.7661126604400765, 7.323777426127944] joint_vel=[36.950377247935506, 120.37688169478594, 3.1769816489506995, -33.069246137785576, 15.281208966416346, 42.126380032491134] imu_ang_vel=[0.0, 0.15181046869296086, 0.0] imu_quat_wxyz=[0.9993823851718581, 0.0, 0.035140407058084425, 0.0] status=0x0003
joint_pos=[18.682810855174065, -30.333960918515306, 24.056145981205322, 1.1017707881054126, -4.721105669837858, 7.91359847169028] joint_vel=[26.681869271170733, 130.50752480190312, 2.227925036212292, -22.380673918107565, -0.8477457123100625, 31.138110093248994] imu_ang_vel=[0.0, 0.1890169031169643, 0.0] imu_quat_wxyz=[0.9993166331902581, 0.0, 0.036963044102009984, 0.0] status=0x0003
joint_pos=[19.17004896574048, -27.768663456898274, 23.708301516454156, 0.6951181893940958, -4.789426269343601, 8.62936848856401] joint_vel=[22.55925293799368, 124.52834622913674, -24.555757132526534, -18.488700425821428, -6.282433771733892, 33.12532285279797] imu_ang_vel=[0.0, 0.2082662058720067, 0.0] imu_quat_wxyz=[0.9992385056998573, 0.0, 0.039018056419001426, 0.0] status=0x0003
joint_pos=[19.547280719505167, -25.268868448646646, 22.585893127939546, 0.3949028303759991, -5.051851245189313, 9.424792804985115] joint_vel=[16.505505259747455, 122.32077256795365, -66.5613433831497, -12.723471640776033, -17.573976993904658, 38.53879755594906] imu_ang_vel=[0.0, 0.2097600279685431, 0.0] imu_quat_wxyz=[0.9991532721147182, 0.0, 0.041142907316474644, 0.0] status=0x0003
joint_pos=[19.84197830369098, -22.931170215128528, 20.85394981198267, 0.15780719601882756, -5.411943996501552, 10.292008336915982] joint_vel=[14.41881202039658, 110.87501044017108, -91.13420308527206, -12.091584739340595, -17.029511961150618, 47.631944577442] imu_ang_vel=[0.0, 0.2162122727842318, 0.0] imu_quat_wxyz=[0.9990624441669418, 0.0, 0.04329240874768151, 0.0] status=0x0003
joint_pos=[20.078041911188976, -20.87793139903513, 18.855541461708423, -0.0406259939786611, -5.808037745817163, 11.161006894575143] joint_vel=[11.6347174690437, 95.3440095968209, -99.38866939813956, -10.220793404332888, -18.632142342264085, 47.17463275771047] imu_ang_vel=[0.0, 0.22922626696162254, 0.0] imu_quat_wxyz=[0.9989602810666134, 0.0, 0.045588999235702525, 0.0] status=0x0003
joint_pos=[20.272861827443265, -19.19269631748812, 16.781900881690838, -0.23218371994825562, -6.154779115816945, 11.960358518977847] joint_vel=[8.948035832819091, 76.53940884748201, -101.26960067678796, -9.378119629573355, -16.181842475419682, 36.873671075323415] imu_ang_vel=[0.0, 0.2602074091523149, 0.0] imu_quat_wxyz=[0.9988424412879764, 0.0, 0.048101740944330444, 0.0] status=0x0003
joint_pos=[20.449873473839837, -17.897483978746, 14.672647850865276, -0.44339056746126015, -6.380902560649429, 12.778909469307418] joint_vel=[7.532204412771665, 57.97985661803205, -103.03069862425085, -9.617234401509318, -11.18142107196586, 35.819504571653646] imu_ang_vel=[0.0, 0.3232893289788841, 0.0] imu_quat_wxyz=[0.9986956013531674, 0.0, 0.051059728141024815, 0.0] status=0x0003
joint_pos=[20.58090460559768, -16.937334259142357, 12.570658026930174, -0.6152908948722964, -6.60659144160375, 13.609331498885096] joint_vel=[6.3440853966496995, 41.7556069274562, -101.76866537574492, -8.53074767591636, -9.903632067214216, 46.10807858545836] imu_ang_vel=[0.0, 0.3632607115997392, 0.0] imu_quat_wxyz=[0.9985125374716238, 0.0, 0.05452258717246401, 0.0] status=0x0003
joint_pos=[20.6383786100268, -16.22989680203963, 10.542741407711832, -0.7018734275164172, -6.925118060556474, 14.451716896107191] joint_vel=[1.4782486155917651, 31.05471998166477, -97.23547693014213, -2.5267851641436345, -17.773931912410482, 41.82006311859216] imu_ang_vel=[0.0, 0.4272501021744081, 0.0] imu_quat_wxyz=[0.9982851534972299, 0.0, 0.058538468608361295, 0.0] status=0x0003
joint_pos=[20.620642065922365, -15.721957312777203, 8.672245781339768, -0.6941192267324833, -7.379421085542271, 15.433495038922464] joint_vel=[-3.1499753416048883, 22.211025045129677, -88.37285357002096, 2.77147949419143, -26.830775678391813, 47.85748243103648] imu_ang_vel=[0.0, 0.4746738861495013, 0.0] imu_quat_wxyz=[0.9980086983287436, 0.0, 0.06307644615993291, 0.0] status=0x0003
joint_pos=[20.03611466079705, -15.173549330711154, 6.994536853872062, -0.8722346342176261, -8.119104466955216, 16.604572082102504] joint_vel=[-41.69179099430445, 28.761388056147332, -78.77459208331209, -12.330295570894418, -43.850078699227474, 58.97130919920976] imu_ang_vel=[0.0, 0.17357331638553947, 0.0] imu_quat_wxyz=[0.9978044866722329, 0.0, 0.06622844084501658, 0.0] status=0x0003
joint_pos=[18.25048062336425, -14.277381015328432, 5.721449000168918, -1.6330617461630148, -9.208896958735904, 18.10280290759002] joint_vel=[-108.80132876660076, 49.69994924453765, -54.99968415109561, -47.46992642252096, -59.49037584588518, 82.99405312315355] imu_ang_vel=[0.0, -0.43570081312410397, 0.0] imu_quat_wxyz=[0.9979256813926404, 0.0, 0.0643765051632543, 0.0] status=0x0003
joint_pos=[16.161528009951937, -13.990372987983813, 4.110488845229403, -2.938069735534411, -10.9386112495062, 18.827854902489914] joint_vel=[-114.16209226200951, 9.15473537250335, -68.31192582610541, -69.50791201123499, -98.30746156203074, 31.382854245709776] imu_ang_vel=[0.0, -1.3396580028946494, 0.0] imu_quat_wxyz=[0.9985247795389242, 0.0, 0.05429792488431725, 0.0] status=0x0003
sim t=    2.02s  x= 0.450m z= 0.524m pitch= 4.27deg action=[-1.0, 0.806, 0.547, -0.417, -0.243, 1.0]
joint_pos=[13.967350755935431, -14.023611710632462, 4.419344201668761, -3.5408375869064144, -13.920341640728521, 19.88488356392096] joint_vel=[-107.09441568767447, -4.351529141638252, 44.070133633518765, -11.811955775041874, -167.553486333319, 59.22858589182646] imu_ang_vel=[0.0, -1.3285989270523402, 0.0] imu_quat_wxyz=[0.9991813630164162, 0.0, 0.040454960148994024, 0.0] status=0x0003
joint_pos=[12.045309106168961, -13.89739084770092, 5.482263506219398, -2.7865055261180602, -18.37708531163569, 21.059483034862026] joint_vel=[-89.15172799173219, 12.91107736482956, 56.48765321185779, 62.401226912749166, -241.52318624550296, 55.67126716236835] imu_ang_vel=[0.0, -0.9662922554276042, 0.0] imu_quat_wxyz=[0.9995769429772918, 0.0, 0.02908496292196178, 0.0] status=0x0003
joint_pos=[10.599950250114414, -13.382634874631893, 6.426456748191946, -0.6568553979281531, -23.718072109433304, 22.00843075077774] joint_vel=[-61.211026592381565, 32.67734424873728, 42.9867083199902, 129.95387710554294, -271.53356714712226, 41.81798018819971] imu_ang_vel=[0.0, -0.43268388273925995, 0.0] imu_quat_wxyz=[0.9997452550163656, 0.0, 0.02257044687776905, 0.0] status=0x0003
joint_pos=[9.578693583529493, -12.481499897278985, 6.882802859435003, 2.368713884963372, -28.92930854580272, 22.673145401460392] joint_vel=[-47.40592542585221, 50.22910500733505, 14.734159391792202, 157.80197587573892, -246.8904668854745, 28.411770354489203] imu_ang_vel=[0.0, 0.002227485959671635, 0.0] imu_quat_wxyz=[0.9997724371061684, 0.0, 0.02133246358938954, 0.0] status=0x0003
joint_pos=[8.646182289204061, -11.24494203116148, 6.4589303146128785, 5.490938587986996, -33.17886823435172, 23.114677083572563] joint_vel=[-46.665792176852825, 65.03093727679227, -35.1009449331063, 152.32297620292783, -189.7390416226487, 18.73862490017296] imu_ang_vel=[0.0, 0.10929777525550353, 0.0] imu_quat_wxyz=[0.9997536612814875, 0.0, 0.022194971373281806, 0.0] status=0x0003
joint_pos=[7.7555860132431915, -10.145346189162584, 5.59730173228903, 8.26984491538322, -36.11324260912724, 23.40387459540535] joint_vel=[-43.74906156886401, 48.11109812533263, -45.43780665752944, 130.23492388880285, -121.91344363694992, 12.315620113122526] imu_ang_vel=[0.0, 0.031661600639572594, 0.0] imu_quat_wxyz=[0.999737491883672, 0.0, 0.0229117289209028, 0.0] status=0x0003
joint_pos=[6.804946407824145, -9.323202501742129, 5.23939706134067, 10.622028321272722, -37.85113348422388, 23.601739805316146] joint_vel=[-55.753870519776314, 45.22559963411527, 42.29217845948396, 113.98263475536652, -67.49243998174187, 8.741486962386599] imu_ang_vel=[0.0, -0.09491600155497479, 0.0] imu_quat_wxyz=[0.9997484515437612, 0.0, 0.022428411353722245, 0.0] status=0x0003
joint_pos=[5.805031592486165, -8.753028725959776, 5.497594332690577, 12.58629725523121, -38.58589313288299, 23.74218569466114] joint_vel=[-51.74821731170615, 27.942283466361296, 13.801726474219528, 92.12580761770079, -23.433954367809648, 6.447263359695022] imu_ang_vel=[0.0, -0.13225185827437003, 0.0] imu_quat_wxyz=[0.9997688903099701, 0.0, 0.021498045687247114, 0.0] status=0x0003
joint_pos=[4.810035028144859, -8.277901842686363, 5.828854318612061, 14.157439907620375, -38.2378141197729, 23.838606216880983] joint_vel=[-48.49760902846845, 20.97404926862423, 18.831414391264417, 71.74486734693565, 36.92422105504808, 4.210457582501648] imu_ang_vel=[0.0, -0.12624845857590736, 0.0] imu_quat_wxyz=[0.9997971296123473, 0.0, 0.020141986468844436, 0.0] status=0x0003
joint_pos=[3.836878191632292, -7.8811040732483635, 6.256989851016227, 15.46030297362662, -37.24915999707478, 23.920312094152987] joint_vel=[-48.51159631094282, 18.728248158301977, 22.77536970542278, 61.65544590014023, 54.537355958532146, 4.014823496782831] imu_ang_vel=[0.0, -0.11052650279947346, 0.0] imu_quat_wxyz=[0.9998197858175905, 0.0, 0.018984095650505583, 0.0] status=0x0003
joint_pos=[2.9223923413861392, -7.562750318694209, 6.749659815822966, 16.542416604203275, -35.801822678115414, 23.986332616161622] joint_vel=[-44.167814241688646, 14.149277349154259, 26.194921934514138, 50.4479012006504, 79.38058708859886, 3.057101599756901] imu_ang_vel=[0.0, -0.059745321727199756, 0.0] imu_quat_wxyz=[0.9998351902116286, 0.0, 0.018154680236138566, 0.0] status=0x0003
joint_pos=[2.0817402333492065, -7.301456577247384, 7.304604510005479, 17.456558724380823, -34.085524848748335, 24.042118716146227] joint_vel=[-40.82344222611793, 12.26336200487536, 28.82463196078837, 43.41889283659072, 86.94781091916373, 2.7087457904235763] imu_ang_vel=[0.0, 0.006958890600963524, 0.0] imu_quat_wxyz=[0.999838616227442, 0.0, 0.01796500766473623, 0.0] status=0x0003
joint_pos=[1.2935662429094519, -6.9925727369641555, 7.967763611865611, 18.25779096955673, -32.224446034917726, 24.021320101925046] joint_vel=[-41.41059620109013, 21.955076478772114, 47.75443143783285, 40.89956308503568, 92.10314080783557, -2.2203373865720506] imu_ang_vel=[0.0, 0.10049878263023627, 0.0] imu_quat_wxyz=[0.9998272215298374, 0.0, 0.018588358935781358, 0.0] status=0x0003
joint_pos=[0.6159068574137768, -6.687548212322332, 8.494446104888839, 18.93964334545723, -30.248032301033707, 23.275931052303935] joint_vel=[-32.56546107410397, 16.119630119124178, 26.221825870366636, 32.77685310486861, 97.72118779353472, -49.66826020504055] imu_ang_vel=[0.0, 0.20285972534180638, 0.0] imu_quat_wxyz=[0.9997936406884357, 0.0, 0.020314429329005075, 0.0] status=0x0003
joint_pos=[0.029081417766840725, -6.330818175731962, 9.071757222504793, 19.534223760705654, -28.154809463362728, 21.493187822530555] joint_vel=[-26.525884918821532, 16.61250236649334, 26.016493853126597, 27.48485332600981, 105.79403790454994, -101.45707630519227] imu_ang_vel=[0.0, 0.33069058699214227, 0.0] imu_quat_wxyz=[0.9997341110609397, 0.0, 0.023058776662969623, 0.0] status=0x0003
joint_pos=[-0.4647813826811968, -5.952911654015979, 9.615192923925486, 20.065240820235662, -26.169024885828343, 19.014223829639533] joint_vel=[-22.93220694903162, 18.511410029963045, 24.485717146235597, 25.403327376518742, 93.93881932069453, -128.07766833898174] imu_ang_vel=[0.0, 0.40960133250813935, 0.0] imu_quat_wxyz=[0.9996421364047936, 0.0, 0.026750684553109586, 0.0] status=0x0003
joint_pos=[-0.859731701165691, -5.582878624479003, 10.166511629790952, 20.518274669950387, -24.30968503461966, 16.169907192044903] joint_vel=[-18.513873162086192, 19.053005703362, 31.743784245072913, 21.5917463222564, 89.77695801444911, -142.18667384381104] imu_ang_vel=[0.0, 0.46819775356748905, 0.0] imu_quat_wxyz=[0.9995139337996262, 0.0, 0.031175248842574256, 0.0] status=0x0003
joint_pos=[-1.1342463630677972, -5.314969861325195, 10.759552251889001, 20.868174027419144, -22.604907123622755, 13.348804004210157] joint_vel=[-12.340153100844802, 12.177343677799229, 34.45912858384994, 16.12001854329618, 80.35718695332781, -134.9265572597035] imu_ang_vel=[0.0, 0.5168386588604539, 0.0] imu_quat_wxyz=[0.9993433892196495, 0.0, 0.036232449861748034, 0.0] status=0x0003
joint_pos=[-1.2724625488268824, -5.208023968292929, 11.432991779730148, 21.069110552423798, -20.952762507477154, 10.72146138157166] joint_vel=[-5.195150066790262, 3.635496961312924, 38.88002945121387, 7.841186305387505, 80.98020128458998, -124.618612010938] imu_ang_vel=[0.0, 0.5673540840074637, 0.0] imu_quat_wxyz=[0.9991282781119583, 0.0, 0.04174546534694992, 0.0] status=0x0003
joint_pos=[-1.2963430282271626, -5.200371558465559, 12.18486107932325, 21.121140892474752, -19.305566536148056, 8.449850755199916] joint_vel=[0.1344658003228492, -0.019770192671620588, 41.07835999920406, 0.624930121229606, 80.49650646301951, -104.53276644975243] imu_ang_vel=[0.0, 0.6334208169742456, 0.0] imu_quat_wxyz=[0.9988535015251337, 0.0, 0.047871520667089926, 0.0] status=0x0003
joint_pos=[-1.198669815876961, -5.297453562854246, 12.992805864086392, 21.02794419893774, -17.638832036523308, 6.694388280381482] joint_vel=[6.189181187878673, -5.372794796593834, 45.60241348095573, -6.1879271634488155, 81.97760680894388, -77.42522513045303] imu_ang_vel=[0.0, 0.710788110280295, 0.0] imu_quat_wxyz=[0.9985013040021211, 0.0, 0.054727926199187024, 0.0] status=0x0003
joint_pos=[-0.9722293950394862, -5.575726811479842, 13.916424902390224, 20.820705436186334, -16.058174887660016, 5.591238199327014] joint_vel=[12.527202513975853, -15.870886418103579, 52.22109227137424, -11.33107245763848, 75.07952801628066, -43.91815440990071] imu_ang_vel=[0.0, 0.759617293469931, 0.0] imu_quat_wxyz=[0.9980631840566299, 0.0, 0.06220836463645237, 0.0] status=0x0003
joint_pos=[-0.6075140723481762, -6.171913076364128, 15.027894869501393, 20.514897124489035, -14.683986564900469, 5.141767534062261] joint_vel=[19.4335217802653, -33.91602630440426, 62.652856974163065, -16.225501698214508, 63.47573112230238, -12.895311920838001] imu_ang_vel=[0.0, 0.7599296595825898, 0.0] imu_quat_wxyz=[0.9975551490203861, 0.0, 0.06988365089858399, 0.0] status=0x0003
joint_pos=[-0.16859055577478424, -7.259893981080901, 16.39172391280766, 19.99342673479453, -13.549474342846983, 5.229769878068075] joint_vel=[22.49741765024334, -62.51922864926019, 70.3872124677466, -30.3662630117558, 51.84628606375881, 11.194276738891995] imu_ang_vel=[0.0, 0.6289605869924269, 0.0] imu_quat_wxyz=[0.9970459428512959, 0.0, 0.07680747257767624, 0.0] status=0x0003
joint_pos=[-0.33152441012048606, -8.97421170602714, 17.676941003637914, 18.816741488816618, -13.051334611895903, 4.972749250109118] joint_vel=[-24.293721790227387, -96.37222248667372, 34.43618446569236, -60.15964555632276, -9.418004666847715, -45.757607704300646] imu_ang_vel=[0.0, -0.4018309908572079, 0.0] imu_quat_wxyz=[0.9969278713276329, 0.0, 0.07832508774431465, 0.0] status=0x0003
joint_pos=[-0.7251062352943094, -11.901068532050811, 18.133776398290003, 17.001251777612428, -13.073600273337018, 4.414365853538989] joint_vel=[-17.910058527692478, -167.5001267440089, 13.713444533822006, -104.69338300025902, 2.4459667597120935, -19.297524550775734] imu_ang_vel=[0.0, -1.1467984784237588, 0.0] imu_quat_wxyz=[0.9975941275838811, 0.0, 0.06932500710533762, 0.0] status=0x0003
joint_pos=[-0.2386972436719631, -16.424889440285174, 18.638373883664645, 14.92976916090198, -12.807904154642252, 4.320392375435968] joint_vel=[47.26373074578289, -246.91221451886028, 28.248495608186353, -99.76822587488216, 19.208045795421256, 2.0304825673238063] imu_ang_vel=[0.0, -1.1128328430806729, 0.0] imu_quat_wxyz=[0.9983510723910589, 0.0, 0.05740327739443694, 0.0] status=0x0003
joint_pos=[1.5558614924354737, -22.237280464852464, 19.691367067014287, 13.11169897242998, -12.266304115510676, 4.669296052297657] joint_vel=[110.48424234931453, -302.57581561695383, 59.9531142830866, -84.12542658559407, 32.48438857953156, 14.787136988816169] imu_ang_vel=[0.0, -0.7586820242821736, 0.0] imu_quat_wxyz=[0.9988265639661064, 0.0, 0.04843031195090127, 0.0] status=0x0003
joint_pos=[4.06527342743237, -27.99414052758979, 20.86896189334884, 11.56525411689518, -11.48523282204967, 4.8594814038533976] joint_vel=[129.82218911288587, -271.82093473413346, 56.05481873698607, -74.43877411095704, 41.73826078312788, 8.040022734171243] imu_ang_vel=[0.0, -0.4759313748058939, 0.0] imu_quat_wxyz=[0.9990837857351992, 0.0, 0.04279706860314882, 0.0] status=0x0003
joint_pos=[6.619135174675519, -32.64355752721482, 21.835519004150125, 10.127219695375295, -10.623683927157272, 5.035285163476044] joint_vel=[124.6536413261587, -207.0525387934575, 43.41896163999509, -70.7595417525834, 43.12884387385346, 9.71121481361788] imu_ang_vel=[0.0, -0.3526949763901038, 0.0] imu_quat_wxyz=[0.9992434885225382, 0.0, 0.03889023843213227, 0.0] status=0x0003
joint_pos=[8.951007120708669, -35.92770286522909, 22.54853730693571, 8.739690161374726, -9.7748067390624, 5.172750517818347] joint_vel=[111.2456460139568, -139.13433058440347, 31.273839267751985, -68.48470014376689, 41.10674570357172, 5.9832800927907] imu_ang_vel=[0.0, -0.29852173465320464, 0.0] imu_quat_wxyz=[0.9993611473247166, 0.0, 0.03573929515010127, 0.0] status=0x0003
joint_pos=[11.020361871848452, -37.93968969872483, 23.05080413720679, 7.374940771384986, -8.929159311965257, 5.378581792053624] joint_vel=[98.71869594607433, -79.41170343997577, 21.832382454570936, -67.79192695410826, 42.15055095316251, 11.107274320987624] imu_ang_vel=[0.0, -0.24909621768635995, 0.0] imu_quat_wxyz=[0.999453566400608, 0.0, 0.03305402561119495, 0.0] status=0x0003
joint_pos=[12.856569417406469, -38.937669673755416, 23.401082917022467, 6.034493838416696, -8.067757327659939, 5.591988164758636] joint_vel=[87.73448908750142, -34.060735093213, 15.242416643666125, -66.27315348600288, 42.54544907539112, 11.435488818270702] imu_ang_vel=[0.0, -0.2038352259657068, 0.0] imu_quat_wxyz=[0.9995241386009005, 0.0, 0.03084633453309807, 0.0] status=0x0003
joint_pos=[14.454307561470069, -38.99948508949164, 23.64054153578974, 4.7515877475686015, -7.198002586488717, 5.814341993120387] joint_vel=[75.73050004097422, 12.034944382153611, 10.38347170154988, -62.61174693858654, 42.911976445314146, 11.871210989402252] imu_ang_vel=[0.0, -0.1313194243650548, 0.0] imu_quat_wxyz=[0.9995727466191064, 0.0, 0.029228825093316087, 0.0] status=0x0003
joint_pos=[15.807307531187751, -38.159081518447785, 23.801817598047357, 3.5735826261656833, -6.343962916503173, 6.062455122684515] joint_vel=[63.60417763242475, 55.699081426002344, 7.024121156532621, -56.55037543244393, 41.605426787889186, 13.398222571195399] imu_ang_vel=[0.0, -0.029004016519319106, 0.0] imu_quat_wxyz=[0.9995930528565825, 0.0, 0.028525929973578595, 0.0] status=0x0003
joint_pos=[16.931034735450538, -36.5589236479304, 23.912020880112014, 2.547870324188005, -5.577141767496709, 6.368325844788497] joint_vel=[52.60757322468263, 89.98460361743068, 4.891144701675605, -48.33236067687146, 35.93165702846934, 16.86726493099756] imu_ang_vel=[0.0, 0.07713396418411711, 0.0] imu_quat_wxyz=[0.9995824112794813, 0.0, 0.02889641951345828, 0.0] status=0x0003
joint_pos=[17.86045978304559, -34.42727803539943, 23.9902746347531, 1.7007407536281798, -4.9899001891039, 6.8482495070634295] joint_vel=[42.36906131794792, 112.97533847528055, 3.499762327376657, -37.852168402356256, 23.01833421585617, 21.53404595213885] imu_ang_vel=[0.0, 0.15602964433918354, 0.0] imu_quat_wxyz=[0.9995421699955623, 0.0, 0.030256410900210716, 0.0] status=0x0003
joint_pos=[18.590217569216257, -31.97205011667701, 24.04724831670278, 1.0601067241575597, -4.690795000807397, 7.367504970772305] joint_vel=[33.80113808316632, 124.53841164542067, 2.6416966056376205, -29.275143891000827, 10.864452817466715, 28.46769289207125] imu_ang_vel=[0.0, 0.2080292461748984, 0.0] imu_quat_wxyz=[0.9994830110075716, 0.0, 0.03215137177848642, 0.0] status=0x0003
joint_pos=[19.175337319470092, -29.40620995012047, 24.03149676364417, 0.5636897150812153, -4.604665589832518, 8.067303223461867] joint_vel=[26.33811135600312, 127.48883998978457, -2.0338193191101768, -21.821321809392384, -0.5543459373279523, 33.21583077676159] imu_ang_vel=[0.0, 0.24049178924113435, 0.0] imu_quat_wxyz=[0.9994049350023664, 0.0, 0.03449312819846678, 0.0] status=0x0003
joint_pos=[19.631312785467184, -26.86395788258388, 23.41675804050604, 0.19784146940618638, -4.7403357309598935, 8.859407020016722] joint_vel=[20.38647238396867, 124.16500298533145, -41.03165410804866, -15.842684137715079, -11.20785944611099, 37.98254689151746] imu_ang_vel=[0.0, 0.2542601524744356, 0.0] imu_quat_wxyz=[0.9993142158918991, 0.0, 0.03702833936809689, 0.0] status=0x0003
joint_pos=[19.965507672685593, -24.365131813589503, 21.943163498059132, -0.05547572495297698, -5.076604907168889, 9.784680193433969] joint_vel=[15.551413324429124, 121.66611974965043, -83.7911496200456, -11.901058184386315, -18.10247373156906, 52.27974233693363] imu_ang_vel=[0.0, 0.26101709868542877, 0.0] imu_quat_wxyz=[0.9992144304341625, 0.0, 0.039629812163728045, 0.0] status=0x0003
joint_pos=[20.188553636494333, -21.99701014539137, 19.887109010035292, -0.21611116466663394, -5.5483142218887735, 10.690600916758932] joint_vel=[9.64820240398983, 113.21631027553627, -106.28217807868168, -6.886453763932629, -25.067675962887744, 44.14686821155242] imu_ang_vel=[0.0, 0.2847883039458133, 0.0] imu_quat_wxyz=[0.9991020702006992, 0.0, 0.04236806958874944, 0.0] status=0x0003
joint_pos=[20.36977670172893, -19.975210699360918, 17.67943805600775, -0.36555283432532526, -5.994759965341218, 11.63544167944997] joint_vel=[7.8531069689535595, 93.00586177933921, -107.66845916352923, -6.667185356502037, -23.066290773694444, 43.207990250916644] imu_ang_vel=[0.0, 0.3064197482614398, 0.0] imu_quat_wxyz=[0.9989739048128956, 0.0, 0.04528948556647326, 0.0] status=0x0003
joint_pos=[20.528205534043728, -18.375377536065685, 15.439534920330743, -0.5343568460093764, -6.324617137729551, 12.530484826444274] joint_vel=[8.336013857898896, 71.37703249266038, -109.26912177221162, -9.671160861103942, -12.223054201958368, 47.35487256160875] imu_ang_vel=[0.0, 0.33898861370490113, 0.0] imu_quat_wxyz=[0.9988225220821206, 0.0, 0.04851359996445957, 0.0] status=0x0003
joint_pos=[20.662819794223456, -17.161014847482605, 13.200922321417087, -0.7074547661004849, -6.542966212505523, 13.39786364900485] joint_vel=[6.854079323703599, 53.463095176038074, -108.5321494574217, -9.183813298509413, -7.719625768243995, 46.561546701003] imu_ang_vel=[0.0, 0.4017315871699592, 0.0] imu_quat_wxyz=[0.9986293037341798, 0.0, 0.05234036418852422, 0.0] status=0x0003
joint_pos=[20.74272119741362, -16.28068110381919, 11.047924456452773, -0.8166559730270985, -6.80732504224096, 14.251682910059538] joint_vel=[2.692011148295947, 38.10855455201555, -103.0395609731112, -3.9704424418939914, -14.919495186680429, 42.275113065507746] imu_ang_vel=[0.0, 0.46435241424555057, 0.0] imu_quat_wxyz=[0.9983886110613961, 0.0, 0.05674664133582226, 0.0] status=0x0003
joint_pos=[20.756456314702074, -15.680282584985246, 9.059318436110575, -0.8379428018549062, -7.210781260328055, 15.24353277041265] joint_vel=[-1.4381303462261872, 25.579207624298824, -94.09193017426463, 1.2981751928789838, -24.434737509907446, 48.46458626200075] imu_ang_vel=[0.0, 0.5025478562015504, 0.0] imu_quat_wxyz=[0.9981017466835295, 0.0, 0.06158655102607723, 0.0] status=0x0003
joint_pos=[20.288001681229094, -15.123766987877813, 7.2760629330812305, -0.9954947285824965, -7.889734470583395, 16.41986709342607] joint_vel=[-34.22909031593398, 27.88790945266607, -83.6758690345441, -10.247277910076512, -40.564813824234236, 58.81140822230618] imu_ang_vel=[0.0, 0.25476333597286127, 0.0] imu_quat_wxyz=[0.9978655437640579, 0.0, 0.06530204107423515, 0.0] status=0x0003
joint_pos=[18.700914483544164, -14.296924730853382, 5.8647131060019, -1.6777984669887693, -8.924631884985928, 17.872205381114355] joint_vel=[-99.18535601619486, 45.639508658919816, -62.48949201137707, -41.65304000079878, -59.6136897015403, 74.12768675433075] imu_ang_vel=[0.0, -0.3138409398105865, 0.0] imu_quat_wxyz=[0.9979155508444629, 0.0, 0.06453335093416514, 0.0] status=0x0003
joint_pos=[16.55491734034361, -13.80952128512983, 4.342656395797852, -2.8995635948802976, -10.556928339244802, 18.7895696932557] joint_vel=[-110.26284752661533, 10.461762233758641, -77.97661034423491, -69.06258136801115, -92.12266707831658, 27.959776170597475] imu_ang_vel=[0.0, -1.2244877761832331, 0.0] imu_quat_wxyz=[0.9984072198887044, 0.0, 0.0564182884719869, 0.0] status=0x0003
sim t=    3.02s  x= 0.718m z= 0.523m pitch= 4.52deg action=[-1.0, 0.726, 0.451, -0.565, -0.175, 1.0]
joint_pos=[14.329836335201826, -13.823120815787723, 4.127063472599267, -3.6968654874376012, -13.36058173959619, 19.827699597451733] joint_vel=[-117.73149289245802, 1.7723303939109165, 85.3375773785686, -20.557781412326904, -157.00565791644274, 59.064797394251926] imu_ang_vel=[0.0, -1.4017818673412648, 0.0] imu_quat_wxyz=[0.9990894634107141, 0.0, 0.04266431883543025, 0.0] status=0x0003
joint_pos=[12.388653910330783, -13.95403096810537, 5.309016393360171, -3.1504256445505, -17.70385790484426, 21.00280123882325] joint_vel=[-91.30201106436733, 1.882938926188085, 62.494708246966276, 52.979005469816556, -238.9055525991584, 56.1442951954061] imu_ang_vel=[0.0, -1.0572688809951671, 0.0] imu_quat_wxyz=[0.9995283862409425, 0.0, 0.03070838808171346, 0.0] status=0x0003
joint_pos=[10.859518826058142, -13.553517548707498, 6.252950827172837, -1.192342970038136, -23.03328419504867, 21.965896102494955] joint_vel=[-66.1437580814906, 29.27716924554606, 40.3734926637816, 121.91340053668816, -271.900007700744, 42.574097441362426] imu_ang_vel=[0.0, -0.5201876902985754, 0.0] imu_quat_wxyz=[0.9997285085189631, 0.0, 0.02330041318194897, 0.0] status=0x0003
joint_pos=[9.786014109009633, -12.725894611339836, 6.7869179139547855, 1.7787844624873, -28.344704306234693, 22.643643008018376] joint_vel=[-49.03483307965399, 46.75279701927024, 21.270476700656246, 157.5454800849675, -253.79089594880455, 28.970151957612757] imu_ang_vel=[0.0, -0.02572476978449406, 0.0] imu_quat_wxyz=[0.9997685502028089, 0.0, 0.021513856589966643, 0.0] status=0x0003
joint_pos=[8.83418248739699, -11.529009827681456, 6.505177182687917, 4.944566727917204, -32.75533741972325, 23.093317992851304] joint_vel=[-47.39792266366685, 63.917771409734065, -27.879800845872847, 155.57643952339532, -198.05309301278578, 19.06255636050862] imu_ang_vel=[0.0, 0.1253712720996708, 0.0] imu_quat_wxyz=[0.9997492212467712, 0.0, 0.022394075477109643, 0.0] status=0x0003
joint_pos=[7.928916114748808, -10.402980064383438, 5.671912220368952, 7.811742612657052, -35.86989861504519, 23.387988581366248] joint_vel=[-44.49678767172684, 50.4146793673934, -46.463912836197906, 135.06727249644632, -130.97308221105334, 12.550319188589922] imu_ang_vel=[0.0, 0.06512651411056408, 0.0] imu_quat_wxyz=[0.9997261968227137, 0.0, 0.02339938859014894, 0.0] status=0x0003
joint_pos=[6.998759073218259, -9.611065026148564, 5.3418927737293105, 10.242219824766636, -37.7080078474678, 23.58503945212837] joint_vel=[-48.70687634332989, 34.37094524827203, 11.562135803794162, 114.35384853530556, -69.36494014727039, 8.484854308042694] imu_ang_vel=[0.0, -0.02534864317854602, 0.0] imu_quat_wxyz=[0.9997273045294481, 0.0, 0.023352014437388453, 0.0] status=0x0003
joint_pos=[5.972553219305258, -8.974108943259663, 5.6315536726989155, 12.296127947635394, -38.517131683434805, 23.728181230704937] joint_vel=[-52.49907998193928, 29.8408594975988, 16.145472400080994, 96.07649896692433, -25.168945837994045, 6.497390627439591] imu_ang_vel=[0.0, -0.09765479487834694, 0.0] imu_quat_wxyz=[0.9997436749851477, 0.0, 0.02264032524482251, 0.0] status=0x0003
joint_pos=[4.9445623138355055, -8.455118676141156, 5.998891201122509, 13.959540409403076, -38.288012443994205, 23.829730624927034] joint_vel=[-50.634448346221696, 23.31900049218823, 20.273376718914097, 76.55327398758799, 29.108499380671827, 4.522145684037716] imu_ang_vel=[0.0, -0.11129557882670091, 0.0] imu_quat_wxyz=[0.9997685224877813, 0.0, 0.021515144494026636, 0.0] status=0x0003
joint_pos=[3.9560970796757937, -8.053077903283056, 6.458910495788886, 15.316147351625975, -37.293554459496676, 23.91007855800926] joint_vel=[-48.622503992510886, 17.96880182189108, 24.66318519187334, 63.37094964748426, 58.72502895375564, 3.82921808499729] imu_ang_vel=[0.0, -0.0977861096754839, 0.0] imu_quat_wxyz=[0.9997903947422875, 0.0, 0.020473558094795903, 0.0] status=0x0003
joint_pos=[3.029000436222843, -7.74326693460181, 6.985500906687668, 16.439150998119644, -35.79791211539443, 23.976496006779225] joint_vel=[-45.074680968650306, 13.875695253137676, 27.6911703720496, 52.62156552043796, 80.89944278395505, 3.155480887940947] imu_ang_vel=[0.0, -0.056116541986735685, 0.0] imu_quat_wxyz=[0.9998054073900424, 0.0, 0.019726818132461847, 0.0] status=0x0003
joint_pos=[2.16756495627595, -7.4737696058968766, 7.558058213933764, 17.387679839139782, -34.00949876354354, 24.03297409507481] joint_vel=[-41.912553420601114, 12.970162615999676, 29.466877158295986, 44.958930089951465, 91.46332785961931, 2.729232201397241] imu_ang_vel=[0.0, 0.009532543124494102, 0.0] imu_quat_wxyz=[0.9998087984922577, 0.0, 0.019554192836018024, 0.0] status=0x0003
joint_pos=[1.3585544648307484, -7.151390891944139, 8.21975619869438, 18.217485248492217, -32.05933881221002, 24.0384704087331] joint_vel=[-37.540445215799735, 13.961986101303541, 27.34447453927833, 38.39546661743459, 99.22061760270327, -0.5508365778529037] imu_ang_vel=[0.0, 0.1037767637216392, 0.0] imu_quat_wxyz=[0.9997942885120794, 0.0, 0.02028252101255692, 0.0] status=0x0003
joint_pos=[0.6544703231199117, -6.824316248844511, 8.751743930269049, 18.92436047128783, -29.9771846817672, 23.247048923505677] joint_vel=[-33.892344316481946, 17.250986120901644, 26.9315017232483, 33.969444115676694, 103.65537228092921, -53.6063528574974] imu_ang_vel=[0.0, 0.20379069739366573, 0.0] imu_quat_wxyz=[0.9997596729828077, 0.0, 0.02192250618222082, 0.0] status=0x0003
joint_pos=[0.018642584766167897, -6.419018192941025, 9.330727991319403, 19.566628169303208, -27.885128775146462, 21.434309852181254] joint_vel=[-29.349936163694004, 19.393100687217046, 24.89229394808609, 30.223566300723558, 102.81949065163778, -101.92375439067702] imu_ang_vel=[0.0, 0.30598770019036586, 0.0] imu_quat_wxyz=[0.9996963139465388, 0.0, 0.02464304935886155, 0.0] status=0x0003
joint_pos=[-0.5152866521932201, -6.006879611467577, 9.86562230881883, 20.13438242056978, -25.889808823709767, 19.008220482654917] joint_vel=[-24.44785839405377, 19.65801169879938, 23.973340440412734, 26.76131291870881, 95.95012793541157, -124.25736788172365] imu_ang_vel=[0.0, 0.390424363052019, 0.0] imu_quat_wxyz=[0.9996005297740074, 0.0, 0.028262711751063728, 0.0] status=0x0003
joint_pos=[-0.9492361267481058, -5.611077289666153, 10.425381892309806, 20.62545164581041, -24.04417301119573, 16.252558746818337] joint_vel=[-19.156870019735447, 17.85222914551588, 24.464204193486545, 22.51964724991204, 88.28938512615868, -137.73080311005637] imu_ang_vel=[0.0, 0.47055555560579837, 0.0] imu_quat_wxyz=[0.9994666694524428, 0.0, 0.032655423035713, 0.0] status=0x0003
joint_pos=[-1.2543590683299253, -5.3478761699367094, 11.099279157966595, 21.00390035528354, -22.317983203764637, 13.337625439991468] joint_vel=[-13.728687991156905, 11.441790684251519, 40.19035602104049, 17.46601009920647, 82.56070794613632, -143.1086036840274] imu_ang_vel=[0.0, 0.5154906506329076, 0.0] imu_quat_wxyz=[0.9992926285280052, 0.0, 0.03760641660129752, 0.0] status=0x0003
joint_pos=[-1.406014692321356, -5.291216489831165, 11.770708437324759, 21.216978065991267, -20.676143922199074, 10.628062552016681] joint_vel=[-5.292567777040518, -0.0424434643359873, 33.622295011453, 7.947305748299542, 79.1032388956426, -126.93749074323416] imu_ang_vel=[0.0, 0.560052941800475, 0.0] imu_quat_wxyz=[0.9990755005014046, 0.0, 0.04299004882374506, 0.0] status=0x0003
joint_pos=[-1.4337868418780237, -5.355706932711932, 12.568632782601828, 21.267128162053293, -19.00543460145198, 8.305895049422535] joint_vel=[1.715186018457959, -6.953307904906456, 37.30768804632587, -1.092231753336595, 83.70682113283564, -107.07033186869415] imu_ang_vel=[0.0, 0.6210069643299859, 0.0] imu_quat_wxyz=[0.9988006071562565, 0.0, 0.04896271177430132, 0.0] status=0x0003
joint_pos=[-1.3567650180154904, -5.499552237926682, 13.434242950431909, 21.18439584791974, -17.378228163485858, 6.532131612220143] joint_vel=[5.985808079616358, -9.102587679341871, 40.604619015670536, -6.295325731878516, 78.25225909682469, -77.70990437778393] imu_ang_vel=[0.0, 0.7103449053059205, 0.0] imu_quat_wxyz=[0.9984475450339393, 0.0, 0.05570008811213641, 0.0] status=0x0003
joint_pos=[-1.1425739965273207, -5.845097613475643, 14.422578655979374, 20.98408279393575, -15.849663109687414, 5.380503360917117] joint_vel=[13.70649002123395, -22.68397507464487, 48.787771437352376, -12.441146847416494, 73.65877090024708, -47.13054112698611] imu_ang_vel=[0.0, 0.7598072421424491, 0.0] imu_quat_wxyz=[0.9980085675409988, 0.0, 0.06307851547685447, 0.0] status=0x0003
joint_pos=[-0.7867747812682051, -6.514356498110997, 15.60648764007369, 20.681862989463905, -14.533465282014012, 4.906503530003899] joint_vel=[20.284424547401407, -39.95626121697528, 59.24548981510129, -17.128964982615024, 60.54615446631142, -13.309303150054445] imu_ang_vel=[0.0, 0.76441271379607, 0.0] imu_quat_wxyz=[0.997499400385712, 0.0, 0.07067493353477489, 0.0] status=0x0003
joint_pos=[-0.3812847382708482, -7.626854586660037, 17.115847396155054, 20.164494425336486, -13.446232975607552, 4.98001587427523] joint_vel=[19.37677035987959, -61.09520533926251, 84.63784996344428, -29.19935836216374, 49.56689076164699, 10.391515539393914] imu_ang_vel=[0.0, 0.6339128824884707, 0.0] imu_quat_wxyz=[0.9969889487955711, 0.0, 0.0775437681538761, 0.0] status=0x0003
joint_pos=[-0.5630913705850787, -9.45938110721608, 18.036994566667364, 19.08248785296673, -13.259785944273363, 4.454515158309401] joint_vel=[-23.81226451647697, -103.25307512858821, 31.0582300136587, -64.9426618759941, -9.643896391717012, -36.06259365890199] imu_ang_vel=[0.0, -0.46992447064822956, 0.0] imu_quat_wxyz=[0.9969408417970866, 0.0, 0.07815982316328632, 0.0] status=0x0003
joint_pos=[-0.951314325582507, -12.47228708475613, 18.354318147260337, 17.155621357214546, -13.236675565999107, 4.1047225081466] joint_vel=[-17.594110836325683, -170.48389907629172, 4.66334389913651, -110.33108902658762, 5.741079750878339, -9.169654044035964] imu_ang_vel=[0.0, -1.1652386650137856, 0.0] imu_quat_wxyz=[0.9976241784250081, 0.0, 0.06889120859607387, 0.0] status=0x0003
joint_pos=[-0.452666988339159, -17.00275185323987, 18.803899483991515, 14.995804264177346, -12.90543030928474, 4.218962808142412] joint_vel=[48.82575523858187, -245.56542085860178, 28.039325377818322, -103.79475057026572, 21.448037990652598, 24.803606088603242] imu_ang_vel=[0.0, -1.10844115908263, 0.0] imu_quat_wxyz=[0.9983782440498082, 0.0, 0.056928743249974496, 0.0] status=0x0003
joint_pos=[1.3586065689563815, -22.7536888543652, 19.83159429474152, 13.124748083004562, -12.274609285448815, 4.594193528408168] joint_vel=[111.57545463373404, -298.53482988256314, 58.23106509698416, -85.97903145104073, 36.67996759729231, 14.974184876472675] imu_ang_vel=[0.0, -0.7327380927267497, 0.0] imu_quat_wxyz=[0.9988391687722649, 0.0, 0.048169647355269275, 0.0] status=0x0003
joint_pos=[3.901271091807596, -28.40708905053303, 20.971373544986154, 11.561307284045753, -11.419577637054049, 4.790531557767267] joint_vel=[131.76143947689624, -266.26561916944, 54.18666845941156, -74.85063263181009, 45.14865211298905, 8.307146173949267] imu_ang_vel=[0.0, -0.4313262596434816, 0.0] imu_quat_wxyz=[0.9990782424627976, 0.0, 0.04292627910088783, 0.0] status=0x0003
joint_pos=[6.4964523457406145, -32.944268153139504, 21.90506977922582, 10.124500796525204, -10.519221798049077, 5.016634830466864] joint_vel=[126.7617890395527, -201.54928446312184, 41.93754186409883, -70.53483064106837, 44.41174665428093, 13.094016381900154] imu_ang_vel=[0.0, -0.3082171562083623, 0.0] imu_quat_wxyz=[0.9992205232494382, 0.0, 0.03947589032712029, 0.0] status=0x0003
joint_pos=[8.87148228873872, -36.13053685053315, 22.594307080632458, 8.740509641223559, -9.638826423883126, 5.164101528495833] joint_vel=[113.38315212854363, -134.62553592766412, 30.248859050488594, -68.3404676932975, 42.672173065532064, 5.214829013424897] imu_ang_vel=[0.0, -0.26209489594452473, 0.0] imu_quat_wxyz=[0.9993254703659845, 0.0, 0.036723347856696, 0.0] status=0x0003
joint_pos=[10.9770303574634, -38.06489625018523, 23.080459310636012, 7.379906610949996, -8.779581497367248, 5.326559363864165] joint_vel=[100.62303711347265, -75.51276197747177, 21.123177897045647, -67.88634520949802, 42.54260231993421, 13.093411871609279] imu_ang_vel=[0.0, -0.22375056173172478, 0.0] imu_quat_wxyz=[0.9994115301531405, 0.0, 0.034301507211175, 0.0] status=0x0003
joint_pos=[12.849675518779852, -38.99796664299359, 23.420154677983064, 6.032760439287361, -7.912136080592675, 5.5755802445053195] joint_vel=[89.4954523625595, -31.191301958487028, 14.80659747718954, -66.74296754155952, 42.788308545360785, 13.081807457927537] imu_ang_vel=[0.0, -0.1880606949876059, 0.0] imu_quat_wxyz=[0.999478587133681, 0.0, 0.03228860265265368, 0.0] status=0x0003
joint_pos=[14.474454169348096, -38.978146234802935, 23.651987594853033, 4.738274035592513, -7.031316965965259, 5.822881923278863] joint_vel=[76.90797567047868, 16.602410891958126, 10.048135086416746, -63.23321895896442, 43.5850795698744, 12.950328688221905] imu_ang_vel=[0.0, -0.11817569804804814, 0.0] imu_quat_wxyz=[0.9995254369594558, 0.0, 0.030804234627869506, 0.0] status=0x0003
joint_pos=[15.848385088746541, -38.045260250851726, 23.808388177023215, 3.5473157565770896, -6.164738517336951, 6.0903883887680506] joint_vel=[64.59548360017482, 60.24622894775651, 6.830865731538048, -57.21221720940847, 42.18852904217813, 14.307858498135934] imu_ang_vel=[0.0, -0.018252430018729244, 0.0] imu_quat_wxyz=[0.9995432764934908, 0.0, 0.030219834821801298, 0.0] status=0x0003
joint_pos=[17.003564621867056, -36.37585511060183, 23.916639067503283, 2.49956096263958, -5.389068827057338, 6.518095545030594] joint_vel=[53.1151473873113, 94.40612070320067, 4.706536532184907, -47.823217977341464, 33.17896352483092, 18.378637889283823] imu_ang_vel=[0.0, 0.105251598016242, 0.0] imu_quat_wxyz=[0.99952847889295, 0.0, 0.030705372200080763, 0.0] status=0x0003
joint_pos=[17.917220333210167, -34.142589002961465, 23.99140036575681, 1.6903751764521564, -4.926480727850675, 6.9533347840219495] joint_vel=[42.298794376585946, 117.31548389557403, 3.4007809641842965, -37.05357914309258, 18.077109176231104, 24.74803568480337] imu_ang_vel=[0.0, 0.13904205981350543, 0.0] imu_quat_wxyz=[0.9994914166042691, 0.0, 0.031888997074091256, 0.0] status=0x0003
joint_pos=[18.66298666808483, -31.624363433719914, 24.048090673011327, 1.0309932059709268, -4.653980701301284, 7.584318733108396] joint_vel=[34.01228525733571, 128.10201255584414, 2.565398421751936, -29.674613710202333, 9.006076355759516, 29.59601445270013] imu_ang_vel=[0.0, 0.21127204517126535, 0.0] imu_quat_wxyz=[0.9994337783340306, 0.0, 0.03364703144355908, 0.0] status=0x0003
joint_pos=[19.25372068959969, -29.009075030909834, 23.95729320220775, 0.5277602414846085, -4.614007049099492, 8.296935925301193] joint_vel=[29.08110706518377, 127.72131877666178, -6.982152065455266, -24.978906835034334, 1.8014802657008742, 46.865536286191876] imu_ang_vel=[0.0, 0.21809023212386805, 0.0] imu_quat_wxyz=[0.9993609655351834, 0.0, 0.035744378083638, 0.0] status=0x0003
joint_pos=[19.713679982764347, -26.411323842913696, 23.191188663999654, 0.15342006171476105, -4.790166665656522, 9.098772365887193] joint_vel=[22.560764036385546, 125.73071389677145, -49.137428783652574, -18.71414701191963, -8.788267548969632, 49.335349666808355] imu_ang_vel=[0.0, 0.22993593767910048, 0.0] imu_quat_wxyz=[0.999275930077852, 0.0, 0.03804754350866642, 0.0] status=0x0003
joint_pos=[20.05612383145887, -23.891711509077204, 21.61757893256156, -0.11558058361299675, -5.135105855757847, 9.95997093326132] joint_vel=[15.123365011563354, 122.29701235840665, -87.34486977010928, -11.689702517839512, -20.002020195100584, 41.999220893667015] imu_ang_vel=[0.0, 0.2530227829535808, 0.0] imu_quat_wxyz=[0.9991803124871399, 0.0, 0.040480898434959285, 0.0] status=0x0003
joint_pos=[20.32361391993322, -21.61015303154147, 19.57541715778098, -0.3298265483654819, -5.545658471591963, 10.880280999539824] joint_vel=[12.965531842888153, 106.83737065241498, -103.92358425391107, -10.83613648457892, -19.72792074311018, 49.823579194780066] imu_ang_vel=[0.0, 0.2542773441582903, 0.0] imu_quat_wxyz=[0.9990749759331865, 0.0, 0.04300223789645008, 0.0] status=0x0003
