Log file: /home/cx/robot_deploy/log_sim2sim/2026-09-10_17-03-48.txt
Loaded ONNX policy: /home/cx/mjlab-recovered/logs/rsl_rl/custom_biped_velocity_nolinvel/2026-09-09_16-17-42/2026-09-09_16-17-42.onnx
  input=obs[1,65] output=actions[1,6]
  velocity_command=[0.1, 0.0, 0.0]
  startup=move 0s + hold 0s
Policy CSV: /home/cx/robot_deploy/log_sim2sim/2026-09-10_17-03-49_policy.csv
MuJoCo sim2sim started
  robot=/home/cx/mjlab-recovered/src/mjlab/asset_zoo/robots/custom_biped/mjcf/biped.xml
  physics=200 Hz, policy=50 Hz
  command=[0.1, 0.0, 0.0]
  press R in the viewer to reset; close the viewer or press Ctrl+C to stop
joint_pos=[10.0, -20.0, 10.0, 10.0, -20.0, 10.0] joint_vel=[0.0, 0.0, 0.0, 0.0, 0.0, 0.0] imu_ang_vel=[0.0, 0.0, 0.0] imu_quat_wxyz=[1.0, 0.0, 0.0, 0.0] status=0x0003
ONNX startup: moving from measured joint positions to [10.0, -20.0, 10.0, 10.0, -20.0, 10.0] deg over 0 s.
ONNX startup: move command complete; waiting for measured joints to enter +/-2 deg.
ONNX startup: measured joints reached the default pose; holding before inference.
ONNX startup complete: history, last_action and gait phase reset; actor inference started.
sim t=    0.02s  x= 0.000m z= 0.521m pitch=-0.10deg action=[-1.0, 0.987, 0.368, 1.0, -0.651, 0.676]
joint_pos=[9.582515366658118, -19.176499039880397, 9.70601948945379, 10.456790770725943, -21.512980809606578, 11.439250931882635] joint_vel=[-18.827169431128176, 21.311702661843274, -56.985584004055745, 24.10464664530676, -103.24372970308924, 97.14504462322064] imu_ang_vel=[0.0, -0.17459092594740788, 0.0] imu_quat_wxyz=[0.9999999526680503, 0.0, -0.00030767498604416713, 0.0] status=0x0003
joint_pos=[8.925369723620529, -18.702344456142907, 9.432430722860504, 11.204868447155048, -24.694961522239325, 13.69368464245612] joint_vel=[-39.71531098434397, 29.008229171700517, -13.723789287153654, 42.02630607179819, -181.35302330238267, 114.14641625505286] imu_ang_vel=[0.0, -0.3709774001707075, 0.0] imu_quat_wxyz=[0.9999944985059075, 0.0, -0.003317070683392732, 0.0] status=0x0003
joint_pos=[8.0041849973097, -18.09546470662745, 9.528504172857776, 12.051179607075497, -28.484005189169658, 15.909082177155137] joint_vel=[-48.81150875386437, 32.28149351595043, 13.059484247455101, 41.44745756207253, -187.74293171577162, 104.80628374925651] imu_ang_vel=[0.0, -0.4225182959244598, 0.0] imu_quat_wxyz=[0.9999719838443539, 0.0, -0.0074854209225105545, 0.0] status=0x0003
joint_pos=[6.975633299796134, -17.1256404073852, 9.284926259565127, 12.842038853592195, -31.92551819199259, 17.727384022322223] joint_vel=[-52.196136544568226, 57.1686960018152, -22.67247555277565, 38.057119082652996, -159.7043770860075, 81.66737019377193] imu_ang_vel=[0.0, -0.3024503119185154, 0.0] imu_quat_wxyz=[0.9999386617726087, 0.0, -0.011075770510647067, 0.0] status=0x0003
joint_pos=[5.98245696697603, -15.765892078600588, 8.399073128602545, 13.555830007587016, -34.63635903818127, 19.073431968983797] joint_vel=[-47.83635369227285, 69.34820905833848, -27.73147236429376, 34.18709620076185, -118.48743223941496, 58.747517103527] imu_ang_vel=[0.0, -0.11143302980327961, 0.0] imu_quat_wxyz=[0.9999168457889933, 0.0, -0.012895794174479712, 0.0] status=0x0003
joint_pos=[5.168364523211902, -14.501687396373255, 7.991555891525605, 14.189515476944308, -36.53102938600761, 19.729515290070022] joint_vel=[-36.475742833374355, 59.54144976887929, -17.770919582180845, 29.915381437402846, -81.13434674155326, 21.112239837012382] imu_ang_vel=[0.0, 0.07317672652795229, 0.0] imu_quat_wxyz=[0.9999191829563583, 0.0, -0.012713282655903846, 0.0] status=0x0003
joint_pos=[4.62023223447579, -13.59782872864417, 7.768983941656814, 14.719685560665404, -37.76540585883624, 19.63200930050357] joint_vel=[-22.756618618273983, 37.531020818324755, -7.016426326573164, 24.25985478320483, -50.806877154510694, -15.114793869716197] imu_ang_vel=[0.0, 0.1460045399405022, 0.0] imu_quat_wxyz=[0.9999344856011243, 0.0, -0.01144659362495986, 0.0] status=0x0003
joint_pos=[4.296205570701666, -13.078374333601511, 7.735163842685218, 15.128414019324383, -38.482476084269706, 19.335464273829185] joint_vel=[-12.964218611172127, 20.066140609060838, 1.3591719810555811, 18.19098522376095, -27.619672145719115, -14.080576294481865] imu_ang_vel=[0.0, 0.1682128652104242, 0.0] imu_quat_wxyz=[0.9999517710956884, 0.0, -0.009821175214599293, 0.0] status=0x0003
joint_pos=[4.12289330056384, -12.848808565007822, 7.837903539332373, 15.428493669331203, -38.815143239793734, 18.962101830810674] joint_vel=[-6.627249702097123, 7.15298482020493, 7.27553988455073, 13.184478308752524, -10.850350790492897, -19.739131861419157] imu_ang_vel=[0.0, 0.16150436788034572, 0.0] imu_quat_wxyz=[0.9999667112631345, 0.0, -0.008159434146492565, 0.0] status=0x0003
joint_pos=[4.01466600273973, -12.77711481142414, 8.119662303778929, 15.659667611294912, -38.89615440061777, 18.39362808481214] joint_vel=[-2.6807260359887684, -2.1651217028884373, 8.843745599909154, 9.023273485328673, 0.23421963510630914, -30.824384295488706] imu_ang_vel=[0.0, 0.13568143189829798, 0.0] imu_quat_wxyz=[0.9999783149582587, 0.0, -0.006585560966341263, 0.0] status=0x0003
joint_pos=[3.9639539385647216, -12.835910703256491, 8.307330301101642, 15.813028923057269, -38.8210789222914, 17.738400393113555] joint_vel=[-2.5284831582483283, -3.2768633301285353, 9.768245648582834, 6.959348093840066, 5.36785448194817, -32.22396165350801] imu_ang_vel=[0.0, 0.11216140454860615, 0.0] imu_quat_wxyz=[0.9999854380072355, 0.0, -0.005396644649913147, 0.0] status=0x0003
joint_pos=[3.875663413525753, -12.823418901865377, 8.595219208891052, 15.953068565237842, -38.67442568640263, 17.10383302188342] joint_vel=[-8.638619931468416, 8.741164439513113, 29.174195727357326, 9.471314150305588, 6.452133227922356, -30.154363361723384] imu_ang_vel=[0.0, 0.1052231874058176, 0.0] imu_quat_wxyz=[0.9999906202571095, 0.0, -0.004331212047624362, 0.0] status=0x0003
joint_pos=[3.834221040602548, -12.838874856904146, 8.731668142485049, 16.017619617013395, -38.2922921861632, 16.48966644607319] joint_vel=[-1.7891504381931616, -0.11554670903339173, 6.365034980991231, 2.338395566493127, 23.024795038219228, -29.55168206374313] imu_ang_vel=[0.0, 0.12252756493574483, 0.0] imu_quat_wxyz=[0.9999952380016041, 0.0, -0.003086093665998946, 0.0] status=0x0003
joint_pos=[3.820665175550547, -12.811356093328595, 8.85452922575658, 16.025948239281433, -37.59635045100153, 15.82882474005503] joint_vel=[-0.1255896081033454, 2.013100524530143, 6.049501010146934, -0.198688205995006, 39.46256277271746, -33.051921132907054] imu_ang_vel=[0.0, 0.16292359219269004, 0.0] imu_quat_wxyz=[0.999998671362062, 0.0, -0.0016301147538863537, 0.0] status=0x0003
joint_pos=[3.797545997770909, -12.663757444327858, 9.051520866548055, 16.02544458003479, -36.67629968944273, 15.144723792026998] joint_vel=[0.7560446545636791, 5.385837707880623, 2.612562628497003, -1.4317658484806808, 49.08561820529351, -33.29644077439184] imu_ang_vel=[0.0, 0.20671934693172228, 0.0] imu_quat_wxyz=[0.9999999307091797, 0.0, 0.00037226554477806786, 0.0] status=0x0003
joint_pos=[3.827580903471655, -12.507372024570973, 9.099514901233587, 15.960912636188658, -35.457413340099286, 14.448247088702713] joint_vel=[1.9304860875783911, 8.71779152706337, 2.5025604579148624, -3.5932501500815777, 65.00770448245109, -33.936458175993096] imu_ang_vel=[0.0, 0.25574230069964343, 0.0] imu_quat_wxyz=[0.9999963189734373, 0.0, 0.002713307865961357, 0.0] status=0x0003
joint_pos=[3.8846497034529563, -12.307110102475862, 9.158474495861084, 15.867944641413429, -33.983120487110725, 13.78824204024711] joint_vel=[3.3132090015406797, 10.336504212984815, 3.187439378900343, -4.640515064126257, 75.94844879525871, -31.193801425049784] imu_ang_vel=[0.0, 0.3062540839963659, 0.0] imu_quat_wxyz=[0.999984385427182, 0.0, 0.00558828254663523, 0.0] status=0x0003
joint_pos=[3.949938361424962, -12.043339423608563, 9.338625764399492, 15.772788511146915, -32.29236583295356, 13.111213971430944] joint_vel=[5.807053218806628, 9.47866298010397, 3.514847821416617, -5.952365597778428, 87.91531632864974, -33.536302525205734] imu_ang_vel=[0.0, 0.3961804585184333, 0.0] imu_quat_wxyz=[0.9999591213062713, 0.0, 0.009041886771560925, 0.0] status=0x0003
joint_pos=[4.106648158026559, -11.897734117833684, 9.413014495115826, 15.621949245158925, -30.348337194281935, 12.309924692682523] joint_vel=[8.40049541549747, 6.228607746317186, 4.925733145858655, -7.532967287977591, 98.94689010555388, -40.955815135295374] imu_ang_vel=[0.0, 0.38064753957572217, 0.0] imu_quat_wxyz=[0.9999186946110585, 0.0, 0.012751633907726616, 0.0] status=0x0003
joint_pos=[4.284148102032319, -11.806718366327154, 9.571972087622614, 15.454457119185882, -28.295689904200522, 11.6763560935361] joint_vel=[8.901264514766174, 3.556464976317116, 9.14119928502121, -8.131219923549446, 101.70549607485476, -26.5550247752675] imu_ang_vel=[0.0, 0.3956229468835648, 0.0] imu_quat_wxyz=[0.9998612960851103, 0.0, 0.016654986970977052, 0.0] status=0x0003
joint_pos=[4.512341066458046, -11.88034373356595, 9.86158835137343, 15.241970314264439, -26.09775524816195, 11.254753915326706] joint_vel=[12.254893865544314, -7.189692636264785, 16.87559694516154, -11.097367665008665, 110.91029835133246, -17.878597816677793] imu_ang_vel=[0.0, 0.39586957045389704, 0.0] imu_quat_wxyz=[0.9997873761056411, 0.0, 0.020620440824518325, 0.0] status=0x0003
joint_pos=[4.820422023274693, -12.26686731588347, 10.367928044427341, 14.96353092165129, -23.758101785875514, 10.947985116205327] joint_vel=[16.347657150216918, -24.891841368614333, 28.829707347652544, -14.539131537166616, 116.77728934003082, -13.553280672127757] imu_ang_vel=[0.0, 0.36450839347654945, 0.0] imu_quat_wxyz=[0.9997020902248018, 0.0, 0.02440759718125228, 0.0] status=0x0003
joint_pos=[5.250681718080517, -13.173970700720632, 11.202182568045906, 14.584567128622787, -21.278348994897506, 10.809032297016167] joint_vel=[23.08902838490808, -54.41823090568759, 47.075650953284566, -20.256625042547636, 124.16094642839442, -3.845694091145488] imu_ang_vel=[0.0, 0.28976704216080734, 0.0] imu_quat_wxyz=[0.9996184545327357, 0.0, 0.02762146552203821, 0.0] status=0x0003
joint_pos=[5.633712936349436, -14.879318861751067, 12.53940122708331, 13.757168221238778, -18.56180377417576, 10.845405214952693] joint_vel=[16.818395333299684, -98.79100416816676, 74.85136683646023, -49.78920260214256, 137.4147909798735, 4.196170719410703] imu_ang_vel=[0.0, -0.06092712773360601, 0.0] imu_quat_wxyz=[0.9995920393299697, 0.0, 0.028561423426581144, 0.0] status=0x0003
joint_pos=[5.9822994808590835, -17.698155587876286, 14.613077677618485, 12.292662637448291, -15.899650513184987, 10.239340872931384] joint_vel=[3.8013270834693778, -139.74017350708928, 118.29631911233452, -62.73407839217507, 36.42966620692618, -126.64138585769392] imu_ang_vel=[0.0, -0.455765998898772, 0.0] imu_quat_wxyz=[0.9996753097996589, 0.0, 0.025480874729021625, 0.0] status=0x0003
joint_pos=[6.862732339740716, -21.969934717349382, 17.16175174853044, 11.082726116120332, -15.033427479444619, 7.807204672397315] joint_vel=[60.825148166369445, -240.73617399991824, 125.47575039823775, -60.3058102116286, 47.071366691815875, -114.1047717614482] imu_ang_vel=[0.0, -0.5452933723287963, 0.0] imu_quat_wxyz=[0.9998108176652193, 0.0, 0.019450678127143323, 0.0] status=0x0003
joint_pos=[8.301752423124071, -26.89550148454492, 19.36560711675501, 9.882559730722987, -14.09781227922643, 6.046610052128663] joint_vel=[75.29023438181011, -241.3744855818624, 99.46471619034905, -59.784460161889584, 46.54670218560969, -73.76295354294503] imu_ang_vel=[0.0, -0.42977750106386264, 0.0] imu_quat_wxyz=[0.9998914615642996, 0.0, 0.014733129023011061, 0.0] status=0x0003
joint_pos=[9.878716224324002, -31.157908961945868, 20.979313268272378, 8.62326658459765, -13.000335985520428, 5.810915557908759] joint_vel=[78.81812778121441, -196.05994725463117, 70.21697698030465, -63.5722712188694, 62.6935894844218, -12.84302210149979] imu_ang_vel=[0.0, -0.23071503267891355, 0.0] imu_quat_wxyz=[0.9999320530787854, 0.0, 0.011657153410892903, 0.0] status=0x0003
joint_pos=[11.38642734143634, -34.43517052361077, 22.084628026104827, 7.3990425600763094, -11.661101481118928, 5.5313154137860145] joint_vel=[72.69652325971862, -144.14965623413704, 47.14822419055175, -59.36443602666387, 68.02882173044715, -13.853511980499798] imu_ang_vel=[0.0, -0.08984449023270646, 0.0] imu_quat_wxyz=[0.9999472388312353, 0.0, 0.010272271111524168, 0.0] status=0x0003
joint_pos=[12.76209976356323, -36.67139550041976, 22.812556994327316, 6.2486479766201874, -10.153119999438662, 5.166190917207193] joint_vel=[66.21477117725085, -93.41842494553057, 30.752837350855987, -55.85957703465205, 77.66414342696442, -19.06793579359172] imu_ang_vel=[0.0, 0.04742587351843466, 0.0] imu_quat_wxyz=[0.9999477867054322, 0.0, 0.010218799484651545, 0.0] status=0x0003
joint_pos=[13.997681006733922, -38.008254734058035, 23.28491853538972, 5.204833636478662, -8.594463424514668, 4.780538552973629] joint_vel=[58.996507415401126, -52.272484749817664, 19.926952762608526, -49.71533105598402, 76.64612010460552, -18.494961162787913] imu_ang_vel=[0.0, 0.1504661415164529, 0.0] imu_quat_wxyz=[0.9999353308412596, 0.0, 0.011372516668734, 0.0] status=0x0003
joint_pos=[15.089597677783285, -38.658001492482875, 23.591719058774423, 4.296022757202146, -7.134127757685804, 4.4340523759848605] joint_vel=[51.88533412570762, -21.966641255671647, 12.985166042035662, -42.82930955781263, 69.91693916359033, -15.807504585064226] imu_ang_vel=[0.0, 0.20840436028333834, 0.0] imu_quat_wxyz=[0.999911950448693, 0.0, 0.013269941593334245, 0.0] status=0x0003
joint_pos=[16.04778129595444, -38.852563729012594, 23.794263802311907, 3.525529694971252, -5.902490355798059, 4.3005835751049695] joint_vel=[47.51259061618523, -5.177536748188583, 8.793495697671107, -39.05315567429585, 61.640868929720526, 10.11750415427725] imu_ang_vel=[0.0, 0.20790386634459168, 0.0] imu_quat_wxyz=[0.999881437910133, 0.0, 0.015398380524097824, 0.0] status=0x0003
joint_pos=[16.831412819467047, -38.74297285061326, 23.92777978436624, 2.9436087499833876, -5.072292197736319, 4.195685542155937] joint_vel=[36.31657463029386, 8.834103513710689, 5.744691960693189, -26.702648063194534, 35.256183295148915, -2.5168798750191375] imu_ang_vel=[0.0, 0.1647802853160731, 0.0] imu_quat_wxyz=[0.9998499094707484, 0.0, 0.017325083876743877, 0.0] status=0x0003
joint_pos=[17.479778888049026, -38.489575092130494, 24.01917493796399, 2.4433752568518536, -4.449080036305618, 4.184614287478244] joint_vel=[30.19081516058899, 14.36141143127199, 3.958579879146797, -23.996095779823815, 28.729365895795837, 0.6516506917029476] imu_ang_vel=[0.0, 0.13167645724001237, 0.0] imu_quat_wxyz=[0.9998244099156657, 0.0, 0.01873897907546861, 0.0] status=0x0003
joint_pos=[18.01456073209973, -38.18939184843929, 24.082803335248197, 2.0107552744925092, -4.01826812707768, 4.352170897886754] joint_vel=[23.491715423069387, 15.960645559087997, 2.717841498196098, -18.908967464768736, 15.294560110220628, 5.387265150773233] imu_ang_vel=[0.0, 0.0909238490986862, 0.0] imu_quat_wxyz=[0.9998021746830456, 0.0, 0.01988998489323104, 0.0] status=0x0003
joint_pos=[18.4172315286403, -37.889305868695715, 24.126670860937097, 1.6737380996573183, -3.822937603911538, 4.516258965501352] joint_vel=[18.223342796210986, 14.28099802694694, 1.9100402915347099, -15.776016623854801, 7.025147996414034, 9.697901528033837] imu_ang_vel=[0.0, 0.05670133226323956, 0.0] imu_quat_wxyz=[0.9997883841681369, 0.0, 0.020571506567726102, 0.0] status=0x0003
joint_pos=[18.724734196725244, -37.64530033113511, 24.157079528536112, 1.4051811878914684, -3.8152939236059873, 4.850977921839309] joint_vel=[12.600637228997414, 11.802368471797864, 1.2618842684854636, -11.013765458884304, -4.738404639292397, 13.696614108062015] imu_ang_vel=[0.0, 0.022161364276423963, 0.0] imu_quat_wxyz=[0.9997796529983668, 0.0, 0.02099155664702721, 0.0] status=0x0003
joint_pos=[18.921795912136417, -37.412630322112804, 24.175914547075834, 1.2144210181166109, -3.9805892993212826, 5.260987617321557] joint_vel=[10.194308354767212, 9.749801475429331, 0.899693222432689, -11.000783105816506, -5.906942888864239, 33.41466321881431] imu_ang_vel=[0.0, 0.00671134215362508, 0.0] imu_quat_wxyz=[0.9997774393962242, 0.0, 0.021096721885857185, 0.0] status=0x0003
joint_pos=[18.964994306304607, -36.97475587659115, 24.18053048738424, 1.1580028447553479, -4.357556725379556, 5.656996251677174] joint_vel=[-0.11564514073591418, 25.526796468170946, 0.0913720716486655, -0.846066264579253, -21.46011598677787, 21.010252534385668] imu_ang_vel=[0.0, 0.021359058079326466, 0.0] imu_quat_wxyz=[0.9997733610637477, 0.0, 0.02128911710938482, 0.0] status=0x0003
joint_pos=[18.896376341689745, -36.30477322416076, 24.1813594922913, 1.190670917830643, -4.829744760856973, 6.178964644442694] joint_vel=[-5.962755606504753, 37.42591193216538, 0.029209060886514294, 4.159933509103135, -26.37583509538618, 22.113082546078083] imu_ang_vel=[0.0, 0.05127015684578982, 0.0] imu_quat_wxyz=[0.9997640750979757, 0.0, 0.021720822808749523, 0.0] status=0x0003
joint_pos=[18.697891799611103, -35.309769519813564, 24.080652532871543, 1.3453726832780672, -5.452628911408499, 6.775757184899658] joint_vel=[-9.690179955521941, 52.92386800035465, -6.683412504678461, 7.110171635508253, -28.934823499722803, 42.32025507921766] imu_ang_vel=[0.0, 0.08302079857295049, 0.0] imu_quat_wxyz=[0.9997485334746619, 0.0, 0.022424758978927897, 0.0] status=0x0003
joint_pos=[18.370706997279967, -33.915391906767134, 23.469862131675104, 1.6408179214778367, -6.240628756736376, 7.340679376698428] joint_vel=[-17.590423682226458, 74.3598605411133, -38.74911416659196, 16.274567857893015, -40.523837758695215, 28.725406778151186] imu_ang_vel=[0.0, 0.1210135933457733, 0.0] imu_quat_wxyz=[0.9997226444971653, 0.0, 0.023550670470169073, 0.0] status=0x0003
joint_pos=[17.97123578725602, -32.15111140306002, 22.214739764270462, 2.011666746098916, -7.0661876594152195, 8.005647904907098] joint_vel=[-21.578718950302815, 93.20539693149026, -69.90974641922689, 20.726982037739287, -43.38367495113697, 29.05630128129176] imu_ang_vel=[0.0, 0.16491485711529477, 0.0] imu_quat_wxyz=[0.9996854449495473, 0.0, 0.025080094816922107, 0.0] status=0x0003
joint_pos=[17.505213560222312, -30.03058864291515, 20.512910179771474, 2.4451142096929877, -7.900588100443553, 8.68566376116557] joint_vel=[-21.4016021285711, 107.8632225873725, -87.60541931880483, 19.391785138029412, -35.83730620447324, 45.392472745414025] imu_ang_vel=[0.0, 0.2102293506173656, 0.0] imu_quat_wxyz=[0.9996355585976517, 0.0, 0.026995369735580504, 0.0] status=0x0003
joint_pos=[16.990658299726643, -27.624010251650596, 18.633247252018066, 2.9336808888985204, -8.720830410560252, 9.251826159961382] joint_vel=[-25.309325715134396, 121.57109096165544, -92.59428551013778, 24.342022787811956, -39.164025001227266, 27.474329405369232] imu_ang_vel=[0.0, 0.26018446807339923, 0.0] imu_quat_wxyz=[0.9995655613602852, 0.0, 0.029473522736480785, 0.0] status=0x0003
joint_pos=[16.506396341392296, -25.12412264992413, 16.645627756730477, 3.3910757664910784, -9.415759074199892, 9.899915308734263] joint_vel=[-24.192341739700783, 124.28324956060496, -98.17783714943491, 23.81855812950234, -36.00514958818322, 27.192314523696055] imu_ang_vel=[0.0, 0.3293110137401346, 0.0] imu_quat_wxyz=[0.9994752866801206, 0.0, 0.03239060536159589, 0.0] status=0x0003
joint_pos=[15.724028103207209, -22.440764596827638, 14.464202905185951, 3.7131331158201095, -10.260420972873968, 10.533065818641498] joint_vel=[-44.500002551336266, 134.6458703805709, -109.00676573427948, 12.35398590990741, -44.56702689424736, 33.95087671146473] imu_ang_vel=[0.0, 0.10588573590419317, 0.0] imu_quat_wxyz=[0.9994099635846173, 0.0, 0.03434712051677549, 0.0] status=0x0003
joint_pos=[13.926189558125024, -19.362770608292813, 12.417476226783128, 3.451840519014145, -11.477262515470624, 11.478376729495558] joint_vel=[-107.94810324434852, 157.7017279610037, -95.45739771136095, -23.226785599898104, -68.3871977670505, 52.82814300059008] imu_ang_vel=[0.0, -0.5482124758381554, 0.0] imu_quat_wxyz=[0.9994982128315116, 0.0, 0.03167526711196383, 0.0] status=0x0003
joint_pos=[11.322067505288254, -15.40951769571391, 11.380942006560504, 3.61966463902259, -14.21912170036347, 13.327460645140263] joint_vel=[-137.95367601860673, 210.7512901277836, -31.859682673584217, 23.538477600698446, -166.97114129988836, 108.33635153400667] imu_ang_vel=[0.0, -0.645606379139596, 0.0] imu_quat_wxyz=[0.9996852574401291, 0.0, 0.02508756777494866, 0.0] status=0x0003
sim t=    1.02s  x= 0.109m z= 0.527m pitch= 2.07deg action=[-1.0, 1.0, 0.324, 1.0, -0.726, 1.0]
joint_pos=[9.813608367107808, -13.77507485299115, 9.126610996741077, 4.76848275811908, -18.57580554777122, 15.932727731008614] joint_vel=[-63.36006547859616, 73.26744725099299, -92.3942340180497, 79.3270055191906, -238.32521639448828, 134.45491595800453] imu_ang_vel=[0.0, -0.4877940122290986, 0.0] imu_quat_wxyz=[0.9998194055719373, 0.0, 0.01900411118095402, 0.0] status=0x0003
joint_pos=[8.714318267281508, -12.565610531084777, 7.927302283953731, 6.774427405302865, -23.8769513794536, 18.416359881491125] joint_vel=[-51.66099199638014, 54.39581800740588, -44.085621320336, 106.87114314284794, -268.9352051243298, 114.76517962231357] imu_ang_vel=[0.0, -0.28720692894996835, 0.0] imu_quat_wxyz=[0.9998774449533653, 0.0, 0.015655512560434397, 0.0] status=0x0003
joint_pos=[7.726856738703475, -11.550657841162238, 7.203417796171276, 8.892165492219183, -28.883575517804868, 20.325875409628747] joint_vel=[-48.35051760101173, 48.46570608719048, -31.175505119237997, 102.93773864015787, -234.26518109699407, 83.86725005193853] imu_ang_vel=[0.0, -0.22201110918002345, 0.0] imu_quat_wxyz=[0.9999125748599574, 0.0, 0.013222807452656235, 0.0] status=0x0003
joint_pos=[6.783224855469431, -10.53682955760253, 6.274657836995865, 10.782523532506975, -32.88738406057727, 21.657564927900395] joint_vel=[-46.15556089150939, 50.08996222943937, -51.183598998055274, 88.66792012026029, -178.522189542799, 57.04403255476278] imu_ang_vel=[0.0, -0.1753237704482384, 0.0] imu_quat_wxyz=[0.9999361382872084, 0.0, 0.011301298476941453, 0.0] status=0x0003
joint_pos=[5.9282649473786515, -9.573729009148796, 4.77203219471027, 12.34847859768117, -35.76597502687201, 22.542177259606294] joint_vel=[-40.45666096019133, 44.75244842214153, -83.34800137659326, 71.82874700307946, -123.49879669752987, 37.398306401514716] imu_ang_vel=[0.0, -0.15669410947197204, 0.0] imu_quat_wxyz=[0.999952980577464, 0.0, 0.009697248797779636, 0.0] status=0x0003
joint_pos=[5.13477136799722, -8.921604711620429, 4.787189873397209, 13.634754431619104, -37.4878625773556, 23.10790658232356] joint_vel=[-38.080866762670425, 29.658234344701146, 4.738305075954811, 59.694873476803984, -69.46046841646977, 23.88695380313622] imu_ang_vel=[0.0, -0.0747874059877107, 0.0] imu_quat_wxyz=[0.9999624813964384, 0.0, 0.008662320675058057, 0.0] status=0x0003
joint_pos=[4.470286381645359, -8.54949660029879, 4.986676816780772, 14.677896796281892, -38.43477667532044, 23.4748627970031] joint_vel=[-30.821005544748296, 12.949958522207863, 12.89297541439298, 47.850709157007124, -35.28391214985611, 15.477008434606661] imu_ang_vel=[0.0, -0.07786054319342268, 0.0] imu_quat_wxyz=[0.9999684952377551, 0.0, 0.007937791376686725, 0.0] status=0x0003
joint_pos=[3.9188340810868287, -8.44531755550626, 5.397269467041625, 15.53513325557296, -38.84456138646961, 23.71331754551761] joint_vel=[-29.13496188056375, 6.704313127428853, 36.96710812657864, 42.08908167951781, -14.198329816170883, 10.224297439599676] imu_ang_vel=[0.0, -0.109424759983952, 0.0] imu_quat_wxyz=[0.9999756416160485, 0.0, 0.006979697312366767, 0.0] status=0x0003
joint_pos=[3.4665824485604864, -8.54822125198526, 5.75102894582859, 16.21550957661435, -38.86498273430663, 23.751225535805965] joint_vel=[-22.058496659637214, -6.478058611534756, 18.083413218052762, 31.491851301485074, 3.812396178078457, -1.03268491747204] imu_ang_vel=[0.0, -0.13347354430915345, 0.0] imu_quat_wxyz=[0.9999831037740462, 0.0, 0.005813102994548161, 0.0] status=0x0003
joint_pos=[3.038288386081899, -8.706123681971606, 6.123344154398539, 16.7863525137103, -38.67093917173228, 23.089737569666266] joint_vel=[-21.06560378713329, -8.531813381534848, 18.971938375856766, 26.816607467144994, 12.289631943957595, -44.64299286653646] imu_ang_vel=[0.0, -0.15012110373672188, 0.0] imu_quat_wxyz=[0.9999904434706449, 0.0, 0.0043718379868216885, 0.0] status=0x0003
joint_pos=[2.5959104961452746, -8.795060598354283, 6.551511756219201, 17.28938911587666, -38.37733271889569, 22.001335447430943] joint_vel=[-20.813661548634027, -5.298472266719408, 15.22049478494417, 22.833845891823294, 16.278553885539925, -56.21992093366457] imu_ang_vel=[0.0, -0.14058174543547428, 0.0] imu_quat_wxyz=[0.9999955212190694, 0.0, 0.0029929152680582554, 0.0] status=0x0003
joint_pos=[2.1918893475511156, -8.874267506120198, 6.841674981253587, 17.71249922197372, -38.056051791652784, 20.789599241175353] joint_vel=[-19.748882069696972, -3.2751342103983525, 14.342770624730449, 20.12306069156291, 15.597602029727378, -59.92737741129026] imu_ang_vel=[0.0, -0.1187362465063465, 0.0] imu_quat_wxyz=[0.9999985188884197, 0.0, 0.0017211103877507726, 0.0] status=0x0003
joint_pos=[1.8213709184229383, -8.946701221779545, 7.203493646064257, 18.08981021708212, -37.77523361300997, 19.51385178149198] joint_vel=[-16.453102036340013, -6.030745573356253, 13.57328966552495, 16.841652880653314, 13.619366817352946, -62.840880572083016] imu_ang_vel=[0.0, -0.10330316402792318, 0.0] imu_quat_wxyz=[0.9999997434923835, 0.0, 0.0007162507711483383, 0.0] status=0x0003
joint_pos=[1.5047600675746875, -9.04964178959345, 7.565894325848809, 18.40179986423811, -37.549818515401604, 18.25250678226197] joint_vel=[-13.71765773553207, -7.45322392560941, 14.155287469477894, 13.551028448135702, 10.955996443015295, -60.723740479642764] imu_ang_vel=[0.0, -0.05560210190423109, 0.0] imu_quat_wxyz=[0.9999999919737964, 0.0, -0.00012669809468670033, 0.0] status=0x0003
joint_pos=[1.266572155492838, -9.211723344426698, 7.833351086067996, 18.630516591370153, -37.36983918998186, 16.997725163833906] joint_vel=[-11.041454692432056, -8.054817308508726, 13.645058804914651, 10.260110839637903, 7.746862784496431, -61.06728959874561] imu_ang_vel=[0.0, -0.05685889514674109, 0.0] imu_quat_wxyz=[0.9999996844347676, 0.0, -0.000794437137329156, 0.0] status=0x0003
joint_pos=[1.0643809661471535, -9.322245767125345, 8.172944157388226, 18.790996468786812, -37.17717602851928, 15.873159702059159] joint_vel=[-8.034641206417872, -6.516657510458771, 12.09725991663814, 5.644088329094387, 10.90046299143811, -52.05847558170719] imu_ang_vel=[0.0, -0.003772804759756873, 0.0] imu_quat_wxyz=[0.9999995182311983, 0.0, -0.0009815993945154877, 0.0] status=0x0003
joint_pos=[0.9568897656353427, -9.400970790821255, 8.496585130929862, 18.822790474657225, -36.668378294279044, 14.789138998701345] joint_vel=[-2.2158159227250747, -5.461094968782692, 12.155705920677901, -1.4393772262414952, 32.676709161197884, -52.87962391219866] imu_ang_vel=[0.0, 0.12522130640176118, 0.0] imu_quat_wxyz=[0.9999999376823007, 0.0, -0.00035303738439918425, 0.0] status=0x0003
joint_pos=[1.009572215472687, -9.517724437653786, 8.730843983821092, 18.689069022369818, -35.613253511315186, 13.507397974445999] joint_vel=[5.028933395781396, -5.811143891087958, 12.18065000683704, -8.763000036344916, 60.79846720445448, -65.91769651082535] imu_ang_vel=[0.0, 0.21763330429693264, 0.0] imu_quat_wxyz=[0.9999990684635013, 0.0, 0.0013649440023730068, 0.0] status=0x0003
joint_pos=[1.1839130130382989, -9.606884126674439, 9.054475368432584, 18.441135470699027, -34.050778877525794, 12.218463695096862] joint_vel=[11.92700580969452, -6.125153364128009, 11.907633732746929, -14.77311756595915, 84.9252825187295, -61.156422967957226] imu_ang_vel=[0.0, 0.33873111258645083, 0.0] imu_quat_wxyz=[0.9999904474210476, 0.0, 0.00437093429978153, 0.0] status=0x0003
joint_pos=[1.5031446011866811, -9.739743397557309, 9.424781090058351, 18.069790715050853, -31.965223420969597, 11.050080570467676] joint_vel=[15.337006936049205, -2.2204157942670495, 31.876370521129985, -17.61893316555941, 109.43260869919692, -54.74234761328521] imu_ang_vel=[0.0, 0.4523161977010056, 0.0] imu_quat_wxyz=[0.9999641091028624, 0.0, 0.008472337700940986, 0.0] status=0x0003
joint_pos=[2.0057952074493337, -10.064064565576187, 9.7980786793098, 17.558649445429047, -29.37231489982098, 10.036491592657626] joint_vel=[27.286620404163276, -18.704023382604863, 20.234614240378924, -26.825136586119573, 134.50040953203512, -46.757179988525614] imu_ang_vel=[0.0, 0.5338922884534107, 0.0] imu_quat_wxyz=[0.9999074359185637, 0.0, 0.013605866189388551, 0.0] status=0x0003
joint_pos=[2.6593916193520144, -10.63362985420088, 10.33973901185981, 16.932642866123818, -26.365769268118513, 9.269305563182698] joint_vel=[34.68264441697966, -32.735227619790585, 29.86091701071789, -32.40098576918568, 153.85153465544087, -33.217712237251476] imu_ang_vel=[0.0, 0.5766328925625477, 0.0] imu_quat_wxyz=[0.9998149018038053, 0.0, 0.019239597995987286, 0.0] status=0x0003
joint_pos=[3.456910001204681, -11.6527391590987, 11.29120833521005, 16.212524893645888, -23.159346920946977, 8.995460765157079] joint_vel=[43.441413008869254, -62.8309518511158, 46.43675645254252, -38.4719790527343, 159.99806145804055, -5.1112226619090295] imu_ang_vel=[0.0, 0.5322510487596807, 0.0] imu_quat_wxyz=[0.9996893781659176, 0.0, 0.024922824523734677, 0.0] status=0x0003
joint_pos=[4.475426454294656, -13.5804164992467, 12.649148645988934, 15.284019731971448, -19.798294962908525, 9.223650736355427] joint_vel=[52.95163946410797, -110.62164147112391, 76.32454423738514, -49.028421758066216, 167.39474275056386, 17.826709911394975] imu_ang_vel=[0.0, 0.3789627399798767, 0.0] imu_quat_wxyz=[0.999568411643337, 0.0, 0.029376699011571816, 0.0] status=0x0003
joint_pos=[5.157576559717544, -16.66789557669509, 14.729139198343482, 13.336905908482729, -15.975575496403886, 9.681001584988548] joint_vel=[25.159636818513636, -173.0619749576701, 115.18357755673046, -116.88317711766602, 196.2590414504636, 24.233779737123427] imu_ang_vel=[0.0, -0.40394649472378674, 0.0] imu_quat_wxyz=[0.9995853418554184, 0.0, 0.028794866691590964, 0.0] status=0x0003
joint_pos=[5.639178054346659, -20.88666859063153, 17.202255587241243, 11.521280203241917, -14.695458454800242, 7.1561823441020165] joint_vel=[29.73180656087286, -227.1537467732578, 122.73638865160167, -93.57996678250625, 63.732260512353044, -124.02943419310378] imu_ang_vel=[0.0, -0.9451523248719714, 0.0] imu_quat_wxyz=[0.9997870454137728, 0.0, 0.02063646827338787, 0.0] status=0x0003
joint_pos=[6.847562233274029, -25.83563465769599, 19.376146472536995, 9.972811905950591, -13.550668836361764, 5.187187144128537] joint_vel=[72.65278154643701, -248.91571046265474, 98.44330727411017, -69.7513890369597, 53.74251538394582, -84.44698182799691] imu_ang_vel=[0.0, -0.6550442859510607, 0.0] imu_quat_wxyz=[0.9999203696171485, 0.0, 0.012619604776106316, 0.0] status=0x0003
joint_pos=[8.473691784752823, -30.36550053754138, 20.97706018634462, 8.714844974513674, -12.62602286238887, 4.778851541032469] joint_vel=[83.96284262203218, -210.24617921230814, 69.60933664252325, -60.01790861571695, 46.1509912978777, -1.831605106715043] imu_ang_vel=[0.0, -0.3567844191099549, 0.0] imu_quat_wxyz=[0.9999683415056788, 0.0, 0.007957134307161502, 0.0] status=0x0003
joint_pos=[10.15569290069692, -33.91771804086283, 22.072479923415877, 7.562524758154136, -11.482860192018624, 4.58759085950052] joint_vel=[82.93524089077172, -157.2195853996083, 46.725687297299125, -56.072471864268515, 61.666530456783654, -11.79377068791543] imu_ang_vel=[0.0, -0.15078032074644446, 0.0] imu_quat_wxyz=[0.9999837404343059, 0.0, 0.005702531632061115, 0.0] status=0x0003
joint_pos=[11.736020429766238, -36.392125651416414, 22.794769129604585, 6.492337943175698, -10.148655116819304, 4.29015859683701] joint_vel=[76.13423235781893, -104.3980829841952, 30.53933583192787, -51.74940254161465, 68.00543215737926, -15.43614306181424] imu_ang_vel=[0.0, -0.007575672778848491, 0.0] imu_quat_wxyz=[0.9999868069604941, 0.0, 0.0051367212261771095, 0.0] status=0x0003
joint_pos=[13.148715961840374, -37.91037111234566, 23.26452203730753, 5.520476277525901, -8.800993703607702, 3.983125947543551] joint_vel=[67.15239250812664, -60.1548728574693, 19.83964185365084, -46.56581771775693, 65.8235180687559, -14.505375066717333] imu_ang_vel=[0.0, 0.0751785069651066, 0.0] imu_quat_wxyz=[0.9999842170222497, 0.0, 0.005618336622006329, 0.0] status=0x0003
joint_pos=[14.383372599823723, -38.67743270841177, 23.57075686256104, 4.648500929326705, -7.530762717402258, 3.702579052028075] joint_vel=[58.44555657227722, -26.705843782533385, 12.990391889294257, -41.72762387069036, 61.171057622668734, -12.879022638000702] imu_ang_vel=[0.0, 0.11865219503256984, 0.0] imu_quat_wxyz=[0.9999778032271337, 0.0, 0.006662811196169535, 0.0] status=0x0003
joint_pos=[15.44877481213864, -38.91234529797496, 23.77357113627213, 3.873073234147321, -6.398131000197083, 3.482837502999487] joint_vel=[50.21082932583611, -4.143911546415562, 8.685742820122162, -36.97884442289406, 53.34884889560729, -9.400395505246886] imu_ang_vel=[0.0, 0.13183431908257226, 0.0] imu_quat_wxyz=[0.9999683972102842, 0.0, 0.007950130860257644, 0.0] status=0x0003
joint_pos=[16.359365775716917, -38.82395560042056, 23.911584540499724, 3.187463966715707, -5.441846643471385, 3.343981821183222] joint_vel=[42.752152328151254, 8.637700171682248, 5.975472934507513, -32.67922478759443, 44.26536751986145, -5.23107199479043] imu_ang_vel=[0.0, 0.1232995676169049, 0.0] imu_quat_wxyz=[0.9999574511300948, 0.0, 0.009224745492648002, 0.0] status=0x0003
joint_pos=[17.143149760736694, -38.56512877834812, 24.00783384262098, 2.566464198872002, -4.629169109453967, 3.366537199492083] joint_vel=[35.54142952280309, 15.916685262629203, 4.141962065304039, -28.112246212096775, 34.86364250062418, -3.405202001700595] imu_ang_vel=[0.0, 0.10878030770432263, 0.0] imu_quat_wxyz=[0.9999452715141541, 0.0, 0.010462025448475415, 0.0] status=0x0003
joint_pos=[17.77755666469007, -38.22346868397171, 24.075706252630855, 2.043374422344613, -4.023180059357502, 3.353563309795487] joint_vel=[29.509480964641913, 17.369134053152546, 2.9924509852485452, -24.989018611488223, 27.703841088407188, 0.9272350675192517] imu_ang_vel=[0.0, 0.09596163024557329, 0.0] imu_quat_wxyz=[0.9999343300320401, 0.0, 0.011460175538578513, 0.0] status=0x0003
joint_pos=[18.29924278411988, -37.88746624071013, 24.12476762484443, 1.58228112222414, -3.544130052204432, 3.4162989970899598] joint_vel=[24.087515740432444, 16.210853587961562, 2.162433581660358, -21.87465653289189, 21.796860731364955, 4.417185956740318] imu_ang_vel=[0.0, 0.09482229877119604, 0.0] imu_quat_wxyz=[0.9999230807719318, 0.0, 0.01240292463771019, 0.0] status=0x0003
joint_pos=[18.724070952194225, -37.60937789238092, 24.160080075100197, 1.1985527600337265, -3.235753380324822, 3.666124445543258] joint_vel=[17.97701431630065, 13.97320161655022, 1.4499397990039018, -15.895645708055675, 9.331882364840933, 8.264155939568314] imu_ang_vel=[0.0, 0.08686538825476331, 0.0] imu_quat_wxyz=[0.9999105425603031, 0.0, 0.013375607528645757, 0.0] status=0x0003
joint_pos=[19.01074685667704, -37.38551456214702, 24.183360334812264, 0.9525853154462599, -3.2240789075795093, 3.927709484056259] joint_vel=[12.2553040683233, 9.67010887946127, 1.0001060481481077, -10.630417848290353, -3.2352135339415575, 15.341102307657959] imu_ang_vel=[0.0, 0.06480549153529465, 0.0] imu_quat_wxyz=[0.9999005619391486, 0.0, 0.01410199396450691, 0.0] status=0x0003
joint_pos=[19.199145225713767, -37.244133431497694, 24.19886896180558, 0.7874341847856158, -3.4098051056586347, 4.405754956767274] joint_vel=[9.871179138751891, 3.883231357572294, 0.7776717214922513, -9.614300720919763, -7.639812935902069, 38.8401914027589] imu_ang_vel=[0.0, 0.05076300757751298, 0.0] imu_quat_wxyz=[0.9998925399104192, 0.0, 0.014659762327227484, 0.0] status=0x0003
joint_pos=[19.21427049313866, -36.91135900368919, 24.202674808944074, 0.7755941697688271, -3.852890258934858, 4.876771952949766] joint_vel=[-1.9115549201600213, 20.478676468537756, 0.07078205232451465, 1.549435567335743, -25.154149418369414, 24.990815783954634] imu_ang_vel=[0.0, 0.06518116508873398, 0.0] imu_quat_wxyz=[0.9998829133231308, 0.0, 0.01530227579311201, 0.0] status=0x0003
joint_pos=[19.099198306964077, -36.31838659353493, 24.203196167649537, 0.865915926777098, -4.418259947002765, 5.512143792526812] joint_vel=[-5.525147671341085, 31.717898534604227, 0.0330634118152563, 3.5994594282545593, -25.21511241665651, 44.53048588156413] imu_ang_vel=[0.0, 0.10188877371761036, 0.0] imu_quat_wxyz=[0.999869255634736, 0.0, 0.016170084614458815, 0.0] status=0x0003
joint_pos=[18.807187033182586, -35.282882581855056, 23.987176740796226, 1.1362578016328084, -5.231411064790557, 6.1583062945083284] joint_vel=[-17.02350186743674, 58.37706634741591, -14.53573246893815, 16.046377218988848, -43.9798301611371, 33.901768047783705] imu_ang_vel=[0.0, 0.14114567782590004, 0.0] imu_quat_wxyz=[0.9998468081096108, 0.0, 0.017503151516885116, 0.0] status=0x0003
joint_pos=[18.41318634027053, -33.83654788379643, 23.228420944178673, 1.5027260949679992, -6.1120791912009835, 6.92685803982527] joint_vel=[-21.525504482946378, 78.09119990192637, -45.87123406441852, 20.59089936264276, -45.7387267606228, 34.44075545071146] imu_ang_vel=[0.0, 0.21589990418552532, 0.0] imu_quat_wxyz=[0.9998141119969621, 0.0, 0.01928059780520639, 0.0] status=0x0003
joint_pos=[17.88799279229688, -31.87036222145955, 21.750663608214385, 2.014774582852685, -7.152384852774477, 7.668782801994632] joint_vel=[-27.653869964083906, 105.09026036945039, -82.11803848854535, 27.38255675864772, -53.92166327739715, 38.30482924138636] imu_ang_vel=[0.0, 0.23891305198371543, 0.0] imu_quat_wxyz=[0.9997686133837582, 0.0, 0.02151092031312056, 0.0] status=0x0003
joint_pos=[17.305301605397375, -29.472731452154342, 19.834443569756473, 2.5726653065419383, -8.140761468296226, 8.471264520411387] joint_vel=[-29.944582463880778, 124.19628533441164, -97.43872211805102, 29.059700747236, -48.96564655063738, 34.75041273785825] imu_ang_vel=[0.0, 0.3011692636171875, 0.0] imu_quat_wxyz=[0.999703918085578, 0.0, 0.02433261523847805, 0.0] status=0x0003
joint_pos=[16.70657659637634, -26.79704447638314, 17.746870429371608, 3.142757877384993, -9.03157272592806, 9.259569362136158] joint_vel=[-26.67011296977114, 133.1960384143801, -102.77152525929453, 24.95460396355109, -36.39992408245577, 51.75444288710533] imu_ang_vel=[0.0, 0.356136905463289, 0.0] imu_quat_wxyz=[0.9996164284905127, 0.0, 0.027694690680195103, 0.0] status=0x0003
joint_pos=[16.05900532297064, -23.91192225514636, 15.481424009192635, 3.729885861824316, -9.936694736705494, 9.94687241307462] joint_vel=[-32.13132475501823, 143.94129380934837, -112.74930311180078, 28.45509279616452, -44.27105038824385, 34.16879548567247] imu_ang_vel=[0.0, 0.3662149686716528, 0.0] imu_quat_wxyz=[0.9995058538978572, 0.0, 0.031433231203862266, 0.0] status=0x0003
joint_pos=[14.72641388010416, -20.8063686370563, 13.229688470359426, 3.8261834263692203, -10.958770588361194, 10.778185478419443] joint_vel=[-80.135412970128, 155.52046226107453, -107.94039053223281, -5.126347746327585, -54.21787571737844, 44.551174794093214] imu_ang_vel=[0.0, -0.1372328083466341, 0.0] imu_quat_wxyz=[0.9994762441554987, 0.0, 0.032361047090874215, 0.0] status=0x0003
joint_pos=[12.295726270633793, -17.00539519387833, 11.528000027598084, 3.7616220253076027, -13.021956882534868, 12.271411295896055] joint_vel=[-137.82703866631806, 200.24958771394142, -72.25341539201183, -1.1816053761362528, -124.91970506382245, 86.98558400422304] imu_ang_vel=[0.0, -0.6189545847290187, 0.0] imu_quat_wxyz=[0.9996106973469855, 0.0, 0.02790078402972416, 0.0] status=0x0003
sim t=    2.02s  x= 0.234m z= 0.526m pitch= 2.51deg action=[-1.0, 1.0, 0.31, 0.996, -0.576, 1.0]
joint_pos=[10.29001123900068, -13.95361189717853, 9.868182719149793, 4.837317994700136, -17.01281637326287, 14.81318076186799] joint_vel=[-64.56544178562547, 80.17385671106528, -126.84500347282503, 68.13631358297116, -217.17755115254178, 138.24106774303306] imu_ang_vel=[0.0, -0.495966559181012, 0.0] imu_quat_wxyz=[0.9997369594840892, 0.0, 0.022934948038060156, 0.0] status=0x0003
joint_pos=[9.144693438004508, -12.690550067605537, 8.319714068628835, 6.721812890171612, -22.24909951777932, 17.509602787814718] joint_vel=[-54.57622020611935, 54.82075822564886, -52.00846912432386, 103.0811850284201, -273.8681183293118, 127.61746635665408] imu_ang_vel=[0.0, -0.33359737751202234, 0.0] imu_quat_wxyz=[0.9998143403454588, 0.0, 0.01926875293253614, 0.0] status=0x0003
joint_pos=[8.082401187628083, -11.710660554258864, 7.675494145912439, 8.805610566276195, -27.500637912639434, 19.67920607795835] joint_vel=[-52.54377310453892, 46.16044597901079, -22.192951542251816, 102.18313106911364, -249.50411683281598, 96.36211834830387] imu_ang_vel=[0.0, -0.2861007388759889, 0.0] imu_quat_wxyz=[0.9998681321011378, 0.0, 0.016239409120458594, 0.0] status=0x0003
joint_pos=[7.043755358449564, -10.683697844328279, 6.8174812574746175, 10.703086097129276, -31.850580273643327, 21.226240058764425] joint_vel=[-51.02063924412328, 51.99175451926413, -50.0114711667397, 89.47022031440356, -196.30018029038774, 66.66249953923825] imu_ang_vel=[0.0, -0.23278766163447887, 0.0] imu_quat_wxyz=[0.9999060529253999, 0.0, 0.013707126728357407, 0.0] status=0x0003
joint_pos=[6.091019742809917, -9.631099725699865, 5.2368886269589865, 12.293623512772133, -35.066663917042334, 22.265479826055028] joint_vel=[-45.17964779886334, 50.18037221241771, -89.23543949780694, 73.20156107992868, -139.50239906610435, 44.05571700567572] imu_ang_vel=[0.0, -0.19600373371805238, 0.0] imu_quat_wxyz=[0.9999323111964108, 0.0, 0.011634991422609728, 0.0] status=0x0003
joint_pos=[5.252926250795518, -8.950012686513157, 4.835719458759216, 13.57789143283066, -37.09399820306963, 22.93441835979922] joint_vel=[-40.62306998534758, 29.270139106223926, 5.8398645775294025, 59.83290557522724, -81.39518010727943, 28.09339428152887] imu_ang_vel=[0.0, -0.1122970406553207, 0.0] imu_quat_wxyz=[0.9999493954934864, 0.0, 0.010060141759000786, 0.0] status=0x0003
joint_pos=[4.544779142999418, -8.579584036928278, 5.062581494258688, 14.622538543403103, -38.23729765322973, 23.365693980265338] joint_vel=[-32.74989984668243, 13.014773173029964, 14.199106418512201, 47.88762630793485, -43.86230379326275, 18.170207777979282] imu_ang_vel=[0.0, -0.09664198027189146, 0.0] imu_quat_wxyz=[0.9999587760343027, 0.0, 0.009079990747747482, 0.0] status=0x0003
joint_pos=[3.966272572558493, -8.462687672699841, 5.472130739262278, 15.481932560174242, -38.777943468733056, 23.644329099159815] joint_vel=[-25.185974873097106, -1.2408576215856426, 17.723967700467654, 38.80463887957171, -16.432669141572802, 11.622675510622143] imu_ang_vel=[0.0, -0.07923303811713181, 0.0] imu_quat_wxyz=[0.9999669964219423, 0.0, 0.008124411786659683, 0.0] status=0x0003
joint_pos=[3.5122020984000892, -8.595350533143309, 5.854513262192878, 16.162077844005207, -38.875402592308845, 23.633891882622912] joint_vel=[-21.711352579981934, -8.999644524325962, 20.387913642836637, 31.493462789091417, 0.610121284541928, -5.316643437012824] imu_ang_vel=[0.0, -0.13427672707834984, 0.0] imu_quat_wxyz=[0.9999763403635799, 0.0, 0.006878859866418323, 0.0] status=0x0003
joint_pos=[3.058479244332125, -8.733289577218034, 6.359285061449945, 16.74797057462053, -38.7355282766651, 22.947321938390633] joint_vel=[-25.933785612910434, -0.7975603102594261, 39.354706289434944, 30.123308674899853, 8.24679702217814, -44.498434639886284] imu_ang_vel=[0.0, -0.14342593250427293, 0.0] imu_quat_wxyz=[0.9999850976907865, 0.0, 0.005459340285071162, 0.0] status=0x0003
joint_pos=[2.65043266172096, -8.894320542220184, 6.708771385828174, 17.232746841813054, -38.4465749307711, 21.87121101781781] joint_vel=[-20.223326886123495, -7.091977952572516, 16.764236211374083, 22.96206775682099, 15.438643384351606, -55.27844799663528] imu_ang_vel=[0.0, -0.1353856440755416, 0.0] imu_quat_wxyz=[0.9999913799125786, 0.0, 0.004152120005121598, 0.0] status=0x0003
joint_pos=[2.2524441707974368, -9.011543946764299, 7.1150226305005955, 17.670375806157455, -38.14245277454253, 20.67628696530573] joint_vel=[-18.043847461157036, -7.893687992312035, 16.063053335708148, 20.007975507935157, 15.826028107675183, -59.23332924062689] imu_ang_vel=[0.0, -0.09947117727570699, 0.0] imu_quat_wxyz=[0.9999957123265689, 0.0, 0.0029283661789571928, 0.0] status=0x0003
joint_pos=[1.9163992962773038, -9.178200870957443, 7.418191625081842, 18.03128940159261, -37.845732926776094, 19.317564635683254] joint_vel=[-16.23001895921401, -8.255350130489475, 15.28380449019033, 16.929686843252487, 13.920548747217898, -68.73960270839076] imu_ang_vel=[0.0, -0.11810219784775877, 0.0] imu_quat_wxyz=[0.999998524914939, 0.0, 0.0017176052940329097, 0.0] status=0x0003
joint_pos=[1.594206707114432, -9.292710533736845, 7.782608522179211, 18.341993905773236, -37.60313140852479, 18.02578870159524] joint_vel=[-14.48604324088796, -6.731885119958266, 13.19090322851401, 13.50823247294971, 11.619899983791962, -60.38026761793554] imu_ang_vel=[0.0, -0.09303598330018241, 0.0] imu_quat_wxyz=[0.9999997168543607, 0.0, 0.0007525232210904795, 0.0] status=0x0003
joint_pos=[1.3146998847979012, -9.385324603634132, 8.122460434437063, 18.590254398575983, -37.41935315608985, 16.91258666357613] joint_vel=[-11.924824447142724, -6.293938629706776, 12.905347930095575, 10.506314918273967, 8.845686505648718, -51.61101142961762] imu_ang_vel=[0.0, -0.029847492685673712, 0.0] imu_quat_wxyz=[0.999999993513481, 0.0, 0.00011389924424147779, 0.0] status=0x0003
joint_pos=[1.13595708269549, -9.522721479626737, 8.370523317858053, 18.725078835487384, -37.0956983065536, 15.753973057793287] joint_vel=[-7.412734258321553, -6.851208830144449, 12.756045458526197, 4.946925788682297, 19.140992767319506, -58.133848130000295] imu_ang_vel=[0.0, 0.002664817908226445, 0.0] imu_quat_wxyz=[0.999999994852351, 0.0, -0.0001014657472721093, 0.0] status=0x0003
joint_pos=[1.0342092815167263, -9.601163375268039, 8.689777379629659, 18.758101490227624, -36.488449530235414, 14.62521087793885] joint_vel=[-2.2039554342289267, -4.787108468303304, 11.195239328537266, -0.7978670267916409, 35.47952707723853, -53.46061460798786] imu_ang_vel=[0.0, 0.10048377965879156, 0.0] imu_quat_wxyz=[0.9999998381469654, 0.0, 0.0005689517053288467, 0.0] status=0x0003
joint_pos=[1.0569284238651573, -9.647744127329402, 8.993885003832746, 18.655777694024653, -35.39709716250449, 13.483352945137485] joint_vel=[4.631509106403094, -4.049524474420292, 11.391129945026236, -7.9706715889515936, 63.22393177373614, -56.194816765320624] imu_ang_vel=[0.0, 0.25396770996010254, 0.0] imu_quat_wxyz=[0.9999970923759984, 0.0, 0.002411480779267779, 0.0] status=0x0003
joint_pos=[1.2513606632355094, -9.755263166895991, 9.22542453293154, 18.39697422443436, -33.72200786010488, 12.163693238124393] joint_vel=[12.09613123460967, -5.84575253178138, 12.318953755211743, -14.676415788144599, 91.20402829627318, -67.1300971644076] imu_ang_vel=[0.0, 0.34489408437181623, 0.0] imu_quat_wxyz=[0.9999852935947126, 0.0, 0.005423337929412262, 0.0] status=0x0003
joint_pos=[1.5655915737573287, -9.878544124759197, 9.577058679914272, 18.037936322540247, -31.581655344065616, 10.924932604258803] joint_vel=[18.769243942680646, -8.761640848148488, 13.645048668072114, -20.021444212930266, 112.34923023693196, -57.221777902763435] imu_ang_vel=[0.0, 0.44748585557626386, 0.0] imu_quat_wxyz=[0.9999539170173527, 0.0, 0.009600200084020223, 0.0] status=0x0003
joint_pos=[2.0418424717835233, -10.169642700256812, 9.945248159008472, 17.548328695968184, -28.99529479261623, 9.943936982394149] joint_vel=[25.948851458004604, -17.16070226613906, 20.347633979619868, -25.745842418554027, 133.9793936180017, -43.59333330171831] imu_ang_vel=[0.0, 0.5264514567984231, 0.0] imu_quat_wxyz=[0.9998936350343423, 0.0, 0.01458487633850895, 0.0] status=0x0003
joint_pos=[2.6549848200966597, -10.711254085385786, 10.587090161708375, 16.959806490180256, -26.056712732384383, 9.264107804115017] joint_vel=[34.104799395349936, -34.79941526128544, 29.75234861830092, -31.728591901117912, 149.91762441450044, -28.57889802061197] imu_ang_vel=[0.0, 0.5548846329973407, 0.0] imu_quat_wxyz=[0.9997966305070172, 0.0, 0.020166745568260848, 0.0] status=0x0003
joint_pos=[3.469563226190585, -11.82501995305246, 11.459974420999906, 16.219342917676425, -22.85576827515473, 9.021325389853931] joint_vel=[42.857308203316734, -64.69606521055083, 49.182125040278365, -38.494744906310395, 160.6331846588286, -4.8147669021552] imu_ang_vel=[0.0, 0.5136649281330192, 0.0] imu_quat_wxyz=[0.9996744659268356, 0.0, 0.025513960372627886, 0.0] status=0x0003
joint_pos=[4.4522211128040325, -13.771812070885602, 12.860830167438031, 15.272762176240388, -19.493537954456475, 9.243650181211825] joint_vel=[50.68039776134193, -111.16363073852564, 78.07966529786893, -50.296256175255564, 167.13735207876096, 17.302194393244267] imu_ang_vel=[0.0, 0.34783052043495605, 0.0] imu_quat_wxyz=[0.9995582674482618, 0.0, 0.0297198582740413, 0.0] status=0x0003
joint_pos=[5.083456254097642, -16.886123474655598, 14.975498468616678, 13.285124218137868, -15.687566632798271, 9.692247883594979] joint_vel=[22.536024504855583, -174.76371194099983, 117.05146185058281, -119.2047440285466, 195.14450312739962, 23.84211368411559] imu_ang_vel=[0.0, -0.4521193501095666, 0.0] imu_quat_wxyz=[0.9995874122098396, 0.0, 0.028722906392569345, 0.0] status=0x0003
joint_pos=[5.581883856705528, -21.14566943133538, 17.426674472711362, 11.507621721042325, -14.480098408277653, 7.08802779697143] joint_vel=[32.446369309526176, -229.53152728507868, 120.5581505667574, -90.81829807647115, 60.905598149570444, -127.10662847679862] imu_ang_vel=[0.0, -0.9472114021952475, 0.0] imu_quat_wxyz=[0.9997941707974487, 0.0, 0.02028832273604681, 0.0] status=0x0003
joint_pos=[6.820357671988299, -26.0938967876686, 19.544967586208585, 9.994261097003648, -13.380442572275284, 5.098337082760912] joint_vel=[73.63383901303366, -247.7965691295216, 95.54924416314273, -68.51254959121268, 51.86394712225358, -84.53888777518812] imu_ang_vel=[0.0, -0.6523534845358714, 0.0] imu_quat_wxyz=[0.9999239293098255, 0.0, 0.012334325826690336, 0.0] status=0x0003
joint_pos=[8.455509552609197, -30.585756010095075, 21.093056298860866, 8.751215121857015, -12.479984514288729, 4.650652363362724] joint_vel=[84.16164948279126, -207.99600482791337, 67.17275527246619, -59.46032865649079, 45.03267521784569, -4.053816661288849] imu_ang_vel=[0.0, -0.36208512926679304, 0.0] imu_quat_wxyz=[0.9999707277827381, 0.0, 0.007651377500882166, 0.0] status=0x0003
joint_pos=[10.137470784449462, -34.08813291712198, 22.147923508807672, 7.605727006050099, -11.362460032523531, 4.431989820204161] joint_vel=[82.85287263059088, -154.66795646954722, 44.944623551436436, -55.830652494916, 60.283723824160994, -12.74308491585521] imu_ang_vel=[0.0, -0.1615780793180715, 0.0] imu_quat_wxyz=[0.9999859099850829, 0.0, 0.005308467886861217, 0.0] status=0x0003
joint_pos=[11.714524358130522, -36.51380994781504, 22.84206857126386, 6.538596214068356, -10.062093621776997, 4.127917428877559] joint_vel=[75.94350791883072, -102.06697934281401, 29.338588552008325, -51.64781152503011, 66.17237756043922, -15.490798788617914] imu_ang_vel=[0.0, -0.023247134890352045, 0.0] imu_quat_wxyz=[0.9999894017304596, 0.0, 0.004603957727592445, 0.0] status=0x0003
joint_pos=[13.12348244533207, -37.99042652055251, 23.293410794585895, 5.5670520373456736, -8.753690639208475, 3.825974656855962] joint_vel=[66.9800027019467, -58.23465835031551, 19.068287115185626, -46.60326399033588, 63.82091636115917, -14.11192560559391] imu_ang_vel=[0.0, 0.056019622436109584, 0.0] imu_quat_wxyz=[0.999987966444394, 0.0, 0.0049058094546566575, 0.0] status=0x0003
joint_pos=[14.355104894936927, -38.72496865937075, 23.588075945834067, 4.693103353162299, -7.5258357357535886, 3.5580720782927733] joint_vel=[58.313313635345004, -25.25318173201952, 12.512161321072211, -41.86690628658553, 59.02682357942934, -12.157925020257384] imu_ang_vel=[0.0, 0.09713219529558129, 0.0] imu_quat_wxyz=[0.9999835070310539, 0.0, 0.005743314885517316, 0.0] status=0x0003
joint_pos=[15.418697859922316, -38.93713206403172, 23.78386271897959, 3.913681339864691, -6.436601889725586, 3.355349892272823] joint_vel=[50.170872988018544, -3.2826561190618486, 8.40382288822114, -37.22430450077575, 51.192239126259906, -8.50626524707269] imu_ang_vel=[0.0, 0.10921833130514678, 0.0] imu_quat_wxyz=[0.9999768277033724, 0.0, 0.006807646898883964, 0.0] status=0x0003
joint_pos=[16.328952888632198, -38.834882789849935, 23.9176928485665, 3.222097556193926, -5.522004352320539, 3.2353754100759153] joint_vel=[42.75467551115855, 9.235287037522081, 5.80401842376739, -33.00968975461303, 42.250172730674585, -4.282035213365373] imu_ang_vel=[0.0, 0.10066941742372795, 0.0] imu_quat_wxyz=[0.9999691597460753, 0.0, 0.0078536333456642, 0.0] status=0x0003
joint_pos=[17.11797806243509, -38.581161953096526, 24.01257796949393, 2.5838654298690478, -4.739702992193503, 3.3071852138278786] joint_vel=[39.916396181132306, 11.995005913845503, 4.3477385336405545, -34.38126740884181, 42.544299781742794, 21.24110050820487] imu_ang_vel=[0.0, 0.08715523740085954, 0.0] imu_quat_wxyz=[0.9999615009336204, 0.0, 0.008774773534472006, 0.0] status=0x0003
joint_pos=[17.756704347249755, -38.22492118744661, 24.077984198043474, 2.0527396573186767, -4.153581050937274, 3.2966174334746112] joint_vel=[29.763587266706644, 18.035337927048364, 2.901843050382541, -25.397157723775035, 27.04961749305021, 0.45222035755887585] imu_ang_vel=[0.0, 0.08102627139786747, 0.0] imu_quat_wxyz=[0.9999530071872861, 0.0, 0.009694504479520758, 0.0] status=0x0003
joint_pos=[18.288321862151324, -37.87869688467717, 24.12601243775099, 1.5792168421831583, -3.6677519686766025, 3.341363242242931] joint_vel=[24.705044856895498, 16.637275368992338, 2.129371379808073, -22.57963637396637, 22.588797241577204, 3.3705147626210734] imu_ang_vel=[0.0, 0.08555952635605313, 0.0] imu_quat_wxyz=[0.9999446353332342, 0.0, 0.01052265500172605, 0.0] status=0x0003
joint_pos=[18.713230588936085, -37.58313774325916, 24.16105567378597, 1.1813825930792747, -3.3261041199703465, 3.477790729965801] joint_vel=[19.220344416697305, 13.59725099347447, 1.5423212081434399, -18.384810288348444, 14.27202747176367, 8.450517120317624] imu_ang_vel=[0.0, 0.08978971174853674, 0.0] imu_quat_wxyz=[0.9999349242003812, 0.0, 0.011408214776106394, 0.0] status=0x0003
joint_pos=[19.042159535046856, -37.36263199993331, 24.185608432221855, 0.8728854358040602, -3.1608435885600095, 3.7878855524125536] joint_vel=[13.41826106022642, 10.55255782724604, 0.9985500825779741, -12.339133372058145, 2.8011720913680582, 11.790609945831402] imu_ang_vel=[0.0, 0.08844504564439529, 0.0] imu_quat_wxyz=[0.9999233776407914, 0.0, 0.012378967946932204, 0.0] status=0x0003
joint_pos=[19.2359661710464, -37.210809166902116, 24.20088362070619, 0.7117019881208265, -3.3108296191307898, 4.138103784901463] joint_vel=[7.54840454392488, 6.043032784401723, 0.6269669382954683, -6.0762138666316625, -12.01790419388023, 20.06934132258869] imu_ang_vel=[0.0, 0.07013756326362419, 0.0] imu_quat_wxyz=[0.9999133316749651, 0.0, 0.013165452467397101, 0.0] status=0x0003
joint_pos=[19.29723531487069, -36.97348953780209, 24.205462207823015, 0.6581563962469295, -3.670941951427195, 4.703574129501913] joint_vel=[-0.4408570738070592, 15.764374695480612, 0.12091215623380949, 0.48794559703807544, -22.755511441772672, 25.154336795853606] imu_ang_vel=[0.0, 0.10255112373395206, 0.0] imu_quat_wxyz=[0.9999026775435659, 0.0, 0.013951180638487836, 0.0] status=0x0003
joint_pos=[19.16742342382597, -36.41085568822673, 24.205990760645417, 0.7824847966073623, -4.306444819326493, 5.275686309065741] joint_vel=[-9.134747187108115, 33.22179222273033, 0.011248014165336533, 8.618062164913725, -35.126055648833, 30.585806038906924] imu_ang_vel=[0.0, 0.10565108576748965, 0.0] imu_quat_wxyz=[0.9998888675572671, 0.0, 0.014908136538347168, 0.0] status=0x0003
joint_pos=[18.894614959905255, -35.46175551583191, 24.06042804992981, 1.0317300185544256, -5.099750786326803, 6.035902196920328] joint_vel=[-16.643686310970548, 54.28083379796862, -9.947624295538288, 15.61659330208286, -43.49715899100049, 34.82480132780847] imu_ang_vel=[0.0, 0.1714198173987376, 0.0] imu_quat_wxyz=[0.9998675293456574, 0.0, 0.016276478741144615, 0.0] status=0x0003
joint_pos=[18.465165180557293, -34.02603088501627, 23.321221547084665, 1.4460413872559834, -6.098253896498268, 6.776590154384102] joint_vel=[-23.1148414019913, 78.02747455200314, -46.27688501472521, 22.595834291043904, -51.84150064854492, 38.23358291274324] imu_ang_vel=[0.0, 0.1911683949132905, 0.0] imu_quat_wxyz=[0.9998373348987498, 0.0, 0.01803617871294364, 0.0] status=0x0003
joint_pos=[17.93599374856436, -32.076919869012855, 21.836209829005927, 1.9503956039288526, -7.1404726344253096, 7.633565415802605] joint_vel=[-28.459979183017307, 104.90721307459218, -82.52929807386269, 27.629690895582854, -53.9738073400486, 38.130851191639614] imu_ang_vel=[0.0, 0.2519042272500064, 0.0] imu_quat_wxyz=[0.9997926687812153, 0.0, 0.02036220644564309, 0.0] status=0x0003
joint_pos=[17.336073607840632, -29.672318681350305, 19.914619968774, 2.518542824677884, -8.148134359073286, 8.472921157875124] joint_vel=[-27.74730811570067, 122.83891872111712, -97.47818290603718, 25.868546017446185, -43.259470230756165, 53.18220155340514] imu_ang_vel=[0.0, 0.31700632435095255, 0.0] imu_quat_wxyz=[0.9997291832399021, 0.0, 0.023271445560562685, 0.0] status=0x0003
joint_pos=[16.696620094070393, -26.931587322868328, 17.79565173561144, 3.1417957795954767, -9.119577673482292, 9.186504774258504] joint_vel=[-31.285951425608488, 138.5859375705923, -104.90709597548074, 31.00102015115887, -46.501316957863054, 34.73658500038913] imu_ang_vel=[0.0, 0.3753304585408138, 0.0] imu_quat_wxyz=[0.9996385706691596, 0.0, 0.026883601516901678, 0.0] status=0x0003
joint_pos=[16.10125334848079, -24.07232122729802, 15.56762647579143, 3.7233798618512366, -9.93948467699103, 9.97829188909228] joint_vel=[-25.550898439500244, 139.57906366127287, -109.33270862136823, 24.497322235181578, -31.692497591603463, 52.76377243723333] imu_ang_vel=[0.0, 0.4138747679116181, 0.0] imu_quat_wxyz=[0.9995228837948292, 0.0, 0.030886967647671803, 0.0] status=0x0003
joint_pos=[14.770769566008898, -20.920232278666926, 13.219399821419314, 3.847822343288074, -10.961301146545608, 10.79596396911782] joint_vel=[-81.12188136616467, 159.47048537038899, -115.75683216980454, -3.8719014206813465, -55.02913465770062, 44.01954261239554] imu_ang_vel=[0.0, -0.11332971151290332, 0.0] imu_quat_wxyz=[0.9994787330506404, 0.0, 0.03228408554515146, 0.0] status=0x0003
joint_pos=[12.313612624332867, -17.09116063199846, 11.494738205751359, 3.743894227422294, -12.948236904971647, 12.229009047035866] joint_vel=[-139.0521115989628, 200.440087564323, -70.67895696392974, -4.378352775867725, -119.11987397476116, 83.07668522578776] imu_ang_vel=[0.0, -0.6244423153731299, 0.0] imu_quat_wxyz=[0.9996113305270722, 0.0, 0.02787808963857506, 0.0] status=0x0003
sim t=    3.02s  x= 0.361m z= 0.526m pitch= 2.50deg action=[-1.0, 1.0, 0.285, 0.943, -0.561, 1.0]
joint_pos=[10.2728071568683, -14.00590476383229, 9.83106161369227, 4.761163078606606, -16.846699327797214, 14.72986645982176] joint_vel=[-66.95225955152685, 83.04155868398347, -127.2811176997857, 65.06421085092686, -213.15319265307517, 137.38878345855332] imu_ang_vel=[0.0, -0.5020869471610709, 0.0] imu_quat_wxyz=[0.9997389124634648, 0.0, 0.022849658780135083, 0.0] status=0x0003
joint_pos=[9.107775741295638, -12.706251725191015, 8.277957640643518, 6.62255778355863, -22.05810839223386, 17.431902695409086] joint_vel=[-54.928936196399576, 56.0748591942342, -51.89620620450342, 102.77504759294762, -273.8971680256154, 128.32634242624712] imu_ang_vel=[0.0, -0.3291019779673925, 0.0] imu_quat_wxyz=[0.9998164398291464, 0.0, 0.019159505405176618, 0.0] status=0x0003
joint_pos=[8.049687552515044, -11.715660082536516, 7.652496779979822, 8.714680855463632, -27.3332464538379, 19.620144951756686] joint_vel=[-52.0993285419367, 46.37703462800636, -20.95407002827319, 102.88390935276047, -251.15896062566085, 97.33867520407992] imu_ang_vel=[0.0, -0.2737988437164173, 0.0] imu_quat_wxyz=[0.999868257607335, 0.0, 0.016231679804383323, 0.0] status=0x0003
joint_pos=[7.022964361096403, -10.688950826313794, 6.820380811435349, 10.629397986890973, -31.722403565386617, 21.18515830148367] joint_vel=[-50.38355152751157, 51.89769617226029, -48.72198264082404, 90.36731934187708, -198.3440586927765, 67.4918093646713] imu_ang_vel=[0.0, -0.21922673949592433, 0.0] imu_quat_wxyz=[0.9999043177754441, 0.0, 0.013833123075563279, 0.0] status=0x0003
joint_pos=[6.082594549999564, -9.636086891749027, 5.250386616705596, 12.23688281785338, -34.97854356654647, 22.238191641003308] joint_vel=[-44.589779622646326, 50.24009678554812, -89.02699689641561, 73.99478611936367, -141.4348938420717, 44.66089319773274] imu_ang_vel=[0.0, -0.1837581650733031, 0.0] imu_quat_wxyz=[0.9999293156907595, 0.0, 0.011889643485378673, 0.0] status=0x0003
joint_pos=[5.22708515018325, -8.902284283198538, 4.978614458575511, 13.555668251922883, -37.05121500192766, 22.917563327987935] joint_vel=[-39.17973523734662, 28.065759253172956, 5.06981216445469, 60.24903348153454, -81.90499410117376, 28.385273119163973] imu_ang_vel=[0.0, -0.05231160495742298, 0.0] imu_quat_wxyz=[0.9999443649514136, 0.0, 0.010548317492100476, 0.0] status=0x0003
joint_pos=[4.5663571521031985, -8.61445366737822, 5.184586372267218, 14.599726978366805, -38.21369304219052, 23.35373286095604] joint_vel=[-30.2675991259356, 7.788530007146228, 14.053777661245666, 47.71700986842389, -45.059337747315375, 18.386970770860373] imu_ang_vel=[0.0, -0.10696008575109843, 0.0] imu_quat_wxyz=[0.9999542389845901, 0.0, 0.00956660528866558, 0.0] status=0x0003
joint_pos=[4.028997887039291, -8.5898801274987, 5.5092465413011285, 15.437497848149103, -38.76025984387896, 23.635263925582063] joint_vel=[-25.298446591534667, -1.880144255534009, 17.82756900240492, 38.63574139276903, -17.842805775197967, 11.86118750144254] imu_ang_vel=[0.0, -0.12342886124403483, 0.0] imu_quat_wxyz=[0.9999648298779947, 0.0, 0.008386835343143903, 0.0] status=0x0003
joint_pos=[3.5261350867040107, -8.629259532447302, 5.986733045537182, 16.138183004788477, -38.88798593591271, 23.706667800732266] joint_vel=[-27.947696462303984, 3.1444199914317412, 38.89207217861697, 35.17478736238146, -2.314246660294454, 0.7038055522932999] imu_ang_vel=[0.0, -0.12976321883647499, 0.0] imu_quat_wxyz=[0.9999747593227964, 0.0, 0.007104978347273365, 0.0] status=0x0003
joint_pos=[3.095072582116506, -8.777037229983938, 6.349371850096361, 16.70990374718162, -38.726923382918315, 23.057907124822286] joint_vel=[-21.112001104384664, -7.90644548769094, 18.135846515438345, 26.891574166692433, 11.103794514635064, -44.347416019059715] imu_ang_vel=[0.0, -0.13822167539306313, 0.0] imu_quat_wxyz=[0.9999828710958846, 0.0, 0.005852991955530397, 0.0] status=0x0003
joint_pos=[2.670629484666124, -8.91399481307808, 6.79488358972377, 17.217759155206206, -38.46204606303588, 21.905856943686814] joint_vel=[-23.687009786305897, -1.9411242755306612, 34.897538196036095, 26.292578624736237, 12.627662794707819, -60.53874509652934] imu_ang_vel=[0.0, -0.14315249633043262, 0.0] imu_quat_wxyz=[0.9999901585115044, 0.0, 0.004436539207124466, 0.0] status=0x0003
joint_pos=[2.2843439635930727, -9.043362308917345, 7.101955947262447, 17.641387863036314, -38.14354282077217, 20.715227930302174] joint_vel=[-19.230842037206152, -4.8634044233115326, 14.399456080458501, 20.065430802282094, 15.762843658547585, -56.65130031594483] imu_ang_vel=[0.0, -0.12583672513010286, 0.0] imu_quat_wxyz=[0.9999949882485928, 0.0, 0.0031659876337203127, 0.0] status=0x0003
joint_pos=[1.9209092648366075, -9.141462976410855, 7.453263143535473, 18.02103040037487, -37.85646019372053, 19.414756071111036] joint_vel=[-16.085111069392816, -7.64853846661168, 13.770587162685569, 16.993156304322895, 14.354082517105143, -65.86972124950094] imu_ang_vel=[0.0, -0.11315394833855735, 0.0] imu_quat_wxyz=[0.9999978790494828, 0.0, 0.002059586496369727, 0.0] status=0x0003
joint_pos=[1.5985284913245554, -9.251855648839431, 7.815129717077644, 18.33684166175159, -37.61718792918028, 18.135129901450387] joint_vel=[-18.248171989433153, -0.2962524417553261, 29.841268426544293, 16.809094811924215, 9.266071140912329, -60.61039244425635] imu_ang_vel=[0.0, -0.09500605215989037, 0.0] imu_quat_wxyz=[0.9999994790080541, 0.0, 0.0010207759893249106, 0.0] status=0x0003
joint_pos=[1.3381628673816208, -9.376179448129779, 8.066786362047857, 18.57250245109871, -37.41837421048785, 16.988102447937376] joint_vel=[-12.359693589399946, -5.317011088933103, 12.101428669551092, 10.661933066780218, 8.724441576860425, -53.69817948103469] imu_ang_vel=[0.0, -0.059812018961528164, 0.0] imu_quat_wxyz=[0.9999999389780473, 0.0, 0.0003493478233579303, 0.0] status=0x0003
joint_pos=[1.1367946019673316, -9.463959430547858, 8.382232870427119, 18.723421078366034, -37.091326800646115, 15.884726600716142] joint_vel=[-7.231816217630746, -6.338064379850624, 11.28174632433343, 4.824323982039849, 20.343788350080597, -53.561435269584805] imu_ang_vel=[0.0, 0.005587784268802719, 0.0] imu_quat_wxyz=[0.9999999805798109, 0.0, 0.00019707962309228143, 0.0] status=0x0003
joint_pos=[1.0250706993432062, -9.52178429090648, 8.6967227339753, 18.762276979292917, -36.491359794157816, 14.751186049394379] joint_vel=[-6.866381364955555, 3.15024780348316, 27.70881974945957, 2.654830781669849, 32.41524116126677, -55.55407996064402] imu_ang_vel=[0.0, 0.09847890475664912, 0.0] imu_quat_wxyz=[0.9999996879421504, 0.0, 0.0007900098744073883, 0.0] status=0x0003
joint_pos=[1.058572022117167, -9.596742012406185, 8.908912712966872, 18.648079351692164, -35.41118916032602, 13.54987719768074] joint_vel=[3.8667834470181544, -3.232191708972188, 10.488909062881403, -7.752395378687961, 61.493440087084004, -59.30276993652824] imu_ang_vel=[0.0, 0.21620337077056537, 0.0] imu_quat_wxyz=[0.9999967257775172, 0.0, 0.0025589908646056606, 0.0] status=0x0003
joint_pos=[1.2218323317152457, -9.650525504381722, 9.204874549156317, 18.412182310719476, -33.781169138734, 12.294367694375003] joint_vel=[11.854423007393914, -5.070368532447207, 10.596031673350693, -14.39382564121725, 89.67290770683024, -61.539464520974036] imu_ang_vel=[0.0, 0.3416172016212862, 0.0] imu_quat_wxyz=[0.9999845102977225, 0.0, 0.00556589297634406, 0.0] status=0x0003
joint_pos=[1.521493028466867, -9.74998206023622, 9.552409898061622, 18.067649656753925, -31.690843902708256, 11.046491506858217] joint_vel=[13.843822140138496, -0.12762231462057222, 30.940340076958766, -15.815733078707646, 107.43480629941874, -60.028888402430134] imu_ang_vel=[0.0, 0.44219807456411797, 0.0] imu_quat_wxyz=[0.9999537491023582, 0.0, 0.009617674154280872, 0.0] status=0x0003
joint_pos=[1.9971491508675616, -10.043407089446593, 9.90072192045048, 17.58654561007432, -29.14446603726502, 10.007373331458384] joint_vel=[25.94892315159645, -17.30806663498535, 19.10185680076315, -25.439535935731648, 132.05673368068202, -46.368369917323626] imu_ang_vel=[0.0, 0.5183350858253258, 0.0] imu_quat_wxyz=[0.9998932759181248, 0.0, 0.01460947547726503, 0.0] status=0x0003
joint_pos=[2.624160958864972, -10.592975897243294, 10.426505360695183, 16.986302435641576, -26.200009199689088, 9.280089813738535] joint_vel=[33.37335587138291, -31.937043352639265, 29.21049705727085, -31.197562465562996, 150.5253026949831, -30.66049388182103] imu_ang_vel=[0.0, 0.5578163966614714, 0.0] imu_quat_wxyz=[0.999798621409205, 0.0, 0.020067800782676535, 0.0] status=0x0003
joint_pos=[3.395927026473223, -11.593793445011451, 11.36134192773359, 16.28784401910402, -23.051750960333003, 8.98582797273932] joint_vel=[42.16013039317845, -61.824669267048336, 45.67141374945893, -37.45029719468892, 157.32942182739853, -7.5346027151826425] imu_ang_vel=[0.0, 0.5144363949263119, 0.0] imu_quat_wxyz=[0.9996732086113952, 0.0, 0.0255631763401569, 0.0] status=0x0003
joint_pos=[4.396154468215159, -13.491590994825389, 12.698116609504602, 15.393324136080217, -19.75498606541623, 9.185421896240314] joint_vel=[52.20804056546004, -108.91107912526411, 75.1706303503756, -47.06604913438072, 164.02806293706888, 16.84905566069747] imu_ang_vel=[0.0, 0.37360984529384694, 0.0] imu_quat_wxyz=[0.9995526539635904, 0.0, 0.029908058351268592, 0.0] status=0x0003
joint_pos=[5.070683388366947, -16.55131756294041, 14.760285010874115, 13.487392645297827, -15.999027648087475, 9.65052152637709] joint_vel=[24.941325817118866, -171.83429380808434, 114.38908492881146, -114.84870962016194, 193.04523821252036, 25.154214548489932] imu_ang_vel=[0.0, -0.401710304384041, 0.0] imu_quat_wxyz=[0.9995698864449675, 0.0, 0.029326474598814427, 0.0] status=0x0003
joint_pos=[5.553639456472452, -20.757606955900258, 17.221432674598713, 11.675508835712483, -14.722560141228369, 7.1571300073279325] joint_vel=[29.623725218402594, -226.62961539774247, 122.20949228306684, -93.61716557750788, 63.68654744323559, -123.53455977723976] imu_ang_vel=[0.0, -0.9454331479552776, 0.0] imu_quat_wxyz=[0.9997751395489556, 0.0, 0.021205431848146973, 0.0] status=0x0003
joint_pos=[6.763977958940524, -25.71810479637378, 19.38755984016771, 10.120201306661299, -13.575639390248906, 5.184836226573254] joint_vel=[72.83567025732333, -249.9732320322081, 98.11874594731157, -70.24337031183055, 53.90004896564324, -84.87877022809523] imu_ang_vel=[0.0, -0.665748101168458, 0.0] imu_quat_wxyz=[0.9999139538701703, 0.0, 0.01311811174380002, 0.0] status=0x0003
joint_pos=[8.394107191090168, -30.278122051017753, 20.98346517644829, 8.850367187394754, -12.649385316481142, 4.748432396215935] joint_vel=[84.15306787622019, -211.87728744830682, 69.39142155487845, -60.65878355664909, 46.095946951294216, -3.279213446765571] imu_ang_vel=[0.0, -0.3754764072597873, 0.0] imu_quat_wxyz=[0.9999655712889084, 0.0, 0.008297965825857925, 0.0] status=0x0003
joint_pos=[10.07912884894695, -33.862451018859346, 22.075382967211088, 7.684520675948511, -11.512684845859106, 4.535364753099812] joint_vel=[83.06916915794979, -158.76422321897903, 46.57379648342288, -56.76700572780906, 61.22018654464619, -12.671900602687195] imu_ang_vel=[0.0, -0.17358327444129562, 0.0] imu_quat_wxyz=[0.9999830124724862, 0.0, 0.005828787734295052, 0.0] status=0x0003
joint_pos=[11.661548311020532, -36.3642470014464, 22.79530705712115, 6.600610618818137, -10.19160680471631, 4.226639315408103] joint_vel=[76.22889064559925, -105.64596966003177, 30.43941609153933, -52.429095321640474, 67.25917820760309, -15.852567108472622] imu_ang_vel=[0.0, -0.032113780081137404, 0.0] imu_quat_wxyz=[0.9999873860545213, 0.0, 0.005022721557648012, 0.0] status=0x0003
joint_pos=[13.07622312804, -37.90299978472327, 23.263571010203872, 5.615514375244302, -8.860415474647565, 3.914653170418883] joint_vel=[67.2600004196503, -61.04543712150503, 19.779033778016743, -47.216108174534504, 64.97496704520528, -14.672298086893797] imu_ang_vel=[0.0, 0.050717801851130194, 0.0] imu_quat_wxyz=[0.9999861749870462, 0.0, 0.00525831101938518, 0.0] status=0x0003
joint_pos=[14.313348267932883, -38.6837153597176, 23.568974103602518, 4.731231782347666, -7.608322177275971, 3.63334709408676] joint_vel=[58.58210288110255, -27.268611123189388, 12.95889278479537, -42.323828154279816, 60.248272479301896, -12.861083700336174] imu_ang_vel=[0.0, 0.09516109838930958, 0.0] imu_quat_wxyz=[0.9999816144240382, 0.0, 0.006063894284539172, 0.0] status=0x0003
joint_pos=[15.38177440005879, -38.92587801238904, 23.77140039952584, 3.944644055858134, -6.49472954276567, 3.4157627862265483] joint_vel=[50.35878312394769, -4.327002456117586, 8.669592380921435, -37.51258869548419, 52.40183640741176, -9.25795147953323] imu_ang_vel=[0.0, 0.10972540568313681, 0.0] imu_quat_wxyz=[0.9999746183844274, 0.0, 0.007124786798131267, 0.0] status=0x0003
joint_pos=[16.29597240849383, -38.839448002874725, 23.90934705506871, 3.249006479476693, -5.557740684021647, 3.2811034177762894] joint_vel=[42.95138179419177, 8.586674910654907, 5.978156834175618, -33.16551644191933, 43.304964873424694, -4.995665440107616] imu_ang_vel=[0.0, 0.1029361143440369, 0.0] imu_quat_wxyz=[0.9999664595367357, 0.0, 0.00819022597770333, 0.0] status=0x0003
joint_pos=[17.08801011066664, -38.589807874054564, 24.006445089470223, 2.611109627523491, -4.757685015726532, 3.3343088342941] joint_vel=[35.99048459218962, 16.09660229506187, 4.114203012191539, -28.782707381655246, 34.23706679807686, -1.8484304293587408] imu_ang_vel=[0.0, 0.12449476164424289, 0.0] imu_quat_wxyz=[0.9999574718863176, 0.0, 0.009222495254774522, 0.0] status=0x0003
joint_pos=[17.728436755392686, -38.23992718205942, 24.073959420343588, 2.0804076577411488, -4.161175970502705, 3.310394292691519] joint_vel=[29.886725926424806, 17.752050200283872, 2.989975843183159, -25.440814233678093, 27.52458140928718, 0.2946620256552392] imu_ang_vel=[0.0, 0.08150100177664918, 0.0] imu_quat_wxyz=[0.9999492976938241, 0.0, 0.010069858073875535, 0.0] status=0x0003
joint_pos=[18.257588026449877, -37.897898418714014, 24.12328318060153, 1.6110700194298104, -3.6891869496075813, 3.3671483198661565] joint_vel=[24.451174853663566, 16.469626128473863, 2.1815146767103113, -22.2645963342486, 21.362284374944736, 4.235639153925072] imu_ang_vel=[0.0, 0.08132503382662622, 0.0] imu_quat_wxyz=[0.9999408448734918, 0.0, 0.010876890809757612, 0.0] status=0x0003
joint_pos=[18.680174460699906, -37.603588845162434, 24.158900159873475, 1.2179390190081423, -3.362130846436356, 3.5067837684622414] joint_vel=[19.187524452892998, 13.5903784537798, 1.56118043339217, -18.20961827004219, 13.79121658134554, 8.437376873052896] imu_ang_vel=[0.0, 0.08500232250716787, 0.0] imu_quat_wxyz=[0.9999314161236884, 0.0, 0.01171166294234723, 0.0] status=0x0003
joint_pos=[19.00501354531457, -37.384253220010045, 24.183714730847118, 0.9188082137463085, -3.2326091466834974, 3.8342634931561155] joint_vel=[13.127206021413286, 10.499019468508061, 1.007915063294066, -11.819408177513928, 0.6254414355760203, 12.825493941751503] imu_ang_vel=[0.0, 0.07721508074143657, 0.0] imu_quat_wxyz=[0.9999206041089455, 0.0, 0.012601011007122244, 0.0] status=0x0003
joint_pos=[19.19685717521442, -37.229737790310935, 24.199185558939977, 0.7547152994053495, -3.38736234562491, 4.184755820523355] joint_vel=[7.576885793709274, 6.257561698627021, 0.6384014288307301, -6.504387444958514, -11.357062590014511, 19.642783635343484] imu_ang_vel=[0.0, 0.06426260884066289, 0.0] imu_quat_wxyz=[0.9999115987032658, 0.0, 0.01329641976921051, 0.0] status=0x0003
joint_pos=[19.260431714541934, -36.984972136556166, 24.203878179642086, 0.6930166085560998, -3.731146503411492, 4.740552596006609] joint_vel=[-0.2828639204673597, 16.20894518394602, 0.12410077097020503, 0.1100199845236975, -21.905055548266425, 24.63188219795198] imu_ang_vel=[0.0, 0.10099922999311729, 0.0] imu_quat_wxyz=[0.999901223263049, 0.0, 0.014055024619622204, 0.0] status=0x0003
joint_pos=[19.134928464238893, -36.414295974184036, 24.204434845458657, 0.8115580917923942, -4.353104880676607, 5.30355923014665] joint_vel=[-8.893830915018912, 33.59664352628124, 0.012282240500212488, 8.368835011325503, -34.54389053103046, 30.176157307256798] imu_ang_vel=[0.0, 0.10437142538230954, 0.0] imu_quat_wxyz=[0.9998874969852063, 0.0, 0.014999779087008879, 0.0] status=0x0003
joint_pos=[18.86714005883717, -35.45667676396693, 24.057720079264154, 1.0562977559410478, -5.135916626999068, 6.056385530488159] joint_vel=[-16.391182709759722, 54.7248943503205, -10.026164536200701, 15.409747314615005, -43.025379023117495, 34.46997423480658] imu_ang_vel=[0.0, 0.17004421251964086, 0.0] imu_quat_wxyz=[0.9998662620828856, 0.0, 0.016354141628291616, 0.0] status=0x0003
joint_pos=[18.443744131524085, -34.01567671816054, 23.319438289924165, 1.4654371917670357, -6.123481110444221, 6.7893108405382385] joint_vel=[-22.790572755547533, 78.20036096354987, -46.18240393069203, 22.315288990333116, -51.27259032794626, 37.83845032511169] imu_ang_vel=[0.0, 0.18938142087020804, 0.0] imu_quat_wxyz=[0.9998362341889439, 0.0, 0.018097093768651564, 0.0] status=0x0003
joint_pos=[17.92168581599611, -32.06706678856254, 21.839571373750907, 1.9635530130608714, -7.154312002611375, 7.638892009094816] joint_vel=[-28.100338108318997, 104.79472803466808, -82.21755671968351, 27.313682901046185, -53.43152282340939, 37.7539147528182] imu_ang_vel=[0.0, 0.24951841935798794, 0.0] imu_quat_wxyz=[0.9997918560451622, 0.0, 0.02040207307529807, 0.0] status=0x0003
joint_pos=[17.329129433376742, -29.668005228373048, 19.925542820165216, 2.525113765289808, -8.152125798187472, 8.471786488341793] joint_vel=[-27.37420912840497, 122.48664512421792, -97.08838193269435, 25.524624979484727, -42.77870667920331, 52.92441807866356] imu_ang_vel=[0.0, 0.3138411008328547, 0.0] imu_quat_wxyz=[0.9997289228818262, 0.0, 0.023282627719899106, 0.0] status=0x0003
joint_pos=[16.69640057280183, -26.935644770364128, 17.81437593240294, 3.1421139842717896, -9.116530475798212, 9.180173833483204] joint_vel=[-30.9678842905589, 138.14249538610443, -104.53236063783388, 30.695990018792823, -46.19786162929687, 34.50832081816456] imu_ang_vel=[0.0, 0.37150952780105345, 0.0] imu_quat_wxyz=[0.9996392262632641, 0.0, 0.026859212866029502, 0.0] status=0x0003
joint_pos=[16.10699610818772, -24.086474830724754, 15.594070360671834, 3.7176810630391635, -9.931343901998735, 9.96840636911972] joint_vel=[-25.261954081200198, 139.0553475956855, -108.95759153747983, 24.192747173627193, -31.447418432716294, 52.6449882867146] imu_ang_vel=[0.0, 0.40975011794431143, 0.0] imu_quat_wxyz=[0.9995248827689428, 0.0, 0.03082221156456886, 0.0] status=0x0003
joint_pos=[14.785967026665068, -20.945041374935954, 13.251568482565204, 3.840136385408197, -10.949315700672685, 10.782787433209817] joint_vel=[-80.5720598582949, 158.94826826424844, -115.51739989118386, -3.8907207763833465, -54.84495857809232, 43.86192276853318] imu_ang_vel=[0.0, -0.11382809603959468, 0.0] imu_quat_wxyz=[0.999481517768041, 0.0, 0.03219775830851138, 0.0] status=0x0003
joint_pos=[12.335220912719828, -17.1268912602099, 11.525204865746751, 3.7291933604856253, -12.926987928394338, 12.210094870562282] joint_vel=[-138.8377591266142, 199.8926704630952, -70.89265062464018, -4.869476118844859, -118.53917547010387, 82.74391996456912] imu_ang_vel=[0.0, -0.6278321965920822, 0.0] imu_quat_wxyz=[0.9996142129549763, 0.0, 0.02777454335184026, 0.0] status=0x0003
sim t=    4.02s  x= 0.487m z= 0.527m pitch= 2.48deg action=[-1.0, 1.0, 0.286, 0.936, -0.557, 1.0]
joint_pos=[10.291387893307062, -14.042026410341807, 9.860120047452831, 4.735801506499638, -16.813555312239167, 14.707057660901148] joint_vel=[-67.31137344193579, 83.27406972773656, -127.19584035503651, 64.54003077273258, -212.54911669242532, 137.37808008437008] imu_ang_vel=[0.0, -0.5055621313909786, 0.0] imu_quat_wxyz=[0.9997422354292023, 0.0, 0.022703803624535848, 0.0] status=0x0003
joint_pos=[9.122198600441747, -12.737949660085278, 8.306760823939197, 6.59332869754519, -22.02257737185321, 17.41255483093355] joint_vel=[-55.0744027047524, 56.314312890740254, -52.00039218571716, 102.73564448509885, -273.999934391553, 128.56401577468503] imu_ang_vel=[0.0, -0.33046529964861404, 0.0] imu_quat_wxyz=[0.9998196823519601, 0.0, 0.01898954400783825, 0.0] status=0x0003
joint_pos=[8.06242188345603, -11.742643095727573, 7.678098785091738, 8.68743103771304, -27.303590746766982, 19.605938803551194] joint_vel=[-52.15625446001117, 46.605018770661715, -21.135809919397204, 103.0395554301395, -251.52726078231012, 97.59191842118194] imu_ang_vel=[0.0, -0.27387092369701893, 0.0] imu_quat_wxyz=[0.999871070496691, 0.0, 0.01605747127667669, 0.0] status=0x0003
joint_pos=[7.035017813844674, -10.711805597913308, 6.842589170532419, 10.60598312338566, -31.70078070063306, 21.17540036021885] joint_vel=[-50.41022699057703, 52.0943364356069, -48.87724381709786, 90.57023330191006, -198.74869887201118, 67.69267822057698] imu_ang_vel=[0.0, -0.2191048074225078, 0.0] imu_quat_wxyz=[0.999906699826131, 0.0, 0.013659855153534501, 0.0] status=0x0003
joint_pos=[6.093231158091323, -9.652484792344714, 5.269810770695079, 12.217753544171268, -34.96403834134392, 22.231710471527457] joint_vel=[-44.68254976719501, 50.62513454646458, -89.14135430387353, 74.21408301579487, -141.75952454790894, 44.80369808938302] imu_ang_vel=[0.0, -0.18312823134220624, 0.0] imu_quat_wxyz=[0.9999313180569303, 0.0, 0.011720032804145684, 0.0] status=0x0003
joint_pos=[5.264802747999045, -8.964288251014809, 4.863130285516536, 13.519703009572092, -37.03237139898401, 22.91244329748506] joint_vel=[-40.171655261395294, 29.56837428477523, 5.592647670917103, 60.63258925761721, -83.27693864373062, 28.594942140306934] imu_ang_vel=[0.0, -0.10235262515203271, 0.0] imu_quat_wxyz=[0.9999473949613574, 0.0, 0.010257061469788864, 0.0] status=0x0003
joint_pos=[4.564940891101162, -8.591684438358362, 5.087254339201334, 14.576902857545944, -38.20736352327771, 23.351412802392755] joint_vel=[-32.364244715983986, 13.033336593072647, 14.105017735445086, 48.41584273236921, -45.26720182980945, 18.492840190390456] imu_ang_vel=[0.0, -0.09022429237388979, 0.0] imu_quat_wxyz=[0.9999562425349421, 0.0, 0.009354839143463122, 0.0] status=0x0003
joint_pos=[3.9923008208120896, -8.478743257111116, 5.505566957010639, 15.444234342217129, -38.76879285071576, 23.63253196402776] joint_vel=[-24.966618202989235, -1.16375243336864, 17.68624809326286, 39.19234140721264, -17.45137959650421, 11.675819731267195] imu_ang_vel=[0.0, -0.07360808927497212, 0.0] imu_quat_wxyz=[0.9999643088706311, 0.0, 0.008448726820115618, 0.0] status=0x0003
joint_pos=[3.543082010752803, -8.613979637825881, 5.884079089806111, 16.12966170254609, -38.88194332128786, 23.616063898897266] joint_vel=[-21.474135284568327, -9.243035804972404, 20.255530294315204, 31.691625264148527, -0.028897714258431663, -5.749819255178395] imu_ang_vel=[0.0, -0.1338917034037545, 0.0] imu_quat_wxyz=[0.9999739288465487, 0.0, 0.00722091595282028, 0.0] status=0x0003
joint_pos=[3.0926724478733303, -8.75676460359045, 6.387239648468814, 16.717656874411944, -38.750817205852925, 22.933150775331388] joint_vel=[-25.801900870889604, -1.0397249915629196, 39.27689060955506, 30.18105480371575, 7.922752881526514, -44.074001642674645] imu_ang_vel=[0.0, -0.14517279523356205, 0.0] imu_quat_wxyz=[0.9999832352548765, 0.0, 0.005790441191326001, 0.0] status=0x0003
joint_pos=[2.6857691910060684, -8.920932402361474, 6.735101918869412, 17.20315650849854, -38.46549793024338, 21.869547763312877] joint_vel=[-20.19936685765819, -7.212106823236851, 16.66684653346721, 22.987355751816022, 15.33531788761376, -54.59632235566838] imu_ang_vel=[0.0, -0.1380949753369686, 0.0] imu_quat_wxyz=[0.9999900582889318, 0.0, 0.004459072022153944, 0.0] status=0x0003
joint_pos=[2.287181733131362, -9.039303092034435, 7.139491333552688, 17.641281955159513, -38.161562173143956, 20.687770588827178] joint_vel=[-18.09400995304797, -7.934077185018352, 15.955885333200332, 20.035259599079794, 15.865021526817754, -58.61167733130769] imu_ang_vel=[0.0, -0.10259009190298682, 0.0] imu_quat_wxyz=[0.9999948638525441, 0.0, 0.0032050379922433634, 0.0] status=0x0003
joint_pos=[1.9492269458368434, -9.205193830905657, 7.439827223471293, 18.003093590541376, -37.863022293092776, 19.341984026853677] joint_vel=[-16.34714848484378, -8.18207272383366, 15.12945884196926, 16.988203436920323, 14.034798042476636, -68.10768980482791] imu_ang_vel=[0.0, -0.12144382248594285, 0.0] imu_quat_wxyz=[0.9999980772451925, 0.0, 0.001960996154501019, 0.0] status=0x0003
joint_pos=[1.6238009001974436, -9.31641729529802, 7.800875068070781, 18.31558837129602, -37.617637200916434, 18.06194961625762] joint_vel=[-14.659601160585723, -6.544936225061109, 12.991413663980426, 13.611225549334083, 11.771829836436304, -59.8342224036965] imu_ang_vel=[0.0, -0.09620978397037892, 0.0] imu_quat_wxyz=[0.9999995355872927, 0.0, 0.0009637557775805453, 0.0] status=0x0003
joint_pos=[1.3402791636212368, -9.404243295983306, 8.136757849517275, 18.56657501425734, -37.4308041546901, 16.9576425014284] joint_vel=[-12.12800658089489, -6.053680817017326, 12.688438975848383, 10.65518432966878, 9.001968661557386, -51.22483083379748] imu_ang_vel=[0.0, -0.03271374123350351, 0.0] imu_quat_wxyz=[0.9999999565409061, 0.0, 0.0002948189036700085, 0.0] status=0x0003
joint_pos=[1.1574609713269994, -9.53624584447354, 8.380281014410814, 18.704329552006723, -37.101442086670694, 15.804694204002882] joint_vel=[-7.614875042156391, -6.574297120159727, 12.532206965893293, 5.096058321533528, 19.48135173851315, -57.90215957690505] imu_ang_vel=[0.0, 0.00010679786747510092, 0.0] imu_quat_wxyz=[0.999999998658416, 0.0, 5.179930456135841e-05, 0.0] status=0x0003
joint_pos=[1.052357313269302, -9.60903400949733, 8.695342987558405, 18.742142677050502, -36.48973989477172, 14.679400709772933] joint_vel=[-2.3751602509678302, -4.510536371399734, 10.973945376748645, -0.5416956651713354, 35.64366079918209, -53.318114883311935] imu_ang_vel=[0.0, 0.09893344433970386, 0.0] imu_quat_wxyz=[0.9999997527732465, 0.0, 0.0007031738375439467, 0.0] status=0x0003
joint_pos=[1.0710024360176085, -9.650317620971942, 8.995078104609146, 18.644978039409835, -35.39673726947024, 13.536210451598684] joint_vel=[4.41434633952728, -3.8002215786911666, 11.178070991642908, -7.7150406374438445, 63.26628403031791, -56.3437793684371] imu_ang_vel=[0.0, 0.25134997035019324, 0.0] imu_quat_wxyz=[0.9999968165594757, 0.0, 0.0025232659222263437, 0.0] status=0x0003
joint_pos=[1.259759857751473, -9.751895166205308, 9.222218825134886, 18.392096106441322, -33.72632699417039, 12.214681684557364] joint_vel=[11.783092589061654, -5.531351047197935, 12.095820224698667, -14.366435443319283, 90.84447186074831, -67.19921887422986] imu_ang_vel=[0.0, 0.34126432037834337, 0.0] imu_quat_wxyz=[0.999984861732123, 0.0, 0.005502390988186679, 0.0] status=0x0003
joint_pos=[1.5671234221444856, -9.868229184859654, 9.569065143812786, 18.039531808651855, -31.595872654821193, 10.974082651961695] joint_vel=[18.417498821042983, -8.408051487166816, 13.398040410786617, -19.698628691018065, 111.80381009758705, -57.320681594049745] imu_ang_vel=[0.0, 0.44339850712392787, 0.0] imu_quat_wxyz=[0.9999535366556149, 0.0, 0.009639737025867637, 0.0] status=0x0003
joint_pos=[2.035632476827778, -10.150639646052223, 9.931521295648873, 17.556797851873583, -29.022941841314562, 9.98757363893586] joint_vel=[25.551753227165978, -16.694842934916515, 20.048165093494628, -25.399590899488583, 133.2645960434874, -43.9308248396198] imu_ang_vel=[0.0, 0.5224406844812621, 0.0] imu_quat_wxyz=[0.9998936533656398, 0.0, 0.014583619547751479, 0.0] status=0x0003
joint_pos=[2.6404476139868356, -10.680314638406493, 10.565665195288886, 16.975290973070173, -26.098521741461163, 9.296500563603662] joint_vel=[33.686580363247664, -34.14409331009829, 29.34598236473218, -31.380170004859746, 149.22994095563595, -29.21025979685572] imu_ang_vel=[0.0, 0.5517936106993596, 0.0] imu_quat_wxyz=[0.999797366748646, 0.0, 0.020130212181528356, 0.0] status=0x0003
joint_pos=[3.4463483787542484, -11.777320953738442, 11.428258206457194, 16.2419346561175, -22.910517239875453, 9.039311812119372] joint_vel=[42.429026396043874, -63.78579631112502, 48.62949379660119, -38.1426760758614, 160.0227242045457, -5.542923267749996] imu_ang_vel=[0.0, 0.5121972759496075, 0.0] imu_quat_wxyz=[0.9996759404485486, 0.0, 0.02545612084175364, 0.0] status=0x0003
joint_pos=[4.430313592611631, -13.700909466871165, 12.81451544820109, 15.31674096545825, -19.563867294234996, 9.248369816141446] joint_vel=[50.956541354863475, -109.89301118437596, 77.28084288105693, -48.927649589868, 166.31619323397808, 16.690898315665457] imu_ang_vel=[0.0, 0.3585749091200086, 0.0] imu_quat_wxyz=[0.9995584156628414, 0.0, 0.02971487300310076, 0.0] status=0x0003
joint_pos=[5.070767390910718, -16.785394198557476, 14.912433595393031, 13.365243225953645, -15.781452168700763, 9.6922743444814] joint_vel=[23.062026618824707, -173.1818402002131, 116.1460692214142, -117.25019267397123, 193.8459624175958, 23.766680501952823] imu_ang_vel=[0.0, -0.4326806149569199, 0.0] imu_quat_wxyz=[0.9995827659134063, 0.0, 0.02888414944055679, 0.0] status=0x0003
joint_pos=[5.5609638565221555, -21.01481837492335, 17.365284856150623, 11.584357593552182, -14.559143186621501, 7.1186062808371355] joint_vel=[31.443376652076978, -227.96988330653525, 121.00846990744617, -91.46459069129523, 61.68585761646112, -126.01035460695795] imu_ang_vel=[0.0, -0.9424206097080189, 0.0] imu_quat_wxyz=[0.9997881207489245, 0.0, 0.02058430492715063, 0.0] status=0x0003
joint_pos=[6.789587575817468, -25.96073601582179, 19.49764439789314, 10.05960741008206, -13.443717248224928, 5.131933200352025] joint_vel=[73.36273096912859, -248.3373844001342, 96.31648397622507, -69.03381856728059, 52.60442164680331, -84.81026153004447] imu_ang_vel=[0.0, -0.6540818498006468, 0.0] imu_quat_wxyz=[0.9999203399614428, 0.0, 0.01262195434125516, 0.0] status=0x0003
joint_pos=[8.423123219153224, -30.474812379777187, 21.06009421301167, 8.807554348211667, -12.532565567412409, 4.679263028972705] joint_vel=[84.16142441945638, -209.32670835070928, 67.83833277065756, -59.88713266569981, 45.47202613104568, -4.239742224405104] imu_ang_vel=[0.0, -0.3659192613042899, 0.0] imu_quat_wxyz=[0.9999687356155222, 0.0, 0.007907451643469347, 0.0] status=0x0003
joint_pos=[10.106031967652076, -34.00634082780731, 22.12602882480138, 7.654275265756446, -11.408329214141569, 4.456027285167521] joint_vel=[82.9193093177788, -156.14769217112672, 45.429676640588006, -56.20597141092949, 60.58004340950592, -12.972797590950075] imu_ang_vel=[0.0, -0.16639654472635063, 0.0] imu_quat_wxyz=[0.9999847685535944, 0.0, 0.0055192989422793775, 0.0] status=0x0003
joint_pos=[11.68466205667481, -36.46000032514738, 22.82781147640279, 6.580075441480945, -10.1025619871239, 4.147390214049782] joint_vel=[76.02674524839996, -103.39412656298822, 29.66358716874179, -51.98774170674544, 66.43291862436631, -15.712717389200076] imu_ang_vel=[0.0, -0.02794313417364813, 0.0] imu_quat_wxyz=[0.9999886393291548, 0.0, 0.004766677315014246, 0.0] status=0x0003
joint_pos=[13.095372385101133, -37.959860254219045, 23.28412524529544, 5.602254493553615, -8.788946177202638, 3.8411023427680573] joint_vel=[67.06948912100079, -59.29073949223317, 19.276472304782892, -46.89984964517117, 64.08038729093619, -14.322560193216189] imu_ang_vel=[0.0, 0.05208047534139737, 0.0] imu_quat_wxyz=[0.9999873696028432, 0.0, 0.005025995900000199, 0.0] status=0x0003
joint_pos=[14.328905362799949, -38.711836711259515, 23.581928347185507, 4.722955178191311, -7.555682983673885, 3.5689300234007435] joint_vel=[58.41198298055443, -26.015761765247053, 12.642611440820712, -42.11595600607981, 59.29864444811542, -12.366683811090338] imu_ang_vel=[0.0, 0.09416287259162821, 0.0] imu_quat_wxyz=[0.9999830047101466, 0.0, 0.005830119284105228, 0.0] status=0x0003
joint_pos=[15.394573927385565, -38.93586806752643, 23.779676868907988, 3.939166411836213, -6.461074126282462, 3.3621589615136145] joint_vel=[50.27704313667341, -3.780035170153011, 8.485461966945381, -37.42413584240266, 51.45429335549454, -8.701393766564907] imu_ang_vel=[0.0, 0.10709521226791831, 0.0] imu_quat_wxyz=[0.9999763997498452, 0.0, 0.006870221491168637, 0.0] status=0x0003
joint_pos=[16.307000780521978, -38.84079118473432, 23.91474580870833, 3.244154313319713, -5.541628098974769, 3.238557565344248] joint_vel=[42.86409899180967, 8.953000554574224, 5.856028359338324, -33.16500186290772, 42.47788674601527, -4.4534727464267485] imu_ang_vel=[0.0, 0.0990978379898667, 0.0] imu_quat_wxyz=[0.9999688050091277, 0.0, 0.00789867131973725, 0.0] status=0x0003
joint_pos=[17.09822101188164, -38.59066015796737, 24.01043804920849, 2.60322599841013, -4.755310055988702, 3.307449700011186] joint_vel=[40.027922963612156, 11.868139585216687, 4.38248852428887, -34.51085595081316, 42.73943569546908, 21.126243477480195] imu_ang_vel=[0.0, 0.08581339485595389, 0.0] imu_quat_wxyz=[0.999961228467546, 0.0, 0.008805768659028941, 0.0] status=0x0003
joint_pos=[17.739066162347502, -38.2354635926843, 24.076389053423874, 2.070036812546363, -4.166430392000208, 3.294450667599764] joint_vel=[29.86773520044794, 18.01920400154021, 2.925576034479446, -25.492725307970087, 27.166324613097597, 0.341578794349447] imu_ang_vel=[0.0, 0.07964241790548643, 0.0] imu_quat_wxyz=[0.9999528351882093, 0.0, 0.009712229355916912, 0.0] status=0x0003
joint_pos=[18.27269565704075, -37.88872489869666, 24.12480750974985, 1.5947718662699013, -3.6789961920605667, 3.3374122741291328] joint_vel=[24.80370320489826, 16.683427725483384, 2.1467103116408808, -22.66314778042069, 22.649129702603258, 3.292515608350836] imu_ang_vel=[0.0, 0.08394636888216211, 0.0] imu_quat_wxyz=[0.9999446083558934, 0.0, 0.010525218286522081, 0.0] status=0x0003
joint_pos=[18.699897351990757, -37.59150008787795, 24.1601559901377, 1.194169738156649, -3.33299512765895, 3.4709124011901835] joint_vel=[19.34496978669944, 13.695980437028883, 1.5565943080564768, -18.544662142780304, 14.557523575522225, 8.2741021168513] imu_ang_vel=[0.0, 0.08872168074365241, 0.0] imu_quat_wxyz=[0.9999350509363735, 0.0, 0.0113971008976962, 0.0] status=0x0003
joint_pos=[19.031562225958858, -37.36888869162211, 24.18496820610675, 0.8823746000950906, -3.161514705614271, 3.7775562891780465] joint_vel=[13.55709335466649, 10.662064162444342, 1.010584107054415, -12.498912537469362, 3.1087662808746592, 11.604253073023848] imu_ang_vel=[0.0, 0.08780170956365681, 0.0] imu_quat_wxyz=[0.9999236063607492, 0.0, 0.012360479056800029, 0.0] status=0x0003
joint_pos=[19.228187203021523, -37.21500434241676, 24.200460859266773, 0.7182090643122582, -3.3059134401175574, 4.124442750267879] joint_vel=[7.689072144557635, 6.141403517845568, 0.6371217841498101, -6.2189480155482375, -11.757625469598452, 19.915962741899094] imu_ang_vel=[0.0, 0.06957006312738341, 0.0] imu_quat_wxyz=[0.999913650440055, 0.0, 0.013141220021124363, 0.0] status=0x0003
joint_pos=[19.292713086248657, -36.97832385545515, 24.205204568320454, 0.6616830314977351, -3.6614070057961223, 4.687509583217826] joint_vel=[-0.275467501640605, 15.677941968254203, 0.12586070203170055, 0.34172883044817565, -22.55036840580416, 25.03025993126146] imu_ang_vel=[0.0, 0.101697115894159, 0.0] imu_quat_wxyz=[0.9999031179152095, 0.0, 0.013919582732350552, 0.0] status=0x0003
joint_pos=[19.166268774908495, -36.41885357344719, 24.205766270185354, 0.7828898521299834, -4.292874620828343, 5.25726816636667] joint_vel=[-8.968047461615665, 33.03364496163756, 0.012123568339654757, 8.45869738060905, -34.92926187070114, 30.475519044691477] imu_ang_vel=[0.0, 0.10449625517381891, 0.0] imu_quat_wxyz=[0.9998895006719806, 0.0, 0.014865612867872646, 0.0] status=0x0003
joint_pos=[18.8966283772917, -35.47458444144374, 24.067246088205767, 1.0289331642302264, -5.082466732072226, 6.015807372290152] joint_vel=[-16.496410179302295, 54.028121055713086, -9.468452832563472, 15.463323692040776, -43.326205403403065, 34.734879450953194] imu_ang_vel=[0.0, 0.17031788830797084, 0.0] imu_quat_wxyz=[0.9998684086851775, 0.0, 0.016222370769125586, 0.0] status=0x0003
joint_pos=[18.470151332224162, -34.04588589638296, 23.339476065261646, 1.4402822519448504, -6.078323052135311, 6.7551922485530485] joint_vel=[-22.969849694984365, 77.63948908866683, -45.69088378370352, 22.45090802518345, -51.727957672273675, 38.18260606906604] imu_ang_vel=[0.0, 0.18985379698007948, 0.0] imu_quat_wxyz=[0.9998385308328004, 0.0, 0.017969759656357852, 0.0] status=0x0003
joint_pos=[17.94340272003524, -32.1042250783177, 21.86258807696391, 1.9422847437083643, -7.1198593810159245, 7.612210188584596] joint_vel=[-28.35753487878832, 104.55585457273422, -82.21224319664789, 27.528800754089335, -53.980322268087264, 38.14409938879011] imu_ang_vel=[0.0, 0.2504211634001164, 0.0] imu_quat_wxyz=[0.9997943054486911, 0.0, 0.02028168613230791, 0.0] status=0x0003
joint_pos=[17.344949391438398, -29.705402555328792, 19.944000910006068, 2.5089402320921104, -8.1287493127392, 8.452540116502675] joint_vel=[-27.688036840534814, 122.58453929494968, -97.40121130315235, 25.80457709886264, -43.34178415436124, 53.261275826209] imu_ang_vel=[0.0, 0.3155619154392802, 0.0] imu_quat_wxyz=[0.9997313963188531, 0.0, 0.023176177733963445, 0.0] status=0x0003
joint_pos=[16.70616538799937, -26.96849428962992, 17.82725213896066, 3.1313628727405094, -9.102125836245333, 9.167268101760648] joint_vel=[-31.263622351155952, 138.42787749369384, -104.78664893037751, 30.968719519428415, -46.599942188547764, 34.79668434297311] imu_ang_vel=[0.0, 0.37418513216765553, 0.0] imu_quat_wxyz=[0.9996414685400141, 0.0, 0.026775630247746235, 0.0] status=0x0003
joint_pos=[16.111111933275605, -24.111639302391787, 15.601781347209593, 3.71233539307565, -9.923179559192482, 9.959809720855075] joint_vel=[-25.53913217064109, 139.4788578532124, -109.20709787732525, 24.47079647918248, -31.734028783439378, 52.79194885897311] imu_ang_vel=[0.0, 0.4132620394494354, 0.0] imu_quat_wxyz=[0.9995264696193349, 0.0, 0.030770708966625277, 0.0] status=0x0003
joint_pos=[14.788318107831188, -20.961442449146734, 13.252545494144877, 3.841815498291711, -10.943994557561453, 10.776916774202853] joint_vel=[-80.57829434121709, 159.38758370835325, -115.87570726715855, -3.5044456106442006, -54.933976794453905, 43.96159702183128] imu_ang_vel=[0.0, -0.10750338701605794, 0.0] imu_quat_wxyz=[0.9994815439727054, 0.0, 0.032196944854084746, 0.0] status=0x0003
joint_pos=[12.335031860053803, -17.13637627326448, 11.516671659515369, 3.7334604042585258, -12.919638718521185, 12.204200114489534] joint_vel=[-139.01224991043932, 200.18012701329718, -71.39704202240605, -4.857029933130949, -118.35361686964382, 82.69873552650486] imu_ang_vel=[0.0, -0.6244141526525147, 0.0] imu_quat_wxyz=[0.9996128420921794, 0.0, 0.027823837341308933, 0.0] status=0x0003
sim t=    5.02s  x= 0.613m z= 0.527m pitch= 2.49deg action=[-1.0, 1.0, 0.284, 0.935, -0.557, 1.0]
joint_pos=[10.28811826848383, -14.045415926184306, 9.846715362345995, 4.740228925437661, -16.804201486190973, 14.70151422098255] joint_vel=[-67.45664547971867, 83.61822726458172, -127.30268035995327, 64.51571059200084, -212.49383032826802, 137.42655675356875] imu_ang_vel=[0.0, -0.5037648480411597, 0.0] imu_quat_wxyz=[0.9997405765151782, 0.0, 0.022776735259888468, 0.0] status=0x0003
joint_pos=[9.1173432321187, -12.737173860059968, 8.292450645880315, 6.597632507764576, -22.013524151482592, 17.408362367421365] joint_vel=[-55.12209837779025, 56.43561694881192, -51.9417858518861, 102.73369336818001, -274.0446347555219, 128.6358175098067] imu_ang_vel=[0.0, -0.3290633563685564, 0.0] imu_quat_wxyz=[0.9998180240426253, 0.0, 0.01907665587833369, 0.0] status=0x0003
joint_pos=[8.057254568431773, -11.74125216576075, 7.666873371991098, 8.691642357841328, -27.295910792299228, 19.603079227364674] joint_vel=[-52.157094934976776, 46.59568359128516, -20.947313490083328, 103.0317286788797, -251.6049077976252, 97.65356945120811] imu_ang_vel=[0.0, -0.2725107528734316, 0.0] imu_quat_wxyz=[0.9998694458991046, 0.0, 0.01615831542635072, 0.0] status=0x0003
joint_pos=[7.030087158737851, -10.710959481350626, 6.8343344016358, 10.609938973276488, -31.69476502055127, 21.17356653133769] joint_vel=[-50.3924200952564, 52.05939264323734, -48.750059594796824, 90.55400716788884, -198.83252199767742, 67.7376322331379] imu_ang_vel=[0.0, -0.21769719977766944, 0.0] imu_quat_wxyz=[0.9999051268121907, 0.0, 0.013774519036861645, 0.0] status=0x0003
