Log file: /home/cx/robot_deploy/log_sim2sim/2026-08-02_23-07-25.txt
Loaded ONNX policy: /home/cx/mjlab-recovered/logs/rsl_rl/custom_biped_velocity_nolinvel/2026-07-30_23-56-50/2026-07-30_23-56-50.onnx
  input=obs[1,65] output=actions[1,6]
  velocity_command=[0.1, 0.0, 0.0]
  startup=move 4s + hold 1s
MuJoCo sim2sim started
  robot=/home/cx/mjlab-recovered/src/mjlab/asset_zoo/robots/custom_biped/mjcf/biped.xml
  physics=200 Hz, policy=50 Hz
  command=[0.1, 0.0, 0.0]
  press R in the viewer to reset; close the viewer or press Ctrl+C to stop
joint_pos=[10.0, -20.0, 10.0, 10.0, -20.0, 10.0] joint_vel=[0.0, 0.0, 0.0, 0.0, 0.0, 0.0] imu_ang_vel=[0.0, 0.0, 0.0] imu_quat_wxyz=[1.0, 0.0, 0.0, 0.0] status=0x0003
ONNX startup: moving from measured joint positions to [10.0, -20.0, 10.0, 10.0, -20.0, 10.0] deg over 4 s.
sim t=    0.02s  x= 0.000m z= 0.521m pitch=-0.04deg action=[0.0, 0.0, 0.0, 0.0, 0.0, 0.0]
joint_pos=[9.942851527293058, -19.992392098289915, 10.20914971266202, 10.10993557311779, -20.271831031744775, 10.121069018599517] joint_vel=[-11.429694541388143, 1.5215803420168308, 41.829942532404274, 21.98711462355798, -54.36620634895524, 24.213803719903503] imu_ang_vel=[0.0, 7.105427357601002e-17, 0.0] imu_quat_wxyz=[1.0, 0.0, 4.496403249731884e-19, 0.0] status=0x0003
joint_pos=[10.114852822704718, -20.970383945926297, 10.56716554750036, 10.267286077871976, -21.22538253425683, 10.535504031223171] joint_vel=[10.102210410510903, -58.74030631535866, 22.861042099379553, 7.345384920047651, -53.48272252059416, 22.907572561765043] imu_ang_vel=[0.0, -0.3608535132445228, 0.0] imu_quat_wxyz=[0.9999962548342137, 0.0, -0.002736844450493136, 0.0] status=0x0003
joint_pos=[10.321127873093507, -22.378240052216096, 11.129943730876988, 10.43325456917575, -22.55833424343231, 11.0994645610335] joint_vel=[10.561731449915053, -77.50419636288763, 31.115770870723008, 8.503023918864736, -73.6110110988468, 31.267566349996507] imu_ang_vel=[0.0, -0.5466087396007894, 0.0] imu_quat_wxyz=[0.999971785541141, 0.0, -0.007511865391653083, 0.0] status=0x0003
joint_pos=[10.529316663463247, -24.133218579040523, 11.84558309164294, 10.609168172405086, -24.253822285820963, 11.815356286481475] joint_vel=[10.177809867253327, -93.4489293897066, 38.39175756409813, 8.964326620591342, -91.39400868338532, 38.446301682397944] imu_ang_vel=[0.0, -0.7223610825510225, 0.0] imu_quat_wxyz=[0.9999008467174089, 0.0, -0.014081787308747621, 0.0] status=0x0003
joint_pos=[10.72533427121045, -26.188950207200097, 12.6894044240475, 10.786222856593888, -26.27940995920777, 12.661436053009355] joint_vel=[9.557717010041557, -108.31960759989647, 44.413774685780126, 8.690791995176355, -106.8971333677178, 44.52509991957862] imu_ang_vel=[0.0, -0.8930692736557152, 0.0] imu_quat_wxyz=[0.9997496508672158, 0.0, -0.02237488750541906, 0.0] status=0x0003
joint_pos=[10.919954076538172, -28.548047179231254, 13.650070238883558, 10.934850174308743, -28.562613714042758, 13.653835069191448] joint_vel=[8.491063729913531, -122.11414080478797, 49.28153351909987, 8.345166707736702, -121.61528433295972, 49.21156415210248] imu_ang_vel=[0.0, -1.0619142983284842, 0.0] imu_quat_wxyz=[0.9994784644173151, 0.0, -0.03229240105668489, 0.0] status=0x0003
joint_pos=[11.078138119597687, -31.153460167368745, 14.699518783846983, 11.086870426363566, -31.152959847226207, 14.701638569919595] joint_vel=[7.400964186083128, -134.77968949709248, 54.3617131989405, 7.285130417831566, -134.52861999969966, 54.23187227868852] imu_ang_vel=[0.0, -1.2244102895592373, 0.0] imu_quat_wxyz=[0.9990351336232369, 0.0, -0.04391812594363616, 0.0] status=0x0003
joint_pos=[11.209942985424375, -34.00033207936381, 15.842769426252092, 11.219469950424815, -34.00254619891277, 15.841462258213639] joint_vel=[6.136535950122957, -146.97032845553957, 58.7443447343242, 6.178118888857398, -147.10055713418893, 58.57609517829181] imu_ang_vel=[0.0, -1.3869603404913409, 0.0] imu_quat_wxyz=[0.9983650766127514, 0.0, -0.05715919698539315, 0.0] status=0x0003
joint_pos=[11.317728027237797, -37.09336560942337, 17.065951659231942, 11.326199452752986, -37.092827346692886, 17.063139555202092] joint_vel=[4.94103520775305, -159.2289166074632, 62.53272693582928, 4.8152081730451615, -158.91080876508823, 62.54106881644587] imu_ang_vel=[0.0, -1.5506885809936284, 0.0] imu_quat_wxyz=[0.9974032093619054, 0.0, -0.07201970532132926, 0.0] status=0x0003
joint_pos=[11.385316395181386, -40.39211808620532, 18.40374390287111, 11.420876748576754, -40.429269853224575, 18.363233744205726] joint_vel=[4.137416009745189, -171.8588561536788, 65.61987786040157, 3.5478094374274205, -170.61858324522692, 65.86495323202473] imu_ang_vel=[0.0, -1.68760992007499, 0.0] imu_quat_wxyz=[0.9960818410756321, 0.0, -0.08843622492722762, 0.0] status=0x0003
joint_pos=[11.44669820487009, -43.960955351080806, 19.758328195578077, 11.47499959291653, -43.98416483892816, 19.723582374836617] joint_vel=[2.506040526495022, -182.62005258341108, 69.03174809226557, 2.1468348195608646, -182.00921616597665, 69.29529962920961] imu_ang_vel=[0.0, -1.882367675054753, 0.0] imu_quat_wxyz=[0.994307323302559, 0.0, -0.10655020800965354, 0.0] status=0x0003
joint_pos=[11.496065733249411, -47.76282023949944, 21.1743075460134, 11.493835190257522, -47.742386706459605, 21.18732806649275] joint_vel=[1.3397393181146935, -193.95123556957435, 71.55563507231419, 1.2458812227916871, -193.56094174634416, 71.64557642464707] imu_ang_vel=[0.0, -2.051719296159936, 0.0] imu_quat_wxyz=[0.9920018627106459, 0.0, -0.12622323232515015, 0.0] status=0x0003
joint_pos=[11.499581771770602, -51.765623972488434, 22.701434354130473, 11.502031147699467, -51.7255639347889, 22.61661425829344] joint_vel=[-1.5629656057993482, -199.80738412350476, 85.2573764227339, 0.4144623869240256, -202.2494863217156, 83.50738695994815] imu_ang_vel=[0.0, -2.232042341593602, 0.0] imu_quat_wxyz=[0.9890405884019545, 0.0, -0.1476438772638934, 0.0] status=0x0003
joint_pos=[11.491866007385772, -56.001569684145856, 24.161372676926838, 11.499456712281312, -55.979684429687815, 24.13608009825472] joint_vel=[-0.36000089222882575, -216.33588129388113, 76.1222618812278, -0.29550457887811743, -216.30094188806854, 76.32656573142788] imu_ang_vel=[0.0, -2.398380973298378, 0.0] imu_quat_wxyz=[0.9853396937682621, 0.0, -0.17060389176295876, 0.0] status=0x0003
joint_pos=[11.470621992326242, -60.44682707877526, 25.71561757239894, 11.477546510626011, -60.41259760278319, 25.65203647527998] joint_vel=[-0.8118235047814514, -229.35128840289397, 79.04960924945475, -1.3529674114488484, -224.3668979320956, 60.74044852112217] imu_ang_vel=[0.0, -2.580408565086648, 0.0] imu_quat_wxyz=[0.9807737020517365, 0.0, -0.19514852129527305, 0.0] status=0x0003
joint_pos=[11.422873524867258, -65.08344049202523, 27.281816494854073, 11.454872454828354, -65.09700568400876, 27.25684023184351] joint_vel=[-2.9049517940934457, -236.3734309047195, 85.0898205902491, -0.9620993358834714, -238.19544195791067, 78.34778276164813] imu_ang_vel=[0.0, -2.7690607806515333, 0.0] imu_quat_wxyz=[0.9751778568160453, 0.0, -0.22142300597648978, 0.0] status=0x0003
joint_pos=[11.379550872094836, -69.96890113664809, 28.906986517238504, 11.40611973330903, -69.958834779654, 28.832883959428525] joint_vel=[-2.0525630218235884, -250.2553999773139, 78.43156621896162, -2.4462761545947282, -247.71162968664473, 68.8775187414075] imu_ang_vel=[0.0, -2.9033309131725393, 0.0] imu_quat_wxyz=[0.9684275161632966, 0.0, -0.24929529866764036, 0.0] status=0x0003
joint_pos=[11.343537216695612, -75.07576445078546, 30.411797001642956, 11.324785749334492, -74.96764797132846, 30.343711970181616] joint_vel=[1.6457090371621956, -263.58642072719766, 79.30504453070921, -9.267911201515794, -238.58484994501052, 68.27950608655611] imu_ang_vel=[0.0, -3.1576792538848757, 0.0] imu_quat_wxyz=[0.9602716574618854, 0.0, -0.27906691648313237, 0.0] status=0x0003
joint_pos=[11.246140147085276, -80.34695722110098, 31.92656849840191, 11.269608651938249, -80.30375427832082, 31.866672164452442] joint_vel=[-5.08365987575304, -267.98456063432235, 80.89362455880432, -3.1456531737238174, -269.6831135908908, 74.76003054261393] imu_ang_vel=[0.0, -3.4040476540224383, 0.0] imu_quat_wxyz=[0.9505454095685436, 0.0, -0.31058561516620464, 0.0] status=0x0003
joint_pos=[11.142093559701017, -85.84073395781819, 33.43411666227572, 11.191322710465304, -85.81416975014182, 33.31462337826075] joint_vel=[-4.703305762086637, -279.66214386306746, 70.79289211947454, -4.748079286511785, -278.96399470776817, 70.91159037963776] imu_ang_vel=[0.0, -3.6192003675130837, 0.0] imu_quat_wxyz=[0.9389473307716143, 0.0, -0.34406091035870473, 0.0] status=0x0003
joint_pos=[11.052402073998023, -91.53917501899534, 34.75070748049293, 11.061555704935047, -91.42243900760627, 34.636709355794544] joint_vel=[-6.36657533259683, -288.5122726326562, 65.60809896164146, -4.972135488128473, -290.597973278084, 65.91862018942656] imu_ang_vel=[0.0, -3.8619040792220956, 0.0] imu_quat_wxyz=[0.9252179256179514, 0.0, -0.3794361476127638, 0.0] status=0x0003
joint_pos=[10.89356469581279, -97.33421948843085, 35.94209938720094, 10.962391233570234, -97.33533678380324, 35.86235544547694] joint_vel=[-6.49281321191827, -298.75352717783335, 58.28685781547063, -6.7177300574761105, -298.1120718572148, 57.81531255982259] imu_ang_vel=[0.0, -4.229734447765381, 0.0] imu_quat_wxyz=[0.9089112358276688, 0.0, -0.41698964661753873, 0.0] status=0x0003
joint_pos=[10.756877162756929, -103.41407698175293, 36.97911019422296, 10.8226515284329, -103.40282933022574, 36.896604498961594] joint_vel=[-7.023642513004991, -307.00032387055745, 48.07814464796047, -7.092785301000712, -306.49502808111737, 47.71841621052719] imu_ang_vel=[0.0, -4.550377406124263, 0.0] imu_quat_wxyz=[0.889571011231553, 0.0, -0.45679690889548735, 0.0] status=0x0003
joint_pos=[10.618852635323668, -109.65614598087296, 37.78036253407474, 10.667185493215557, -109.61154436291814, 37.683256350422624] joint_vel=[-5.77508820560063, -314.7359908766252, 33.99631244048428, -9.313245290365476, -312.1982371807924, 44.5925664080977] imu_ang_vel=[0.0, -4.915959212374894, 0.0] imu_quat_wxyz=[0.866748309932124, 0.0, -0.49874579419761195, 0.0] status=0x0003
joint_pos=[10.469103945559157, -116.02188351527617, 38.2860041737033, 10.510262883919358, -115.98518046881995, 38.255819858642184] joint_vel=[-7.141701357606122, -318.9625400645585, 30.989120918309798, -9.164330963275527, -317.29867708257876, 34.559286200086625] imu_ang_vel=[0.0, -5.329833590682317, 0.0] imu_quat_wxyz=[0.8398256629032566, 0.0, -0.5428562018887743, 0.0] status=0x0003
joint_pos=[9.963190991047435, -121.76408361958688, 38.11505055434078, 10.012623508223454, -121.71894318839887, 38.00856659198754] joint_vel=[-78.1117384985464, -168.50708255530748, -61.234312032064096, -77.01349060817395, -169.0285177830595, -63.09262752056329] imu_ang_vel=[0.0, -5.799199979828454, 0.0] imu_quat_wxyz=[0.8080870837917592, 0.0, -0.5890630399277571, 0.0] status=0x0003
joint_pos=[7.153673747665033, -121.94795810323332, 35.689091190132054, 7.198837036627145, -121.90678996451071, 35.590963891378706] joint_vel=[-152.10673515915033, 33.881376298447435, -137.25599541934773, -152.40941718730605, 33.808652301394424, -136.7282558093733] imu_ang_vel=[0.0, -4.602224289472116, 0.0] imu_quat_wxyz=[0.7779170811498579, 0.0, -0.6283669428409528, 0.0] status=0x0003
joint_pos=[4.3344921808791055, -121.1178813691945, 32.84001705600922, 4.37355406220955, -121.08379580113126, 32.77120068384496] joint_vel=[-131.51334109603846, 38.69148027861938, -140.87159428664773, -131.91795497415075, 38.95145748422181, -142.86930874462118] imu_ang_vel=[0.0, -4.153871240527871, 0.0] imu_quat_wxyz=[0.750232216122673, 0.0, -0.6611744262232644, 0.0] status=0x0003
joint_pos=[2.019455553000139, -120.49489732675025, 30.057440491703975, 2.0770696004407063, -120.50625854681523, 30.019189517341662] joint_vel=[-111.36082759221922, 31.84166996808726, -131.97264645528588, -100.75986568382987, 22.06944199144286, -144.78982969670335] imu_ang_vel=[0.0, -3.92857415763046, 0.0] imu_quat_wxyz=[0.7232145315432202, 0.0, -0.6906234439727054, 0.0] status=0x0003
joint_pos=[0.15635166685931465, -120.17676699526064, 27.21528718177139, 0.1969171422822775, -120.17586296660187, 27.153779370011588] joint_vel=[-86.08870296072467, 11.524305649753043, -142.62643391821865, -86.79309511549044, 12.652217811655417, -146.46023709563582] imu_ang_vel=[0.0, -3.8051373721537103, 0.0] imu_quat_wxyz=[0.6961965153525617, 0.0, -0.7178512464368578, 0.0] status=0x0003
joint_pos=[-1.3670119206537739, -120.02305569103444, 24.283240148342255, -1.3648479315977653, -120.01414242771466, 24.30564811807294] joint_vel=[-72.05243242132953, 6.11975814988788, -148.6549536799192, -72.15740374382577, 5.735462804823659, -148.39110871493872] imu_ang_vel=[0.0, -3.7492585815000634, 0.0] imu_quat_wxyz=[0.6687177711617691, 0.0, -0.7435163364260639, 0.0] status=0x0003
joint_pos=[-2.6620443482691596, -119.94606623768546, 21.205816627306003, -2.662208159525165, -119.93228030154839, 21.203529713938902] joint_vel=[-60.71542429807845, 2.9396764614908775, -156.33433190479542, -60.95721723341403, 3.1266884985519297, -158.28438449844265] imu_ang_vel=[0.0, -3.7342072205772894, 0.0] imu_quat_wxyz=[0.6404806211763999, 0.0, -0.7679743315355617, 0.0] status=0x0003
joint_pos=[-3.774602151759406, -119.90184323969737, 18.042655526237795, -3.742901894347506, -119.89099201663156, 17.92336295065148] joint_vel=[-51.2209544146552, 1.4451458571525726, -167.0230764159138, -51.76103655699613, 1.8695290027121219, -167.1273564102158] imu_ang_vel=[0.0, -3.7650774983263036, 0.0] imu_quat_wxyz=[0.6112933617114521, 0.0, -0.7914040851091886, 0.0] status=0x0003
joint_pos=[-4.681083941829254, -119.86822336191415, 14.521660274434776, -4.6825438842317775, -119.8729205877981, 14.57978148331774] joint_vel=[-43.349055113680926, 1.6882795348517121, -179.3927089404752, -42.86480201695982, 0.38365983228251677, -175.18434018780206] imu_ang_vel=[0.0, -3.825565394168012, 0.0] imu_quat_wxyz=[0.5808654964191367, 0.0, -0.8139995547110268, 0.0] status=0x0003
joint_pos=[-5.444927674870606, -119.84706969532563, 10.80399617805547, -5.442120534255432, -119.85882357393402, 10.887143572278635] joint_vel=[-35.27607880030567, 0.8592165541596543, -189.7895315246817, -35.070597117131584, 0.7069134284284969, -189.57162361917463] imu_ang_vel=[0.0, -3.9076758382987995, 0.0] imu_quat_wxyz=[0.5489076679310085, 0.0, -0.8358829894707402, 0.0] status=0x0003
joint_pos=[-6.084289923428258, -119.80423417967803, 6.965971993554143, -6.025710891974605, -119.84538975907262, 6.955111610045095] joint_vel=[-27.51040895070936, 1.2742146664269305, -202.61800235559667, -28.379417759848412, 1.0760998652189595, -198.00392778546168] imu_ang_vel=[0.0, -3.982547701019327, 0.0] imu_quat_wxyz=[0.5153183464339176, 0.0, -0.8569988342049322, 0.0] status=0x0003
joint_pos=[-6.51688842262924, -119.79801138903143, 2.897112524274174, -6.518113554928288, -119.80376083231828, 2.9679834214809313] joint_vel=[-20.163442465815788, 0.08108550696309245, -203.68131319635978, -20.34565721729345, 0.7604610161598665, -206.15198049754173] imu_ang_vel=[0.0, -4.182344565904635, 0.0] imu_quat_wxyz=[0.4796795324979722, 0.0, -0.8774437566605205, 0.0] status=0x0003
joint_pos=[-6.825983138530523, -119.79995519053494, -1.2074207936797203, -6.829354123443079, -119.79882291131973, -1.1567552674020187] joint_vel=[-12.753122810375896, 0.02647994053513596, -205.80882984681327, -12.695725385006302, 0.10501700820465483, -206.37535745526577] imu_ang_vel=[0.0, -4.370864657559144, 0.0] imu_quat_wxyz=[0.4415481057235886, 0.0, -0.8972375774185511, 0.0] status=0x0003
joint_pos=[-7.986126280501423, -119.32605716006277, -4.741897529426704, -7.98803476671653, -119.32464251636783, -4.697619825156212] joint_vel=[-76.35905474205103, 30.319413085915137, -152.0848920295894, -76.2896629322856, 30.333596567791297, -152.37208431364277] imu_ang_vel=[0.0, -1.8716046050437758, 0.0] imu_quat_wxyz=[0.41289761988210183, 0.0, -0.9107774456450354, 0.0] status=0x0003
joint_pos=[-9.625861094975473, -118.70140915516855, -7.152331643205252, -9.626469057509674, -118.6997525704533, -7.112881963806302] joint_vel=[-85.43660300228395, 31.700578621054657, -103.54435604897887, -85.37397068918668, 31.71135402072468, -103.76107807689574] imu_ang_vel=[0.0, -1.6655809484668505, 0.0] imu_quat_wxyz=[0.3965234388669821, 0.0, -0.918024597943379, 0.0] status=0x0003
joint_pos=[-11.453357655181666, -118.04980662398026, -8.765922134038018, -11.452779940324195, -118.04798222085181, -8.730140889332393] joint_vel=[-94.86606053643514, 33.0744151403283, -68.38660138772036, -94.80862035237104, 33.08133379124027, -68.55207063764423] imu_ang_vel=[0.0, -1.3407150534848464, 0.0] imu_quat_wxyz=[0.38306270700012884, 0.0, -0.9237223405903602, 0.0] status=0x0003
joint_pos=[-13.466293777719072, -117.36751956850368, -9.802621444891802, -13.464619071958131, -117.36560863288207, -9.769664986120295] joint_vel=[-104.00497810049525, 34.73998549402581, -42.93979613017927, -103.9515609643759, 34.74272872358607, -43.06797049187005] imu_ang_vel=[0.0, -1.0188102633293397, 0.0] imu_quat_wxyz=[0.37251198940263097, 0.0, -0.9280273798500205, 0.0] status=0x0003
joint_pos=[-15.153752824889748, -116.7350640745671, -9.600287912439391, -15.1542740777848, -116.73028092740728, -9.571283741598094] joint_vel=[-76.63204377294761, 28.59352619118832, 31.333070790978677, -76.75427884249457, 28.708248761581366, 31.149654041672004] imu_ang_vel=[0.0, -0.9682318406473535, 0.0] imu_quat_wxyz=[0.3637122970455861, 0.0, -0.9315113337892478, 0.0] status=0x0003
joint_pos=[-16.655867668206728, -116.23924756309174, -8.713296287025155, -16.65973021169499, -116.23162221468584, -8.685216112876986] joint_vel=[-74.31016935010669, 22.712701328814806, 51.36594879313394, -74.5249706427542, 22.844630319735074, 51.529959626314714] imu_ang_vel=[0.0, -0.8706418669083438, 0.0] imu_quat_wxyz=[0.35526638989458637, 0.0, -0.9347651000177893, 0.0] status=0x0003
joint_pos=[-18.11668305274048, -115.83776747137054, -7.485475220117275, -18.129808928049265, -115.82780374153432, -7.44817047657066] joint_vel=[-72.33748423912755, 18.73138131748327, 67.10264528598677, -73.00205086400175, 18.876304735862863, 67.5916102246132] imu_ang_vel=[0.0, -0.792258337801145, 0.0] imu_quat_wxyz=[0.34756977061258787, 0.0, -0.9376541230946052, 0.0] status=0x0003
joint_pos=[-19.55003029136746, -115.49773663922001, -5.9930423694348685, -19.579106711178344, -115.48833501814858, -5.9360528208830825] joint_vel=[-71.3864330839968, 16.132111592176646, 78.68817306245312, -72.231606653238, 15.952493261988725, 80.05584577345199] imu_ang_vel=[0.0, -0.7351346160386274, 0.0] imu_quat_wxyz=[0.3404822099291528, 0.0, -0.9402509583732209, 0.0] status=0x0003
joint_pos=[-20.70450360622729, -115.27538460335855, -4.866534882067579, -20.735527816182685, -115.27159549311828, -4.792428739386388] joint_vel=[-40.935394927722726, 5.925156159564149, 24.208052036605732, -40.29743942230789, 5.5920859192952665, 24.33077843020098] imu_ang_vel=[0.0, -0.7846387460478453, 0.0] imu_quat_wxyz=[0.3336027951236758, 0.0, -0.9427137291276025, 0.0] status=0x0003
joint_pos=[-21.282036604345713, -115.00634076270852, -4.806675389073509, -21.30184195116106, -115.00854764920429, -4.729433156536468] joint_vel=[-27.906965007007738, 15.380448631925738, -7.268858027597098, -27.38660299597194, 15.096984708147728, -7.102208246596343] imu_ang_vel=[0.0, -0.482127937685565, 0.0] imu_quat_wxyz=[0.3280773424552522, 0.0, -0.9446508653293549, 0.0] status=0x0003
joint_pos=[-21.80111642464823, -114.65110503216758, -5.238696174255639, -21.81186828390836, -114.65847204251595, -5.157699692653094] joint_vel=[-24.661754616059838, 18.953647993063342, -29.553908299167148, -24.26913534822492, 18.708190383171523, -29.33628516762539] imu_ang_vel=[0.0, -0.3516689216378507, 0.0] imu_quat_wxyz=[0.3243004470407377, 0.0, -0.9459541321064028, 0.0] status=0x0003
joint_pos=[-22.24137674870032, -114.24300233489481, -6.057993155676643, -22.24516846371168, -114.25488937834035, -5.972671524265818] joint_vel=[-20.416347707366192, 21.15206211594905, -47.246387013126565, -20.075541655496718, 20.940458068234413, -47.04556680358428] imu_ang_vel=[0.0, -0.22704464984370332, 0.0] imu_quat_wxyz=[0.32171065411581756, 0.0, -0.9468380299863186, 0.0] status=0x0003
sim t=    1.02s  x=-0.205m z= 0.109m pitch=-142.87deg action=[0.0, 0.0, 0.0, 0.0, 0.0, 0.0]
joint_pos=[-22.637805972294455, -114.00418128392188, -6.196002651570212, -22.620531101717415, -113.98620613875376, -6.248879202451106] joint_vel=[-23.960667075368036, 10.702037503517134, 6.350648827951423, -20.305212463563947, 12.672364775833634, -10.2816413803664] imu_ang_vel=[0.0, -0.30470760380138584, 0.0] imu_quat_wxyz=[0.3191547003746987, 0.0, -0.9477026312239174, 0.0] status=0x0003
joint_pos=[-23.002561885832158, -113.77750816813808, -6.380890592266651, -22.992884891182555, -113.75376928044706, -6.436978174215812] joint_vel=[-18.010292661123326, 11.423745328575169, -9.556639229954197, -18.128550280757, 11.366822886872534, -9.17665530497532] imu_ang_vel=[0.0, -0.2803557189287974, 0.0] imu_quat_wxyz=[0.3163835789221621, 0.0, -0.9486313461974594, 0.0] status=0x0003
joint_pos=[-23.357725868504428, -113.55825013203899, -6.561165004874797, -23.351049458710225, -113.53426625642058, -6.608296921815249] joint_vel=[-17.446776138875492, 10.647106057790257, -9.113965031544591, -17.657991393735927, 10.683009002971179, -8.472073167290509] imu_ang_vel=[0.0, -0.27059625125321635, 0.0] imu_quat_wxyz=[0.31378857317410197, 0.0, -0.9494928811451728, 0.0] status=0x0003
joint_pos=[-23.697004004975227, -113.34692926376297, -6.743914327231722, -23.692151574970563, -113.32409986653049, -6.7855450134045645] joint_vel=[-16.835655755760392, 10.538458972932709, -8.916498617229585, -16.89200690339353, 10.477050134689526, -8.774442458867446] imu_ang_vel=[0.0, -0.2598775164654533, 0.0] imu_quat_wxyz=[0.31128767788554174, 0.0, -0.9503157273225711, 0.0] status=0x0003
joint_pos=[-24.034807740008702, -113.13458743266797, -6.918030532636477, -24.040475956805803, -113.11640137562011, -6.91747001370064] joint_vel=[-16.724428057687092, 10.515957122872157, -8.48286165361545, -16.780371100023206, 10.54575381248908, -8.517163942080046] imu_ang_vel=[0.0, -0.2554701748957898, 0.0] imu_quat_wxyz=[0.3088164023077686, 0.0, -0.951121669223074, 0.0] status=0x0003
joint_pos=[-24.370853726883325, -112.92806684660353, -7.085165913293239, -24.374988002899464, -112.9108672986599, -7.091709343842357] joint_vel=[-16.599091409514646, 10.198988156245207, -8.776805012051547, -16.576117654211107, 10.260027246371072, -8.909778520922206] imu_ang_vel=[0.0, -0.2560872443366864, 0.0] imu_quat_wxyz=[0.3063782299069662, 0.0, -0.9519098593034291, 0.0] status=0x0003
joint_pos=[-24.703730006138255, -112.72140819787876, -7.261174263015955, -24.708890387596636, -112.70227754527372, -7.264221479979773] joint_vel=[-16.755121448469374, 10.410071924464312, -8.737568823033588, -16.868024997216175, 10.438832235218907, -8.28991569790618] imu_ang_vel=[0.0, -0.2576089877836187, 0.0] imu_quat_wxyz=[0.3039404643897469, 0.0, -0.9526910276194193, 0.0] status=0x0003
joint_pos=[-25.054443128025376, -112.51229436273847, -7.396554109239011, -25.05098263425811, -112.4878575618938, -7.4393000255172685] joint_vel=[-17.11875062975482, 10.772680603897957, -8.801790913831464, -17.077931961323923, 10.757044259956144, -8.754239646233081] imu_ang_vel=[0.0, -0.25989450166201583, 0.0] imu_quat_wxyz=[0.3014391788163954, 0.0, -0.9534854070590159, 0.0] status=0x0003
joint_pos=[-25.400618787763456, -112.29875959088099, -7.580593224787639, -25.399773154877554, -112.27338678991642, -7.613172586752962] joint_vel=[-17.349697321118775, 10.765034206978715, -9.410917827643416, -17.411205556085964, 10.687513299224126, -9.18287847451355] imu_ang_vel=[0.0, -0.2679895011294512, 0.0] imu_quat_wxyz=[0.298908601265121, 0.0, -0.9542817446067638, 0.0] status=0x0003
joint_pos=[-25.755098171218165, -112.07726755190947, -7.764012975070474, -25.753603618436735, -112.05390126988304, -7.800220399911904] joint_vel=[-18.039689238794615, 11.16715669736343, -8.881977711620769, -17.948785742773612, 11.151402974092399, -9.34570274686452] imu_ang_vel=[0.0, -0.27503813707976854, 0.0] imu_quat_wxyz=[0.2963155869840954, 0.0, -0.9550900862799651, 0.0] status=0x0003
joint_pos=[-26.124522340904434, -111.84564258606495, -7.954236323248403, -26.13269430463442, -111.8269568733542, -7.950007394195284] joint_vel=[-18.555100623851818, 11.687594294363755, -9.594234366727045, -18.60721217696731, 11.688977634792044, -9.666575509296976] imu_ang_vel=[0.0, -0.28263013236512086, 0.0] imu_quat_wxyz=[0.29361061619922474, 0.0, -0.955925104835683, 0.0] status=0x0003
joint_pos=[-26.506805756762294, -111.61057921404598, -8.14596084397521, -26.512620498521986, -111.59262027990614, -8.151839605768489] joint_vel=[-19.245693009835424, 11.750019274507107, -9.981152420325682, -19.15828312324422, 11.881136812724142, -10.366224116962636] imu_ang_vel=[0.0, -0.29582354883554185, 0.0] imu_quat_wxyz=[0.29082741663384143, 0.0, -0.9567755294394219, 0.0] status=0x0003
joint_pos=[-26.8991717388507, -111.36678172961813, -8.353998502885835, -26.905809054246483, -111.34691937317174, -8.355869805147963] joint_vel=[-19.98614132318545, 12.456416897274677, -10.397160869311088, -20.052351733466708, 12.432969849578289, -10.014090195363247] imu_ang_vel=[0.0, -0.30695642702553005, 0.0] imu_quat_wxyz=[0.2879340233901792, 0.0, -0.9576502483549741, 0.0] status=0x0003
joint_pos=[-27.31222243888038, -111.11201161187316, -8.55858694620095, -27.317980084053524, -111.09271103650873, -8.564044634217847] joint_vel=[-20.983639097504447, 12.909426108713621, -10.356584017974143, -20.89985239481501, 12.885218109183857, -10.74053962583132] imu_ang_vel=[0.0, -0.32224790576842355, 0.0] imu_quat_wxyz=[0.28489879402120355, 0.0, -0.9585576024242173, 0.0] status=0x0003
joint_pos=[-27.740927943276272, -110.84733539680246, -8.77720010027315, -27.74445164731608, -110.82769311298489, -8.792392475112653] joint_vel=[-21.70648780379036, 13.416881474977574, -11.296390519779028, -21.652065256521528, 13.52171768080358, -11.660000562382903] imu_ang_vel=[0.0, -0.3348781378647042, 0.0] imu_quat_wxyz=[0.281732081376648, 0.0, -0.9594931132234258, 0.0] status=0x0003
joint_pos=[-28.200721444814818, -110.57258346183339, -8.969313605120579, -28.19475821390114, -110.5476795310074, -9.02694599601836] joint_vel=[-25.49485672985306, 13.567558064431836, -2.9691281331327275, -23.4801300874629, 14.547979956314377, -11.933203394501284] imu_ang_vel=[0.0, -0.3502516796263487, 0.0] imu_quat_wxyz=[0.2784281285059933, 0.0, -0.96045706684716, 0.0] status=0x0003
joint_pos=[-28.66966709340486, -110.27871790390176, -9.217862450653293, -28.66562915570637, -110.25319029959745, -9.268394456716106] joint_vel=[-24.04705338965476, 14.894939217285705, -12.306057721953593, -24.080610249505686, 14.957681638456803, -12.060522393168624] imu_ang_vel=[0.0, -0.366517384037855, 0.0] imu_quat_wxyz=[0.2749410121615427, 0.0, -0.9614610963692636, 0.0] status=0x0003
joint_pos=[-29.159875179815263, -109.97474211993777, -9.482827074924305, -29.15879778270757, -109.95013748703774, -9.520456404002376] joint_vel=[-24.799995868124974, 15.53991670603114, -13.538364844471156, -24.840233703988815, 15.365157100726222, -13.255466880658505] imu_ang_vel=[0.0, -0.38608989153988577, 0.0] imu_quat_wxyz=[0.27128915011861704, 0.0, -0.9624978945576549, 0.0] status=0x0003
joint_pos=[-29.675804925336543, -109.65039024053003, -9.757691735393912, -29.684454908186787, -109.63190604439082, -9.751447991602575] joint_vel=[-26.135032034147354, 16.467696228274676, -13.90826125242572, -26.07289994045463, 16.495834288259246, -14.177453256701739] imu_ang_vel=[0.0, -0.4043398244325853, 0.0] imu_quat_wxyz=[0.2674410452707573, 0.0, -0.9635742251142279, 0.0] status=0x0003
joint_pos=[-30.218077379899828, -109.31296966224421, -10.037852711863989, -30.22526285150964, -109.29592289500762, -10.038636189998225] joint_vel=[-27.629945858421483, 17.030049169967224, -14.12123574283724, -27.39208069260727, 16.965144763846126, -14.983567010583084] imu_ang_vel=[0.0, -0.4267754651546869, 0.0] imu_quat_wxyz=[0.2634158510329957, 0.0, -0.9646823774821237, 0.0] status=0x0003
joint_pos=[-30.780618128505417, -108.96293788003253, -10.341187873395018, -30.787468977893063, -108.94312872455693, -10.344253648666692] joint_vel=[-28.573039968272347, 17.921668911883778, -15.572600853683458, -28.630268299127668, 17.994878047920828, -15.280987212252594] imu_ang_vel=[0.0, -0.44672149778118114, 0.0] imu_quat_wxyz=[0.2591752308910781, 0.0, -0.9658303162008098, 0.0] status=0x0003
joint_pos=[-31.374883835869174, -108.59221264939183, -10.652578445657953, -31.38176731211373, -108.57285756010276, -10.654132185465693] joint_vel=[-30.401711096879716, 18.859995035270128, -15.577991202447159, -30.354433508292374, 18.88381388146549, -15.834836494858259] imu_ang_vel=[0.0, -0.4723268665475214, 0.0] imu_quat_wxyz=[0.25470565689693075, 0.0, -0.967018628747504, 0.0] status=0x0003
joint_pos=[-32.00246939887693, -108.20232451894728, -10.976920906009186, -32.0080395770602, -108.18279870879775, -10.985098856544877] joint_vel=[-31.950047947094905, 19.890195913694892, -16.676995319350585, -31.869872358256366, 19.854856272618665, -16.974074369989854] imu_ang_vel=[0.0, -0.496054201626588, 0.0] imu_quat_wxyz=[0.24999094879328487, 0.0, -0.9682481735182531, 0.0] status=0x0003
joint_pos=[-32.657195641003156, -107.79267757043888, -11.328489138091404, -32.66203010196788, -107.7721188120033, -11.341086099749893] joint_vel=[-33.24997454934228, 20.894649743049293, -18.12942544634407, -33.26883167974633, 20.926039293551145, -18.07955221481882] imu_ang_vel=[0.0, -0.5195875565418637, 0.0] imu_quat_wxyz=[0.24504459565880976, 0.0, -0.9695118081480031, 0.0] status=0x0003
joint_pos=[-33.34436279841018, -107.36157267305241, -11.699576413206518, -33.350302770682525, -107.34132560994689, -11.707097316203313] joint_vel=[-35.0546739437328, 21.953853081716264, -18.72152879420202, -35.09777035849259, 21.900282084277382, -18.467098379272894] imu_ang_vel=[0.0, -0.5490328469217594, 0.0] imu_quat_wxyz=[0.23982892206968232, 0.0, -0.9708151668257425, 0.0] status=0x0003
joint_pos=[-34.067610006093375, -106.9099929339618, -12.082342334775465, -34.072818864775854, -106.89005273085118, -12.092785471558283] joint_vel=[-36.78495348794244, 22.965197453053385, -19.572074724808317, -36.72498816331529, 22.988663025308696, -19.878792217906245] imu_ang_vel=[0.0, -0.5793078467772889, 0.0] imu_quat_wxyz=[0.2343104551894153, 0.0, -0.9721618232521421, 0.0] status=0x0003
joint_pos=[-34.823484901916125, -106.43573502214922, -12.494689876275899, -34.82794920604182, -106.41442331682698, -12.510488682067432] joint_vel=[-38.42544819943194, 24.194361418611855, -21.259665678947385, -38.415227872038, 24.268883719576518, -21.418977526911018] imu_ang_vel=[0.0, -0.608694092189386, 0.0] imu_quat_wxyz=[0.22849634587374684, 0.0, -0.9735447703738873, 0.0] status=0x0003
joint_pos=[-35.61689090088032, -105.93457601437406, -12.936560013915244, -35.62227508536971, -105.91321219821691, -12.948872557542257] joint_vel=[-40.488152874558565, 25.56506049778085, -22.44918498526476, -40.55646544793508, 25.53855437512679, -22.15059204119323] imu_ang_vel=[0.0, -0.641276792363321, 0.0] imu_quat_wxyz=[0.2223715594947037, 0.0, -0.9749619938889379, 0.0] status=0x0003
joint_pos=[-36.45676152465796, -105.4067806970448, -13.393172599882107, -36.46223665980681, -105.38679842796502, -13.40344292077153] joint_vel=[-42.889129220465215, 26.86229697631126, -23.09241363958398, -42.840544613685175, 26.80949377766958, -23.233261585418322] imu_ang_vel=[0.0, -0.678397989751643, 0.0] imu_quat_wxyz=[0.21589041199398384, 0.0, -0.9764176002147175, 0.0] status=0x0003
joint_pos=[-37.34091779540246, -104.85262971217752, -13.874477616701522, -37.345378696209494, -104.83132185628594, -13.891324225524343] joint_vel=[-44.942185325564246, 28.248200219173444, -24.775788227346116, -44.91480000795905, 28.384407197171424, -25.115836104308983] imu_ang_vel=[0.0, -0.7146698104950193, 0.0] imu_quat_wxyz=[0.2090361766177897, 0.0, -0.9779079081718361, 0.0] status=0x0003
joint_pos=[-38.265913700704196, -104.26740563669513, -14.39439905889678, -38.27112749331559, -104.2454092346459, -14.409383220148502] joint_vel=[-47.11715296132403, 29.860820788557668, -26.599455502103375, -47.18631829733904, 29.827104311597424, -26.273724408726583] imu_ang_vel=[0.0, -0.7521996541305525, 0.0] imu_quat_wxyz=[0.20181723836165735, 0.0, -0.9794231987757254, 0.0] status=0x0003
joint_pos=[-39.24083908071342, -103.65145802429001, -14.939021331101273, -39.246808044412504, -103.63086294680923, -14.949150329966038] joint_vel=[-49.729359202530304, 31.35081586663649, -27.594558153731494, -49.72210348320402, 31.28763394051684, -27.557790328407457] imu_ang_vel=[0.0, -0.7958367151021756, 0.0] imu_quat_wxyz=[0.19417988914250522, 0.0, -0.9809659375598138, 0.0] status=0x0003
joint_pos=[-40.266102978783145, -103.00514409972848, -15.511020241251623, -40.271155613880886, -102.984216301616, -15.52638541097912] joint_vel=[-52.160505314295555, 32.924355408279176, -29.34663899684819, -52.113604328094674, 32.993064076329716, -29.68805813766754] imu_ang_vel=[0.0, -0.8396770110089653, 0.0] imu_quat_wxyz=[0.18609746359563029, 0.0, -0.9825312890912294, 0.0] status=0x0003
joint_pos=[-41.34014710765336, -102.32415847738821, -16.12599888860523, -41.34511225485269, -102.30162151142561, -16.144620293377795] joint_vel=[-54.66981727079714, 34.7580747050568, -31.584259906938442, -54.69289440612339, 34.78542697270788, -31.537622017160057] imu_ang_vel=[0.0, -0.8846820766898731, 0.0] imu_quat_wxyz=[0.17756678673264814, 0.0, -0.9841087522471499, 0.0] status=0x0003
joint_pos=[-42.4691759495657, -101.60569457497557, -16.780306745280523, -42.47508686980155, -101.5839138892825, -16.79401115581715] joint_vel=[-57.556460767485596, 36.615565141419665, -33.3344487399567, -57.607301876868625, 36.5534621216865, -33.04015795588109] imu_ang_vel=[0.0, -0.9346551235547795, 0.0] imu_quat_wxyz=[0.1685501745929976, 0.0, -0.9856930752747886, 0.0] status=0x0003
joint_pos=[-43.65715044960283, -100.85067413487494, -17.467915428564453, -43.66338010842536, -100.82941356154717, -17.479621472799668] joint_vel=[-60.3765736158771, 38.388660664453646, -35.1055379413813, -60.371511905621325, 38.41931635226601, -35.179344230423375] imu_ang_vel=[0.0, -0.9881665788669184, 0.0] imu_quat_wxyz=[0.1590017843668869, 0.0, -0.9872782954001096, 0.0] status=0x0003
joint_pos=[-44.90260498105629, -100.05524545419576, -18.20509722479888, -44.908814518582425, -100.03345198066765, -18.218282159901836] joint_vel=[-63.52331708665243, 40.60962401246862, -37.738277559256076, -63.52415485447854, 40.62281111678398, -37.78259592958098] imu_ang_vel=[0.0, -1.0421889195009837, 0.0] imu_quat_wxyz=[0.14891032478285848, 0.0, -0.9888507041879798, 0.0] status=0x0003
joint_pos=[-46.15939500647776, -99.24446282459049, -19.006890387312833, -46.16571865826664, -99.22202539081866, -19.021302031724915] joint_vel=[-55.584843960348515, 37.330090546570155, -44.55551881716535, -55.59805199018878, 37.37960809249137, -44.6304735955608] imu_ang_vel=[0.0, -1.1029059067318765, 0.0] imu_quat_wxyz=[0.13822641266843688, 0.0, -0.9904006557150571, 0.0] status=0x0003
joint_pos=[-47.55920563560116, -98.35341471295332, -19.834473021245355, -47.56569120995076, -98.33080753571876, -19.849409822206876] joint_vel=[-71.05686982999066, 45.310842327912574, -42.3520124595944, -71.06329606537102, 45.321730820230655, -42.37627146594215] imu_ang_vel=[0.0, -1.1706059492059067, 0.0] imu_quat_wxyz=[0.12690695713636635, 0.0, -0.9919146254745861, 0.0] status=0x0003
joint_pos=[-49.0244878050024, -97.41958288266987, -20.709908436407957, -49.0311236210043, -97.39668838395087, -20.725498069000388] joint_vel=[-74.62819461605017, 47.52545156746337, -44.61803270509729, -74.63766189823328, 47.54305437221682, -44.65332968437837] imu_ang_vel=[0.0, -1.236640745647275, 0.0] imu_quat_wxyz=[0.11488230141661471, 0.0, -0.9933791103205373, 0.0] status=0x0003
joint_pos=[-50.56404992944509, -96.44034733342798, -21.632941439418815, -50.57094222329608, -96.41712927531705, -21.648968820751143] joint_vel=[-78.40221992470804, 49.85023712801658, -47.15256175499672, -78.4171275159391, 49.86452698658913, -47.16190907795347] imu_ang_vel=[0.0, -1.3083827961247865, 0.0] imu_quat_wxyz=[0.10214638899416428, 0.0, -0.9947693779039707, 0.0] status=0x0003
joint_pos=[-52.180304076933155, -95.41151317129663, -22.616800967324313, -52.18752474856566, -95.38812205233766, -22.632659236706605] joint_vel=[-82.27669382837782, 52.46709927139464, -50.67926953788662, -82.29374271929416, 52.472772502466846, -50.66579672622072] imu_ang_vel=[0.0, -1.3836085361581945, 0.0] imu_quat_wxyz=[0.08865688667008297, 0.0, -0.996062225187748, 0.0] status=0x0003
joint_pos=[-53.87473255969677, -94.32901385768912, -23.671449198222756, -53.88218184677346, -94.30547048173412, -23.687216044476315] joint_vel=[-86.31371512837104, 55.1350450285671, -53.86267556790885, -86.32070870827035, 55.14272963746485, -53.86611826181354] imu_ang_vel=[0.0, -1.46181139377182, 0.0] imu_quat_wxyz=[0.07438813709108352, 0.0, -0.9972293643190208, 0.0] status=0x0003
joint_pos=[-55.65768816211395, -93.19550334527962, -24.77473643268215, -55.6652165453404, -93.17174301708427, -24.790524801399602] joint_vel=[-90.88130587349, 57.55637074503695, -55.79299640620068, -90.88426006973194, 57.56997593762002, -55.791334968826675] imu_ang_vel=[0.0, -1.5523179820574093, 0.0] imu_quat_wxyz=[0.05924935462141537, 0.0, -0.9982432138396663, 0.0] status=0x0003
joint_pos=[-57.535164339818905, -92.01662778146017, -25.90269923122423, -57.542843566845555, -91.99261742984845, -25.91828920231117] joint_vel=[-95.69794727490286, 59.76094972815939, -56.644120542658804, -95.71104122169228, 59.77141994934131, -56.626968325387445] imu_ang_vel=[0.0, -1.6572245275289994, 0.0] imu_quat_wxyz=[0.04310390615406271, 0.0, -0.9990705947400623, 0.0] status=0x0003
joint_pos=[-59.449183479075394, -90.81836087279558, -27.060133864776514, -59.45725375669115, -90.79423350988911, -27.07526688534349] joint_vel=[-102.82957873960734, 62.45003414782039, -56.2325066935788, -102.8428481577427, 62.4590862047048, -56.21616529260095] imu_ang_vel=[0.0, -1.6971505096569257, 0.0] imu_quat_wxyz=[0.026002051330246904, 0.0, -0.9996618895039558, 0.0] status=0x0003
joint_pos=[-60.830592260559726, -89.92253081882863, -28.07880746884675, -60.83666139471594, -89.89955885741074, -28.09366042633458] joint_vel=[-18.940845313391552, 17.883829380125384, -42.43084433347947, -18.697382610607963, 17.740219179620883, -42.42008145548944] imu_ang_vel=[0.0, -1.19687409886891, 0.0] imu_quat_wxyz=[0.00907065279674015, 0.0, -0.9999588607827029, 0.0] status=0x0003
joint_pos=[-60.69799084782926, -89.90395661601544, -28.63282226627076, -60.70082668666608, -89.88286639727767, -28.647416209358497] joint_vel=[11.823776214149563, -4.208392301995278, -19.666365177435704, 11.947342928074445, -4.279377037552716, -19.652494687980237] imu_ang_vel=[0.0, -0.2910810069186937, 0.0] imu_quat_wxyz=[0.004000482355252274, 0.0, -0.999991998038447, 0.0] status=0x0003
joint_pos=[-60.48926941302548, -90.05420590328424, -28.810337893426173, -60.49083648390749, -90.0338652934296, -28.824667525566575] joint_vel=[8.860968231062946, -9.05403047803164, -3.194496364296397, 8.901202972039904, -9.079270973386043, -3.186883948321284] imu_ang_vel=[0.0, -0.06606509577215473, 0.0] imu_quat_wxyz=[0.0026112352551896315, 0.0, -0.9999965907194094, 0.0] status=0x0003
joint_pos=[-60.36418615617645, -90.27991680867274, -28.745302066627918, -60.36523710154494, -90.25998752283228, -28.759445684250334] joint_vel=[4.883336419951941, -12.621415765111939, 6.685741433701071, 4.906318229581398, -12.642588690290568, 6.695799257636998] imu_ang_vel=[0.0, 0.11428948973472591, -0.0] imu_quat_wxyz=[0.003067361757494275, 0.0, -0.9999952956348588, 0.0] status=0x0003
sim t=    2.02s  x=-0.270m z= 0.086m pitch=-179.27deg action=[0.0, 0.0, 0.0, 0.0, 0.0, 0.0]
joint_pos=[-60.2985599504137, -90.57639538931066, -28.521307659479383, -60.29907769089663, -90.55700068377338, -28.535235262654883] joint_vel=[2.497707506235462, -16.1129419340607, 13.595013838554703, 2.525950119665573, -16.142558363730256, 13.606198316358677] imu_ang_vel=[0.0, 0.31438670246397843, -0.0] imu_quat_wxyz=[0.005443775103077526, 0.0, -0.9999851825465351, 0.0] status=0x0003
joint_pos=[-60.265545242797955, -90.93820207232548, -28.186943131603233, -60.26557571845301, -90.91942073518467, -28.200634935596383] joint_vel=[1.2545061720675001, -19.21157306532703, 18.367385958043798, 1.274948306097129, -19.2419923188854, 18.37953117642356] imu_ang_vel=[0.0, 0.534047601924151, -0.0] imu_quat_wxyz=[0.00994721849456807, 0.0, -0.9999505251982327, 0.0] status=0x0003
joint_pos=[-60.162626551671494, -91.25444778354722, -27.097219266573738, -60.172658290877536, -91.23174088056805, -27.107655077367166] joint_vel=[0.42357334188659523, -14.477873689781914, 57.069167933646916, 0.0006515659406302591, -14.520153170450063, 57.258582556666916] imu_ang_vel=[0.0, 0.13281382698084615, -0.0] imu_quat_wxyz=[0.012830356958779866, 0.0, -0.9999176875824881, 0.0] status=0x0003
joint_pos=[-60.11150538077878, -91.42916375754498, -26.509199735780737, -60.123142518364226, -91.40647286120972, -26.52200560419603] joint_vel=[-2.1908877259541275, -2.360058301938193, 12.675196218883265, -2.170710165431121, -2.3182665215316947, 12.47619360360893] imu_ang_vel=[0.0, -0.0717393200459824, 0.0] imu_quat_wxyz=[0.013140871302424908, 0.0, -0.999913655022979, 0.0] status=0x0003
joint_pos=[-60.25544317780885, -91.37788608302117, -26.450206664043012, -60.270122411881324, -91.34867247377461, -26.48067473561929] joint_vel=[-2.6583603366159063, 0.597310422949748, 2.758755394291024, -3.0306024997964327, 1.3113611305261128, 0.889456147354337] imu_ang_vel=[0.0, -0.17679807168675724, 0.0] imu_quat_wxyz=[0.011019912143240437, 0.0, -0.9999392789246532, 0.0] status=0x0003
joint_pos=[-60.24469360454194, -91.37804513763565, -26.465893065978133, -60.26312375663486, -91.34113885338499, -26.51711698204559] joint_vel=[1.2815357645534107, 0.22578508921779794, -3.12898582672028, 1.0585276653258193, 0.6102509619151846, -4.188463579958927] imu_ang_vel=[0.0, 0.005306719955372365, -0.0] imu_quat_wxyz=[0.010611080902665364, 0.0, -0.999943700896244, 0.0] status=0x0003
joint_pos=[-60.221955883487865, -91.34753967896137, -26.622979061338583, -60.242519762945875, -91.30578735237916, -26.688370346291965] joint_vel=[0.8322313729625153, 2.467566801816367, -10.934658302714851, 0.9379813728400034, 2.413699202426894, -10.867944040454933] imu_ang_vel=[0.0, 0.05007629508093091, -0.0] imu_quat_wxyz=[0.010977213555888016, 0.0, -0.9999397485761572, 0.0] status=0x0003
joint_pos=[-60.21027430992408, -91.26976705348143, -26.937257235526452, -60.223419786933526, -91.2404427957518, -26.969763780202438] joint_vel=[0.6534450758514848, 4.591856890301623, -18.232305037685833, 1.0264340532942413, 3.7600269246436633, -15.9395813957477] imu_ang_vel=[0.0, 0.07791389558293316, -0.0] imu_quat_wxyz=[0.011646969712205866, 0.0, -0.9999321717479256, 0.0] status=0x0003
joint_pos=[-60.20342741025211, -91.20046189428153, -27.174558648871436, -60.21456760522722, -91.17432185193157, -27.19800016478503] joint_vel=[0.08438830315117556, 1.1427482453033322, -2.6042137351452896, 0.11708337385538589, 1.0463390532530215, -2.310157441387221] imu_ang_vel=[0.0, 0.0008486482871618711, -0.0] imu_quat_wxyz=[0.0123442457377591, 0.0, -0.9999238068958883, 0.0] status=0x0003
joint_pos=[-60.2012350302818, -91.19715705579647, -27.184798916895936, -60.213949293382775, -91.17412871755539, -27.189882364734462] joint_vel=[0.035508617085925405, 0.16692186739324272, -0.4736294007379429, 0.06031224959626437, 0.17156192763360242, -0.4181494482755626] imu_ang_vel=[0.0, -0.0018355401987834332, 0.0] imu_quat_wxyz=[0.01233686692762269, 0.0, -0.9999238979614449, 0.0] status=0x0003
joint_pos=[-60.20103801856313, -91.19380258922722, -27.193360403989015, -60.21337795828346, -91.17058251145036, -27.197511143164554] joint_vel=[0.0009928547050038062, 0.16443599117979976, -0.3985467215468233, 0.016579286030522448, 0.17725649266961604, -0.35866313453343796] imu_ang_vel=[0.0, -0.0020208896943168498, 0.0] imu_quat_wxyz=[0.012316365182180258, 0.0, -0.9999241506977913, 0.0] status=0x0003
joint_pos=[-60.20254583688491, -91.19486092490635, -27.17972114387021, -60.212080710804315, -91.16761592774662, -27.203556822319165] joint_vel=[0.1351038094092348, 0.11085240865289946, -0.606164831641444, 0.035736466679598414, 0.06759656976631125, -0.1591134583632131] imu_ang_vel=[0.0, 0.0023227052274647888, -0.0] imu_quat_wxyz=[0.01230847964664491, 0.0, -0.9999242477951958, 0.0] status=0x0003
joint_pos=[-60.20191347410408, -91.19151373913813, -27.189389683608148, -60.211903422301404, -91.16434550178849, -27.209030849779104] joint_vel=[0.013750097779727993, 0.17124662456183606, -0.4596911079762804, -0.009131415207480804, 0.16802656869533522, -0.2615248782661304] imu_ang_vel=[0.0, -0.0011593034332377237, 0.0] imu_quat_wxyz=[0.012298176468403175, 0.0, -0.9999243745681731, 0.0] status=0x0003
joint_pos=[-60.20177579889402, -91.18828690949726, -27.19750981911317, -60.21220604739592, -91.16106218309909, -27.213769293140906] joint_vel=[0.005806775381556824, 0.1541043971584955, -0.3744886318036848, -0.015719129819452518, 0.1603050182213699, -0.22161674884888927] imu_ang_vel=[0.0, -0.0009864105339345312, 0.0] imu_quat_wxyz=[0.012287211889556695, 0.0, -0.9999245093625724, 0.0] status=0x0003
joint_pos=[-60.20163504526536, -91.18544445499319, -27.20407005899604, -60.21248031626114, -91.15800357218552, -27.217731265763632] joint_vel=[0.007891102286493201, 0.13541502988032741, -0.3022351165602101, -0.012405415351909718, 0.14869133357380415, -0.18495617338316903] imu_ang_vel=[0.0, -0.0006003531345964355, 0.0] imu_quat_wxyz=[0.012279780760314787, 0.0, -0.9999246006497083, 0.0] status=0x0003
joint_pos=[-60.201458796634434, -91.18292097001162, -27.209389138234503, -60.21269553376128, -91.15514934046583, -27.22105951552308] joint_vel=[0.009174246522401376, 0.12118593116663917, -0.24601499163601115, -0.00997572640633115, 0.13945666912855126, -0.15623185994035266] imu_ang_vel=[0.0, -0.00028782748344960613, 0.0] imu_quat_wxyz=[0.01227580473860298, 0.0, -0.9999246494701587, 0.0] status=0x0003
joint_pos=[-60.202155379330975, -91.18533669807489, -27.19356187097454, -60.2118334947914, -91.15284733188717, -27.223763086749653] joint_vel=[0.04510085498685329, 0.14886936995623562, -0.4293683887138896, 0.0002988987768614347, 0.1308710667199, -0.1328699475424814] imu_ang_vel=[0.0, 0.0004115264056979704, -0.0] imu_quat_wxyz=[0.012283440505038911, 0.0, -0.9999245556987583, 0.0] status=0x0003
joint_pos=[-60.20168273598251, -91.18234152767887, -27.201330588290073, -60.212163719538154, -91.15010251783646, -27.226382604579662] joint_vel=[0.017031143239711603, 0.1467051992330359, -0.3621550493514677, -0.020795144119725027, 0.13766743213270036, -0.12675248343449463] imu_ang_vel=[0.0, -6.547663017613451e-05, 0.0] imu_quat_wxyz=[0.012283674956916277, 0.0, -0.9999245528186378, 0.0] status=0x0003
joint_pos=[-60.20139569184086, -91.17958228163026, -27.20773194210367, -60.212566058912586, -91.1474214034857, -27.228718275314463] joint_vel=[0.013701160165127034, 0.1325918703329582, -0.29619614647554404, -0.018885924155200736, 0.13150852493581947, -0.11077461389767722] imu_ang_vel=[0.0, 4.653606992722616e-05, -0.0] imu_quat_wxyz=[0.012283580213447758, 0.0, -0.9999245539825191, 0.0] status=0x0003
joint_pos=[-60.20112816749207, -91.1770899891045, -27.212968865214197, -60.212895247351206, -91.14487301910955, -27.230756546857346] joint_vel=[0.01316625937882144, 0.12023473069687468, -0.24285260967788225, -0.015123370992228508, 0.1251473814370331, -0.09704357496028114] imu_ang_vel=[0.0, 0.00020843437452739813, -0.0] imu_quat_wxyz=[0.01228508059287165, 0.0, -0.9999245355499717, 0.0] status=0x0003
joint_pos=[-60.20222446494671, -91.17982385918528, -27.1948576648479, -60.21230416486264, -91.14275070461085, -27.232517546918697] joint_vel=[0.12719789854043295, 0.044520582775667145, -0.35849984255417267, 0.008898551111466084, 0.045105885223824006, -0.011437388464543174] imu_ang_vel=[0.0, 0.0033127204956675356, -0.0] imu_quat_wxyz=[0.01229541384120434, 0.0, -0.9999244085422025, 0.0] status=0x0003
joint_pos=[-60.20134500022996, -91.17697160307048, -27.20282994301833, -60.21240021007727, -91.14037555596346, -27.23418954703116] joint_vel=[0.027538982205918335, 0.14835498942039105, -0.38125650197851757, -0.017822871575192155, 0.12410919930581601, -0.08570278674888489] imu_ang_vel=[0.0, 0.0004237792112764669, -0.0] imu_quat_wxyz=[0.012301217791904037, 0.0, -0.9999243371579852, 0.0] status=0x0003
joint_pos=[-60.20097043245019, -91.17411243981506, -27.20963603856271, -60.2128383017158, -91.13788344126299, -27.235861608517638] joint_vel=[0.01602785850873749, 0.13853423564953715, -0.31608315018983096, -0.02197244433611241, 0.12352335490634561, -0.08116775141815405] imu_ang_vel=[0.0, 0.000277618457957561, -0.0] imu_quat_wxyz=[0.012304137392422856, 0.0, -0.9999243012363628, 0.0] status=0x0003
joint_pos=[-60.20067728532017, -91.17149970463652, -27.215233152506304, -60.213228963975936, -91.13547562765375, -27.23738782514895] joint_vel=[0.014124749161130358, 0.12612461204546138, -0.25962735475616927, -0.017935231747987175, 0.11849554729099514, -0.07351422905873996] imu_ang_vel=[0.0, 0.00036777768772076007, -0.0] imu_quat_wxyz=[0.012307440089217398, 0.0, -0.9999242605909962, 0.0] status=0x0003
joint_pos=[-60.20041052034913, -91.16910462718012, -27.219849760232815, -60.21354152880545, -91.13316038899183, -27.238780746449876] joint_vel=[0.012829639774387542, 0.11628300956645844, -0.214922474300055, -0.014405363608427039, 0.11427846759213117, -0.06757766005989471] imu_ang_vel=[0.0, 0.0004565357575414094, -0.0] imu_quat_wxyz=[0.012311694199293058, 0.0, -0.9999242082207747, 0.0] status=0x0003
joint_pos=[-60.20108665310855, -91.17163936625813, -27.203415796854525, -60.212775316686226, -91.1312569740538, -27.240051278615585] joint_vel=[0.048228376488967294, 0.14643690550042623, -0.4066770732485955, -0.002365331522901269, 0.10908806609186107, -0.0609505656339224] imu_ang_vel=[0.0, 0.0009845804101860753, -0.0] imu_quat_wxyz=[0.012325498682684956, 0.0, -0.9999240381560107, 0.0] status=0x0003
joint_pos=[-60.200555933370374, -91.16866909235434, -27.2108059885904, -60.21313221818416, -91.1289187554594, -27.241405117091773] joint_vel=[0.019385456632679165, 0.14634659000577066, -0.34556168440039403, -0.021835014426291852, 0.11845898147098757, -0.06860010412324778] imu_ang_vel=[0.0, 0.00040665713114338033, -0.0] imu_quat_wxyz=[0.012330875770682564, 0.0, -0.9999239718612251, 0.0] status=0x0003
joint_pos=[-60.20024409671023, -91.165888955466, -27.216943093100614, -60.213554114499885, -91.12658396434728, -27.242730481827508] joint_vel=[0.01433467371205217, 0.13438750938050587, -0.2848083123275997, -0.01982471686519041, 0.11525499258833963, -0.06451106962019423] imu_ang_vel=[0.0, 0.00040530735738023764, -0.0] imu_quat_wxyz=[0.012334776428224762, 0.0, -0.999923923751435, 0.0] status=0x0003
joint_pos=[-60.19997830175812, -91.16334217582488, -27.22200032757683, -60.213898486077966, -91.12433110532727, -27.243964077101154] joint_vel=[0.012727290164512012, 0.12343031247284751, -0.23514275234461707, -0.015742389117686127, 0.11117513557598248, -0.060137642070640776] imu_ang_vel=[0.0, 0.0004809687056365424, -0.0] imu_quat_wxyz=[0.012339303680710102, 0.0, -0.9999238678942889, 0.0] status=0x0003
joint_pos=[-60.2009701052557, -91.16501341823337, -27.206246900541586, -60.21292696837182, -91.12251492657836, -27.245082330369648] joint_vel=[0.06856339736808498, 0.12892017487191007, -0.3868878114042467, 0.015754038287160693, 0.10214631143979654, -0.05782880665978824] imu_ang_vel=[0.0, 0.0008317929047127418, -0.0] imu_quat_wxyz=[0.012354776349887239, 0.0, -0.9999236768380596, 0.0] status=0x0003
joint_pos=[-60.20029335111535, -91.16204795302058, -27.213812667135677, -60.21322544086462, -91.12025600940828, -27.24631246241152] joint_vel=[0.021644208796713856, 0.1491970715890481, -0.3566321775202602, -0.02331936940973098, 0.11729173323355241, -0.06547463011130657] imu_ang_vel=[0.0, 0.00044543365941016185, -0.0] imu_quat_wxyz=[0.012361888727268368, 0.0, -0.9999235889342218, 0.0] status=0x0003
joint_pos=[-60.19997782075326, -91.15919057240588, -27.220169066413774, -60.21370468142221, -91.11792576799196, -27.247599699757426] joint_vel=[0.014082059932122887, 0.1383339817953189, -0.29520655478359764, -0.022748780144499974, 0.11511094620204247, -0.06285612160379687] imu_ang_vel=[0.0, 0.0003729289624757538, -0.0] imu_quat_wxyz=[0.012365593108356667, 0.0, -0.9999235431307129, 0.0] status=0x0003
joint_pos=[-60.19971489552508, -91.15657151080659, -27.225407345693874, -60.21409403159194, -91.11568278585192, -27.248798473669577] joint_vel=[0.012662914086145208, 0.12694103360078102, -0.243393555970706, -0.01753477603668593, 0.11044088665972955, -0.05832167899725948] imu_ang_vel=[0.0, 0.0004583892154181869, -0.0] imu_quat_wxyz=[0.012369844892750293, 0.0, -0.9999234905418161, 0.0] status=0x0003
joint_pos=[-60.20086689549533, -91.15924652636224, -27.207199065186067, -60.21355739650451, -91.11380865217036, -27.249937009783295] joint_vel=[0.12804353452734804, 0.04716931018420851, -0.4012838162269038, 0.0056195618329236965, 0.03643553514713642, 0.009389072316006199] imu_ang_vel=[0.0, 0.0034591007306318546, -0.0] imu_quat_wxyz=[0.01238222604213909, 0.0, -0.999923337300536, 0.0] status=0x0003
joint_pos=[-60.20003339059827, -91.15774367646598, -27.215333801137216, -60.214288474393605, -91.11171148442331, -27.24815767625627] joint_vel=[0.040831943611316215, 0.038813810237000965, -0.45415198598663153, -0.08250566399576294, 0.09292259243159948, 0.2369979880779113] imu_ang_vel=[0.0, 3.934875019905524e-06, -0.0] imu_quat_wxyz=[0.01238822561893616, 0.0, -0.9999232629887227, 0.0] status=0x0003
joint_pos=[-60.19774387887205, -91.15381402564445, -27.226998335345552, -60.21376132480367, -91.11029607541903, -27.244810940678594] joint_vel=[0.0358213725270984, 0.1408253814403267, -0.27842908650143094, 0.01849361019591335, 0.09664357576226748, -0.12732430506253434] imu_ang_vel=[0.0, 0.0011998731191101724, -0.0] imu_quat_wxyz=[0.012383689434349282, 0.0, -0.9999233191780226, 0.0] status=0x0003
joint_pos=[-60.20028507787398, -91.15487200947634, -27.209028467120405, -60.21348144812937, -91.10758782045406, -27.247963903575783] joint_vel=[-0.4830357292951848, -0.649160799495311, 4.32410183746549, 0.14883318934153142, 0.14602918659420133, -0.20706559942192115] imu_ang_vel=[0.0, 0.00035853140151837696, -0.0] imu_quat_wxyz=[0.012391723813972206, 0.0, -0.9999232196428475, 0.0] status=0x0003
joint_pos=[-60.19960209928279, -91.15331415975069, -27.21556094416482, -60.21413649333178, -91.10532134679039, -27.24878216485274] joint_vel=[-0.02858250864708752, -0.023515713430431216, -0.13077895523061478, -0.08352065299020033, 0.1289689940697964, 0.07751920550984899] imu_ang_vel=[0.0, 0.0007568389383331498, -0.0] imu_quat_wxyz=[0.012408109826945199, 0.0, -0.9999230164420271, 0.0] status=0x0003
joint_pos=[-60.1992906979854, -91.1522074280133, -27.221428453143353, -60.216255748621656, -91.10370934545344, -27.243327346994622] joint_vel=[0.0745977147130286, 0.2385475035268614, -0.6208082225104269, -0.056623685487415205, 0.07262770922161203, 0.27253831148838636] imu_ang_vel=[0.0, -0.0013668820631884265, 0.0] imu_quat_wxyz=[0.012401740508050936, 0.0, -0.9999230954590312, 0.0] status=0x0003
joint_pos=[-60.1964970020811, -91.14802732096763, -27.23140560918744, -60.21476624978069, -91.10204489139635, -27.243112444545076] joint_vel=[0.009524095183747364, 0.14494514664029523, -0.2492846505421546, -0.0035810935827682872, 0.13274214985758956, -0.21317991734577374] imu_ang_vel=[0.0, 0.002047224145920053, -0.0] imu_quat_wxyz=[0.012410259585002017, 0.0, -0.9999229897632281, 0.0] status=0x0003
joint_pos=[-60.199061121143814, -91.14970999575249, -27.21221880670683, -60.21480223956579, -91.09898268532484, -27.247727961023642] joint_vel=[-0.44007929245026195, -0.8141924964893811, 4.581199595279478, 0.1010346603694773, 0.163564547230941, -0.2705277460783308] imu_ang_vel=[0.0, 0.0003859565112197486, -0.0] imu_quat_wxyz=[0.01241693023744428, 0.0, -0.99992290695007, 0.0] status=0x0003
joint_pos=[-60.19837560400922, -91.14783167196536, -27.219901918439785, -60.21536436785126, -91.09662182244278, -27.249513944989285] joint_vel=[0.0013788075716989374, 0.01590463546288007, -0.3106639854086921, -0.0675452524769219, 0.12762402692562172, 0.04219988696870888] imu_ang_vel=[0.0, 0.0007283123123801051, -0.0] imu_quat_wxyz=[0.012430862875386913, 0.0, -0.9999227338390568, 0.0] status=0x0003
joint_pos=[-60.196238172390856, -91.1444329546641, -27.23232631683161, -60.21547861138256, -91.09515223772694, -27.245064625879536] joint_vel=[0.24607846591949528, 0.2739716748160698, -0.747162577233338, 0.1464463010869028, 0.034216682079205876, 0.26122269017595146] imu_ang_vel=[0.0, -0.0005718814494491819, 0.0] imu_quat_wxyz=[0.012424099561701422, 0.0, -0.999922817896502, 0.0] status=0x0003
joint_pos=[-60.196353812167175, -91.14126451089706, -27.237507907974315, -60.21581370988276, -91.09241676419096, -27.249499882216256] joint_vel=[-0.025479767828871836, 0.161432949417469, -0.24430880424259976, -0.037475329955617726, 0.14887347423555006, -0.21955289485916823] imu_ang_vel=[0.0, 0.0006914111615732034, -0.0] imu_quat_wxyz=[0.012435594219151812, 0.0, -0.9999226750086312, 0.0] status=0x0003
joint_pos=[-60.19786404838471, -91.14349169187047, -27.220690668339035, -60.21550924516182, -91.08990118706147, -27.252977807522615] joint_vel=[-0.0029392078416688497, 0.12239495845914482, -0.359918580840332, -0.02818026776064713, 0.15097911655349494, -0.12368262635898526] imu_ang_vel=[0.0, 0.001133495294688961, -0.0] imu_quat_wxyz=[0.012449855769302041, 0.0, -0.9999224975423463, 0.0] status=0x0003
joint_pos=[-60.197557675515824, -91.1423696350883, -27.22771052368429, -60.21695271478428, -91.08806687758724, -27.24996212247173] joint_vel=[0.06598911396636395, 0.1775858515867564, -0.5421417773427254, -0.019293070560270038, 0.06808983045959228, 0.17021010986854476] imu_ang_vel=[0.0, -0.001704672527461756, 0.0] imu_quat_wxyz=[0.01244570615928633, 0.0, -0.9999225491997851, 0.0] status=0x0003
joint_pos=[-60.19478994293903, -91.13770415246599, -27.238274476705786, -60.21524683865726, -91.08642532114374, -27.25019789153837] joint_vel=[-0.013229641364015207, 0.16533245863327062, -0.2604595864796757, -0.02226705579453328, 0.14018295711164794, -0.23215573360347644] imu_ang_vel=[0.0, 0.0021331750531424975, -0.0] imu_quat_wxyz=[0.012455464325316648, 0.0, -0.9999224276954891, 0.0] status=0x0003
joint_pos=[-60.19782472362529, -91.13906073016202, -27.219005149438882, -60.21564848576694, -91.08321051356208, -27.25517378195088] joint_vel=[-0.4666239465661471, -0.8078111284909297, 4.630328684405978, 0.08382477691474757, 0.16992871599603632, -0.2860625525541888] imu_ang_vel=[0.0, 0.00031148333247015995, -0.0] imu_quat_wxyz=[0.012461272468242725, 0.0, -0.9999223553298887, 0.0] status=0x0003
joint_pos=[-60.19735606347288, -91.13705913534534, -27.226514267847207, -60.21632762498426, -91.080864847146, -27.257062182131808] joint_vel=[-0.01091433544066498, 0.006058580639373438, -0.2615561102305994, -0.07171486376099952, 0.12321220673190514, 0.04748277512766641] imu_ang_vel=[0.0, 0.0008552402906580555, -0.0] imu_quat_wxyz=[0.012475506994081691, 0.0, -0.9999221778344756, 0.0] status=0x0003
joint_pos=[-60.1959021218557, -91.13420252369814, -27.23726773230446, -60.21701281721672, -91.07942910621823, -27.252536479794866] joint_vel=[0.1949996381006695, 0.29607139787477127, -0.7765584874694793, 0.09669389599805596, 0.048512888224607746, 0.24941354798926527] imu_ang_vel=[0.0, -0.0008568537062217671, 0.0] imu_quat_wxyz=[0.012468523611072192, 0.0, -0.9999222649381101, 0.0] status=0x0003
sim t=    3.02s  x=-0.268m z= 0.087m pitch=-178.57deg action=[0.0, 0.0, 0.0, 0.0, 0.0, 0.0]
joint_pos=[-60.19454777094163, -91.1300356941815, -27.245037280240552, -60.21619602160051, -91.07727237970201, -27.254988696358673] joint_vel=[-0.04171514274686427, 0.17647947828036292, -0.24814292670738258, -0.04464240224259612, 0.15379381875246095, -0.2502062830777822] imu_ang_vel=[0.0, 0.0010894661515005767, -0.0] imu_quat_wxyz=[0.012483371646865282, 0.0, -0.999922079680375, 0.0] status=0x0003
joint_pos=[-60.19656443560743, -91.1319477684288, -27.228089044267293, -60.216207197533265, -91.07456393820283, -27.259090018130177] joint_vel=[-0.024245032926981405, 0.13542947270501932, -0.3646986673799352, -0.040470508050714275, 0.15928290582082885, -0.15402463683925785] imu_ang_vel=[0.0, 0.0010415769453483584, -0.0] imu_quat_wxyz=[0.012497010058429084, 0.0, -0.9999219093207227, 0.0] status=0x0003
joint_pos=[-60.19629270432144, -91.13042832916447, -27.236530788956784, -60.21790423097338, -91.07269856797228, -27.255672621690806] joint_vel=[0.07585036273806904, 0.23347429842126674, -0.7148951686235122, -0.03910770457203698, 0.0749469609031142, 0.22752950461181112] imu_ang_vel=[0.0, -0.0014202187343455993, 0.0] imu_quat_wxyz=[0.012494019325960422, 0.0, -0.9999219466943821, 0.0] status=0x0003
joint_pos=[-60.193956365819275, -91.12549378596721, -27.24707740090563, -60.21649737950975, -91.07091918134046, -27.256140498684243] joint_vel=[-0.022530187335202078, 0.17139235671984016, -0.24797269095246438, -0.022591007579590143, 0.1447120635056968, -0.2641728882501684] imu_ang_vel=[0.0, 0.0020070492237296827, -0.0] imu_quat_wxyz=[0.012503052759920159, 0.0, -0.9999218337808624, 0.0] status=0x0003
joint_pos=[-60.19607528174194, -91.12715940499511, -27.229503683170957, -60.21648853957632, -91.06821512762404, -27.26101953735505] joint_vel=[0.013785538819314599, 0.18901479065563373, -0.43525067900451553, -0.01215103293176218, 0.14306549662748522, -0.2419029787744664] imu_ang_vel=[0.0, 0.0006993474940281443, -0.0] imu_quat_wxyz=[0.012517169597749312, 0.0, -0.9999216571638306, 0.0] status=0x0003
joint_pos=[-60.19628079907888, -91.12611818852199, -27.23629569267289, -60.21815124469478, -91.0659608054314, -27.25957933506052] joint_vel=[0.01139370369314355, 0.08439316051804445, -0.47264849669963005, -0.11226157244057262, 0.07591528374727298, 0.24831354708393247] imu_ang_vel=[0.0, -0.0005932841900524716, 0.0] imu_quat_wxyz=[0.01252109475526395, 0.0, -0.9999216080204136, 0.0] status=0x0003
joint_pos=[-60.19357449694838, -91.12079433322644, -27.24919898495374, -60.21688135365905, -91.06447628305753, -27.25783413002592] joint_vel=[0.0119821315519938, 0.17668951312135947, -0.2919083501429356, 0.022810321607828803, 0.11165805747689096, -0.26485325262425546] imu_ang_vel=[0.0, 0.0018837966933934929, -0.0] imu_quat_wxyz=[0.01252145640864297, 0.0, -0.999921603491697, 0.0] status=0x0003
joint_pos=[-60.19585627862443, -91.12253843513827, -27.230617481782268, -60.216868425337644, -91.06177462471334, -27.262986640856305] joint_vel=[0.08946313237818175, 0.1091550589489265, -0.49026751908425353, -0.02197045949344858, 0.06412931890730021, -0.1429902998057045] imu_ang_vel=[0.0, 0.003218315649328091, -0.0] imu_quat_wxyz=[0.01253908765730331, 0.0, -0.9999213825500095, 0.0] status=0x0003
joint_pos=[-60.19602364286649, -91.12098165379629, -27.237230015468466, -60.217973463066286, -91.05922878690602, -27.264054201091795] joint_vel=[-0.004521137862415023, -0.02534220479538937, -0.25756978929721625, -0.10490473656395925, 0.08562554990484696, 0.18876430555851273] imu_ang_vel=[0.0, 0.00025448997833941544, -0.0] imu_quat_wxyz=[0.012546815620266102, 0.0, -0.999921285610918, 0.0] status=0x0003
joint_pos=[-60.19339234109621, -91.11605717284763, -27.25111008886249, -60.21740812810988, -91.0579083623747, -27.259874133593854] joint_vel=[0.27766895161908467, 0.3371035212996149, -0.7919661040433784, 0.19406969699074203, 0.04870939931761125, 0.1487621252055831] imu_ang_vel=[0.0, 0.00037401624417498017, -0.0] imu_quat_wxyz=[0.012541085931667187, 0.0, -0.9999213574895051, 0.0] status=0x0003
joint_pos=[-60.1956864220552, -91.11660736202339, -27.23420744918356, -60.21672567998264, -91.0554895458695, -27.265077760427236] joint_vel=[0.10055633625118751, 0.16054613402700504, -0.5804145778051656, -0.01466438654258619, 0.061336859629736035, -0.1405592866966316] imu_ang_vel=[0.0, 0.004458199113261694, -0.0] imu_quat_wxyz=[0.012564585515411768, 0.0, -0.9999210624798469, 0.0] status=0x0003
joint_pos=[-60.196139026262635, -91.11527900633257, -27.23947268714931, -60.21794814969404, -91.05282632368055, -27.266554005628397] joint_vel=[-0.03019790192578823, -0.03321499008723395, -0.1735681207694007, -0.11645909228847225, 0.08739337405749963, 0.18620759784064708] imu_ang_vel=[0.0, 0.0002777897220617234, -0.0] imu_quat_wxyz=[0.012572993747363858, 0.0, -0.9999209567901999, 0.0] status=0x0003
joint_pos=[-60.19490531586846, -91.11108066824255, -27.251474898180884, -60.21888646361632, -91.05152441811667, -27.26179699414685] joint_vel=[0.16454775776750888, 0.32033535720515455, -0.7450150902004383, 0.08549926876509151, 0.06842558452184226, 0.1537804687997522] imu_ang_vel=[0.0, -0.000673491949499271, 0.0] imu_quat_wxyz=[0.012565832273026021, 0.0, -0.9999210468128402, 0.0] status=0x0003
joint_pos=[-60.19540250095012, -91.11093342860163, -27.237239217918816, -60.21681546173205, -91.04962838432814, -27.26542516744853] joint_vel=[0.11459027175239943, 0.15436460427905416, -0.5765629098976867, 0.00029720360719405714, 0.058538625935748594, -0.16110380439156305] imu_ang_vel=[0.0, 0.004899776632194559, -0.0] imu_quat_wxyz=[0.012589404290622204, 0.0, -0.999920750309547, 0.0] status=0x0003
joint_pos=[-60.1958589443229, -91.109563994957, -27.24256346932039, -60.21801568491321, -91.04683858069353, -27.26756298145165] joint_vel=[-0.03404231337943864, -0.030656369527198277, -0.1772105753535081, -0.11993282283018726, 0.09249196168056373, 0.16505887175725278] imu_ang_vel=[0.0, 0.0002173112109760413, -0.0] imu_quat_wxyz=[0.012598578602306993, 0.0, -0.99992063475918, 0.0] status=0x0003
joint_pos=[-60.19451042316283, -91.10528187236994, -27.254867660296522, -60.218862442338846, -91.045487322539, -27.263118939138117] joint_vel=[0.17770926938256032, 0.3255656817529201, -0.7611194148964521, 0.09726882218731413, 0.06904136688270825, 0.1352514016166364] imu_ang_vel=[0.0, -0.0006335406341983424, 0.0] imu_quat_wxyz=[0.01259075446958334, 0.0, -0.9999207333093392, 0.0] status=0x0003
joint_pos=[-60.19508112237193, -91.1049929835953, -27.24061200734503, -60.21681938902203, -91.04347176781091, -27.267210588007902] joint_vel=[0.10735856285840478, 0.1607470792675438, -0.5842799997633746, -0.005794937034400851, 0.06451184689384468, -0.17958568682553502] imu_ang_vel=[0.0, 0.00482807731217897, -0.0] imu_quat_wxyz=[0.01261460442984282, 0.0, -0.9999204327120627, 0.0] status=0x0003
joint_pos=[-60.195655485980794, -91.10353047439826, -27.246039546379567, -60.21810586338515, -91.04055510808931, -27.269772328367587] joint_vel=[-0.03787440460842586, -0.027781477153090022, -0.18273413239614772, -0.12319478308226765, 0.09615298383140733, 0.1520494708712792] imu_ang_vel=[0.0, 0.00013150740384291492, -0.0] imu_quat_wxyz=[0.012622896821108797, 0.0, -0.9999203280641131, 0.0] status=0x0003
joint_pos=[-60.1941475498792, -91.09915447004954, -27.258624281443332, -60.218811694208334, -91.03916751496581, -27.26552753254157] joint_vel=[0.19359019618320575, 0.32894951587313137, -0.7721585945413345, 0.11166880463184871, 0.06861070902853773, 0.12359099884145235] imu_ang_vel=[0.0, -0.0005201959527517103, 0.0] imu_quat_wxyz=[0.012614878859386171, 0.0, -0.9999204292499294, 0.0] status=0x0003
joint_pos=[-60.19479597514593, -91.09872656104997, -27.244305833671987, -60.21679276274941, -91.03707250886387, -27.2699014559878] joint_vel=[0.09987490739600811, 0.1664141666881053, -0.5893964055407159, -0.011396840462208634, 0.06950844986288975, -0.19284655083938324] imu_ang_vel=[0.0, 0.004779765353279669, -0.0] imu_quat_wxyz=[0.012639352737398996, 0.0, -0.9999201201907978, 0.0] status=0x0003
joint_pos=[-60.19548795015884, -91.09718664116086, -27.249782595711423, -60.218166966247026, -91.03408251624853, -27.272642670233093] joint_vel=[-0.04195271917364051, -0.025550584424024875, -0.18472778194352757, -0.1265096141541328, 0.09812749377876258, 0.14834515618363742] imu_ang_vel=[0.0, 8.934959121447805e-05, -0.0] imu_quat_wxyz=[0.012647061431155088, 0.0, -0.9999200227203957, 0.0] status=0x0003
joint_pos=[-60.194023066400185, -91.09276468032907, -27.262412043142707, -60.21888636851095, -91.03267882364734, -27.26848916146724] joint_vel=[0.19236194292696565, 0.3304640267471584, -0.7716180849946908, 0.11222745237955359, 0.0689220799839211, 0.11743052653346783] imu_ang_vel=[0.0, -0.0005129009221111506, 0.0] imu_quat_wxyz=[0.012638907425885885, 0.0, -0.9999201258195975, 0.0] status=0x0003
joint_pos=[-60.194730139926634, -91.09232833625853, -27.24801527815511, -60.21685623185683, -91.03055675043828, -27.273004756205246] joint_vel=[0.09982936624154046, 0.16822997631178463, -0.5915281132047363, -0.011252965858214295, 0.07004125669560869, -0.19817490600354576] imu_ang_vel=[0.0, 0.004859278093121841, -0.0] imu_quat_wxyz=[0.012663685482659502, 0.0, -0.9999198123199661, 0.0] status=0x0003
joint_pos=[-60.19541956454457, -91.09079797498521, -27.25347880367976, -60.2182227657377, -91.02754927462243, -27.275852711575865] joint_vel=[-0.0408321370124969, -0.02611251447562311, -0.18670208817959283, -0.12583674050183316, 0.09791768559240628, 0.14607795655172467] imu_ang_vel=[0.0, 0.00011344775970234902, -0.0] imu_quat_wxyz=[0.01267158507959346, 0.0, -0.9999197122427234, 0.0] status=0x0003
joint_pos=[-60.194007276090865, -91.0863506520094, -27.266110193164785, -60.21897584739345, -91.02615041133957, -27.27174042359573] joint_vel=[0.18733846349539887, 0.3307514856856678, -0.7666640332672221, 0.10908688948668385, 0.06917931859473213, 0.11447249927953197] imu_ang_vel=[0.0, -0.0005328307227384559, 0.0] imu_quat_wxyz=[0.012663583618470683, 0.0, -0.9999198136100405, 0.0] status=0x0003
joint_pos=[-60.19435344860713, -91.0872685176369, -27.250138871708494, -60.217255097232055, -91.02393709264446, -27.276453251975095] joint_vel=[0.09320353677398178, 0.11910357966527481, -0.5088019393350429, -0.014453591704709112, 0.07854359326116214, -0.2307676523963592] imu_ang_vel=[0.0, 0.0037461968949580172, -0.0] imu_quat_wxyz=[0.01268545420782106, 0.0, -0.9999195363885742, 0.0] status=0x0003
joint_pos=[-60.194766755372626, -91.08545480543329, -27.257240101015498, -60.218540757419426, -91.02108378436981, -27.278888236349726] joint_vel=[-0.013254011204485255, -0.018339568105235016, -0.28922667707713706, -0.11545981903828638, 0.08904359164701334, 0.15989281814976625] imu_ang_vel=[0.0, 0.00017489096890397032, -0.0] imu_quat_wxyz=[0.01269318411037526, 0.0, -0.9999194382934757, 0.0] status=0x0003
joint_pos=[-60.19256636906602, -91.08027709427863, -27.271282125959942, -60.218335593676336, -91.01961250157731, -27.275420092512775] joint_vel=[0.254284633436776, 0.3460826615041562, -0.7999477527820474, 0.17711690785618994, 0.06247909341949874, 0.08932542991137855] imu_ang_vel=[0.0, 0.00020643209682724793, -0.0] imu_quat_wxyz=[0.012686214150705538, 0.0, -0.999919526747289, 0.0] status=0x0003
joint_pos=[-60.19465063412819, -91.08181685202767, -27.253323388777844, -60.21809968425096, -91.01697242615722, -27.281093484617184] joint_vel=[0.08363750773403307, 0.126602385103156, -0.5146463843357957, -0.019153227826443915, 0.08006215449157074, -0.23685477001495556] imu_ang_vel=[0.0, 0.003188975160086734, -0.0] imu_quat_wxyz=[0.012705650094557729, 0.0, -0.9999192799699758, 0.0] status=0x0003
joint_pos=[-60.19484809102402, -91.0800792901307, -27.260437455665414, -60.219184246675006, -91.01429446863872, -27.283126717764183] joint_vel=[0.0013980285961489576, -0.01957518138126837, -0.2962492481919686, -0.10148762363960066, 0.08162482030341943, 0.17249660490946178] imu_ang_vel=[0.0, 0.00024081919473673897, -0.0] imu_quat_wxyz=[0.012713393643482847, 0.0, -0.9999191815452216, 0.0] status=0x0003
joint_pos=[-60.19222403676886, -91.07472340233599, -27.27489986895227, -60.21839567820519, -91.0129086438273, -27.280053893800282] joint_vel=[0.2776139106479273, 0.3613728377681138, -0.8054603716384766, 0.2038291693099787, 0.06134747496847042, 0.06794314193327244] imu_ang_vel=[0.0, 0.0005672252839648492, -0.0] imu_quat_wxyz=[0.012707786740041253, 0.0, -0.9999192528180311, 0.0] status=0x0003
joint_pos=[-60.19435011946485, -91.07625001424331, -27.256808329029155, -60.21816844850994, -91.01036113310975, -27.285443595897966] joint_vel=[0.07888304580981689, 0.13004968614933862, -0.515153718995694, -0.0232043186711192, 0.07831521248403053, -0.22668666037727556] imu_ang_vel=[0.0, 0.003146248170502952, -0.0] imu_quat_wxyz=[0.01272822992580989, 0.0, -0.9999189928003946, 0.0] status=0x0003
joint_pos=[-60.19462259127059, -91.07445735560981, -27.26396285840079, -60.219313474878696, -91.00772012113904, -27.28729560374156] joint_vel=[-0.0003181669315801667, -0.01749181015055211, -0.30122047872698554, -0.10294803901703581, 0.07982111195905785, 0.17974476684940696] imu_ang_vel=[0.0, 0.0002157027011192806, -0.0] imu_quat_wxyz=[0.012735622151720229, 0.0, -0.9999188986754919, 0.0] status=0x0003
joint_pos=[-60.19207000931638, -91.06904379952317, -27.27841596343877, -60.21854886378051, -91.00634843940068, -27.284173989359736] joint_vel=[0.2743682808556899, 0.363958877066578, -0.8047742047179534, 0.2026831511089781, 0.06064943320004045, 0.06947096717946505] imu_ang_vel=[0.0, 0.0005532990325845293, -0.0] imu_quat_wxyz=[0.012729873379457652, 0.0, -0.9999189718790933, 0.0] status=0x0003
joint_pos=[-60.194221235563795, -91.0705597259761, -27.260254909312387, -60.218333971828805, -91.0038429946723, -27.289425891119638] joint_vel=[0.07865840875277222, 0.13069257101489054, -0.5137383130440559, -0.023086846561539892, 0.07613164036052371, -0.2203527896484525] imu_ang_vel=[0.0, 0.003155528242488311, -0.0] imu_quat_wxyz=[0.012750319736864649, 0.0, -0.9999187113693832, 0.0] status=0x0003
joint_pos=[-60.194485832779115, -91.06875156509115, -27.26744896161074, -60.21946783781485, -91.00125139489678, -27.29115479175095] joint_vel=[0.0011892409648625968, -0.014667328902711618, -0.3131499199368578, -0.10213560055370866, 0.07760644953334855, 0.18467374823545327] imu_ang_vel=[0.0, 0.00024359903745147687, -0.0] imu_quat_wxyz=[0.01275795027390934, 0.0, -0.999918614040567, 0.0] status=0x0003
joint_pos=[-60.19196156044649, -91.06329952353255, -27.281906660566047, -60.218695046617455, -90.99989877098953, -27.28800451576744] joint_vel=[0.2733597385526973, 0.3652874512759001, -0.8034456518295057, 0.2032093226527551, 0.05978386404266059, 0.06936276380972896] imu_ang_vel=[0.0, 0.0005589764516825488, -0.0] imu_quat_wxyz=[0.012752309955582691, 0.0, -0.9999186859894142, 0.0] status=0x0003
joint_pos=[-60.194182394293776, -91.06340764356436, -27.265877917043657, -60.217818691581925, -90.99744125976615, -27.2940140327974] joint_vel=[0.011492287759037741, 0.20169675420564911, -0.4416231745689501, -0.008444001089374082, 0.15313504029075287, -0.31792373748646685] imu_ang_vel=[0.0, 0.0011760321431817317, -0.0] imu_quat_wxyz=[0.012777248111585525, 0.0, -0.9999183676334259, 0.0] status=0x0003
joint_pos=[-60.19482872585062, -91.06259548630507, -27.271377136125807, -60.21967544418886, -90.99516743345075, -27.293317921341725] joint_vel=[0.0037332126088836103, 0.05178573271455688, -0.4314967929106499, -0.1272007145762108, 0.0536255318540664, 0.2763747386850146] imu_ang_vel=[0.0, -0.00023844566715357693, 0.0] imu_quat_wxyz=[0.012782924410071375, 0.0, -0.9999182950839165, 0.0] status=0x0003
joint_pos=[-60.19224152349921, -91.05657704644946, -27.285800837373284, -60.21880798863509, -90.99387718659257, -27.290067799519665] joint_vel=[0.27651785823415603, 0.3443309410398014, -0.7853112836558657, 0.2096947673930293, 0.0564102245780665, 0.058973521194824886] imu_ang_vel=[0.0, 0.0006488452422334206, -0.0] imu_quat_wxyz=[0.012777862638116847, 0.0, -0.999918359780638, 0.0] status=0x0003
joint_pos=[-60.19392907322226, -91.05817646385292, -27.268175462779865, -60.218138675853375, -90.99131634421728, -27.296449230597883] joint_vel=[0.012415606573832016, 0.2040304189803541, -0.452884996416389, -0.0053693778753600594, 0.153701324426334, -0.3279484071095711] imu_ang_vel=[0.0, 0.001110725267202129, -0.0] imu_quat_wxyz=[0.012800429280234591, 0.0, -0.9999180711489526, 0.0] status=0x0003
joint_pos=[-60.194243565680715, -91.0568417912506, -27.27579261556839, -60.21985884456009, -90.98908815718654, -27.29563029796358] joint_vel=[0.00047529378624634045, 0.11156531493010395, -0.5323096821535533, -0.12314387779380806, 0.06984249420805347, 0.25152753817456414] imu_ang_vel=[0.0, -0.0003803814858355685, 0.0] imu_quat_wxyz=[0.012805802626564902, 0.0, -0.9999180023477372, 0.0] status=0x0003
joint_pos=[-60.192221423574175, -91.05115921146027, -27.288747651578795, -60.219019001875, -90.9874307808481, -27.294976599105357] joint_vel=[-0.0007494333739950208, 0.19483066088549528, -0.30555170892091077, 0.016677394899076783, 0.1269243074512498, -0.3404372501093365] imu_ang_vel=[0.0, 0.001506033213918043, -0.0] imu_quat_wxyz=[0.012803911083967822, 0.0, -0.9999180265706553, 0.0] status=0x0003
joint_pos=[-60.19418756146182, -91.05263738647483, -27.271451812908857, -60.21882427598631, -90.98477817594092, -27.300388389253722] joint_vel=[0.014935330720063587, 0.20281110792919774, -0.4508199765074659, -0.0016805100035621283, 0.15111162066187003, -0.3231902539217971] imu_ang_vel=[0.0, 0.0008571138270034834, -0.0] imu_quat_wxyz=[0.012821472035600164, 0.0, -0.9999178015491275, 0.0] status=0x0003
joint_pos=[-60.1943224873244, -91.05118929281518, -27.27945297056315, -60.220344190025145, -90.98266995776892, -27.299390943642976] joint_vel=[0.0045906934167257935, 0.13572799847050826, -0.5750663418349593, -0.10926324697321689, 0.06974298336317376, 0.2337084054498064] imu_ang_vel=[0.0, -0.0004613291505106965, 0.0] imu_quat_wxyz=[0.012826692436100854, 0.0, -0.9999177345967766, 0.0] status=0x0003
joint_pos=[-60.191774848046, -91.04539200938002, -27.29268930150851, -60.218883451166256, -90.98110116352605, -27.299032358042474] joint_vel=[0.004148026656373282, 0.19183966708004296, -0.29829125696558584, 0.02335285805680929, 0.11775449900872516, -0.32091962473427654] imu_ang_vel=[0.0, 0.0018260183384751962, -0.0] imu_quat_wxyz=[0.012826861273390654, 0.0, -0.9999177324309602, 0.0] status=0x0003
