Log file: /home/cx/robot_deploy/log/2026-07-23_17-35-58.txt
Connected to /dev/ttyACM0 at 921600 baud; loop rate 200 Hz.
joint_pos=[0.0, 0.0, 0.0, 0.0, 0.0, 0.0] joint_vel=[0.0, 0.0, 0.0, 0.0, 0.0, 0.0] imu_ang_vel=[0.017044229432940483, 0.005326321814209223, 0.0069242180325090885] imu_quat_wxyz=[0.4335382878780365, -0.029155390337109566, -0.015659207478165627, 0.9005271792411804] status=0x8603
joint_pos=[0.0, 0.0, 0.0, 0.0, 0.0, 0.0] joint_vel=[0.0, 0.0, 0.0, 0.0, 0.0, 0.0] imu_ang_vel=[0.015978965908288956, 0.0031957929022610188, 0.005858954042196274] imu_quat_wxyz=[0.4336618185043335, -0.0293880645185709, -0.016123764216899872, 0.9004519581794739] status=0x8203
joint_pos=[0.0, 0.0, 0.0, 0.0, 0.0, 0.0] joint_vel=[0.0, 0.0, 0.0, 0.0, 0.0, 0.0] imu_ang_vel=[0.016511596739292145, 0.0037284251302480698, 0.0063915858045220375] imu_quat_wxyz=[0.43364056944847107, -0.02933185175061226, -0.01601957529783249, 0.9004659652709961] status=0x8203
joint_pos=[0.0, 0.0, 0.0, 0.0, 0.0, 0.0] joint_vel=[0.0, 0.0, 0.0, 0.0, 0.0, 0.0] imu_ang_vel=[0.01757686212658882, 0.0037284251302480698, 0.0063915858045220375] imu_quat_wxyz=[0.4336227476596832, -0.029281798750162125, -0.01590535417199135, 0.900478184223175] status=0x8203
joint_pos=[0.0, 0.0, 0.0, 0.0, 0.0, 0.0] joint_vel=[0.0, 0.0, 0.0, 0.0, 0.0, 0.0] imu_ang_vel=[0.015446333214640617, 0.0026631606742739677, 0.005858954042196274] imu_quat_wxyz=[0.43360456824302673, -0.029221002012491226, -0.015793340280652046, 0.900490939617157] status=0x8203
joint_pos=[0.0, 0.0, 0.0, 0.0, 0.0, 0.0] joint_vel=[0.0, 0.0, 0.0, 0.0, 0.0, 0.0] imu_ang_vel=[0.017044229432940483, 0.004261057358235121, 0.005858954042196274] imu_quat_wxyz=[0.4335859417915344, -0.029165955260396004, -0.015679026022553444, 0.9005035758018494] status=0x8203
joint_pos=[0.0, 0.0, 0.0, 0.0, 0.0, 0.0] joint_vel=[0.0, 0.0, 0.0, 0.0, 0.0, 0.0] imu_ang_vel=[0.014913700520992279, 0.0026631606742739677, 0.0069242180325090885] imu_quat_wxyz=[0.4335637092590332, -0.029390813782811165, -0.01613258384168148, 0.9004990458488464] status=0x8203
joint_pos=[0.0, 0.0, 0.0, 0.0, 0.0, 0.0] joint_vel=[0.0, 0.0, 0.0, 0.0, 0.0, 0.0] imu_ang_vel=[0.015446333214640617, 0.0031957929022610188, 0.0069242180325090885] imu_quat_wxyz=[0.4335455298423767, -0.029332732781767845, -0.01602000929415226, 0.900511622428894] status=0x8203
joint_pos=[0.0, 0.0, 0.0, 0.0, 0.0, 0.0] joint_vel=[0.0, 0.0, 0.0, 0.0, 0.0, 0.0] imu_ang_vel=[0.014913700520992279, 0.0026631606742739677, 0.0069242180325090885] imu_quat_wxyz=[0.43352311849594116, -0.029272597283124924, -0.01590854860842228, 0.9005264639854431] status=0x8203
joint_pos=[0.0, 0.0, 0.0, 0.0, 0.0, 0.0] joint_vel=[0.0, 0.0, 0.0, 0.0, 0.0, 0.0] imu_ang_vel=[0.014913700520992279, 0.004261057358235121, 0.0063915858045220375] imu_quat_wxyz=[0.4335019290447235, -0.029217271134257317, -0.015798987820744514, 0.9005403518676758] status=0x8203
joint_pos=[0.0, 0.0, 0.0, 0.0, 0.0, 0.0] joint_vel=[0.0, 0.0, 0.0, 0.0, 0.0, 0.0] imu_ang_vel=[0.01757686212658882, 0.0031957929022610188, 0.005858954042196274] imu_quat_wxyz=[0.4334806203842163, -0.029161477461457253, -0.015687940642237663, 0.900554358959198] status=0x8203
joint_pos=[0.0, 0.0, 0.0, 0.0, 0.0, 0.0] joint_vel=[0.0, 0.0, 0.0, 0.0, 0.0, 0.0] imu_ang_vel=[0.017044229432940483, 0.004261057358235121, 0.005858954042196274] imu_quat_wxyz=[0.43347370624542236, -0.029378710314631462, -0.016133183613419533, 0.9005427360534668] status=0x8203
joint_pos=[0.0, 0.0, 0.0, 0.0, 0.0, 0.0] joint_vel=[0.0, 0.0, 0.0, 0.0, 0.0, 0.0] imu_ang_vel=[0.017044229432940483, 0.0026631606742739677, 0.0063915858045220375] imu_quat_wxyz=[0.4334535300731659, -0.029326101765036583, -0.016020623967051506, 0.9005561470985413] status=0x8203
joint_pos=[0.0, 0.0, 0.0, 0.0, 0.0, 0.0] joint_vel=[0.0, 0.0, 0.0, 0.0, 0.0, 0.0] imu_ang_vel=[0.01438106782734394, 0.0037284251302480698, 0.0069242180325090885] imu_quat_wxyz=[0.43343397974967957, -0.029267391189932823, -0.015907106921076775, 0.9005695581436157] status=0x8203
joint_pos=[0.0, 0.0, 0.0, 0.0, 0.0, 0.0] joint_vel=[0.0, 0.0, 0.0, 0.0, 0.0, 0.0] imu_ang_vel=[0.01810949295759201, 0.004261057358235121, 0.0063915858045220375] imu_quat_wxyz=[0.433410108089447, -0.029218409210443497, -0.015793679282069206, 0.9005845189094543] status=0x8203
joint_pos=[0.0, 0.0, 0.0, 0.0, 0.0, 0.0] joint_vel=[0.0, 0.0, 0.0, 0.0, 0.0, 0.0] imu_ang_vel=[0.017044229432940483, 0.0037284251302480698, 0.004793689586222172] imu_quat_wxyz=[0.43338775634765625, -0.029167016968131065, -0.01567530445754528, 0.9005990028381348] status=0x8203
joint_pos=[0.0, 0.0, 0.0, 0.0, 0.0, 0.0] joint_vel=[0.0, 0.0, 0.0, 0.0, 0.0, 0.0] imu_ang_vel=[0.01757686212658882, 0.0037284251302480698, 0.0063915858045220375] imu_quat_wxyz=[0.43339455127716064, -0.02938903495669365, -0.01612875796854496, 0.900580644607544] status=0x8203
joint_pos=[0.0, 0.0, 0.0, 0.0, 0.0, 0.0] joint_vel=[0.0, 0.0, 0.0, 0.0, 0.0, 0.0] imu_ang_vel=[0.016511596739292145, 0.0031957929022610188, 0.0074568502604961395] imu_quat_wxyz=[0.4333755671977997, -0.029325038194656372, -0.016012588515877724, 0.9005939364433289] status=0x8203
joint_pos=[0.0, 0.0, 0.0, 0.0, 0.0, 0.0] joint_vel=[0.0, 0.0, 0.0, 0.0, 0.0, 0.0] imu_ang_vel=[0.016511596739292145, 0.004793689586222172, 0.0063915858045220375] imu_quat_wxyz=[0.43335288763046265, -0.029271697625517845, -0.01589934714138508, 0.900608479976654] status=0x8203
joint_pos=[0.0, 0.0, 0.0, 0.0, 0.0, 0.0] joint_vel=[0.0, 0.0, 0.0, 0.0, 0.0, 0.0] imu_ang_vel=[0.015978965908288956, 0.0037284251302480698, 0.0074568502604961395] imu_quat_wxyz=[0.4333273768424988, -0.029216380789875984, -0.015783777460455894, 0.9006245732307434] status=0x8203
joint_pos=[0.0, 0.0, 0.0, 0.0, 0.0, 0.0] joint_vel=[0.0, 0.0, 0.0, 0.0, 0.0, 0.0] imu_ang_vel=[0.017044229432940483, 0.004793689586222172, 0.005858954042196274] imu_quat_wxyz=[0.43331265449523926, -0.02915663830935955, -0.015678729861974716, 0.9006354808807373] status=0x8203
joint_pos=[0.0, 0.0, 0.0, 0.0, 0.0, 0.0] joint_vel=[0.0, 0.0, 0.0, 0.0, 0.0, 0.0] imu_ang_vel=[0.017044229432940483, 0.0037284251302480698, 0.007989482954144478] imu_quat_wxyz=[0.43336930871009827, -0.029387595131993294, -0.016137247905135155, 0.900592565536499] status=0x8203
joint_pos=[0.0, 0.0, 0.0, 0.0, 0.0, 0.0] joint_vel=[0.0, 0.0, 0.0, 0.0, 0.0, 0.0] imu_ang_vel=[0.014913700520992279, 0.0026631606742739677, 0.0063915858045220375] imu_quat_wxyz=[0.43335458636283875, -0.029362335801124573, -0.016081225126981735, 0.9006015658378601] status=0x8203
joint_pos=[0.0, 0.0, 0.0, 0.0, 0.0, 0.0] joint_vel=[0.0, 0.0, 0.0, 0.0, 0.0, 0.0] imu_ang_vel=[0.015978965908288956, 0.0037284251302480698, 0.005858954042196274] imu_quat_wxyz=[0.43332189321517944, -0.02928050607442856, -0.015913136303424835, 0.9006229043006897] status=0x8203
joint_pos=[0.0, 0.0, 0.0, 0.0, 0.0, 0.0] joint_vel=[0.0, 0.0, 0.0, 0.0, 0.0, 0.0] imu_ang_vel=[0.016511596739292145, 0.0026631606742739677, 0.0063915858045220375] imu_quat_wxyz=[0.43330445885658264, -0.029222389683127403, -0.01580355502665043, 0.9006350636482239] status=0x8203
joint_pos=[0.0, 0.0, 0.0, 0.0, 0.0, 0.0] joint_vel=[0.0, 0.0, 0.0, 0.0, 0.0, 0.0] imu_ang_vel=[0.015978965908288956, 0.0037284251302480698, 0.0074568502604961395] imu_quat_wxyz=[0.4332839548587799, -0.029167555272579193, -0.015690354630351067, 0.9006487727165222] status=0x8203
joint_pos=[0.0, 0.0, 0.0, 0.0, 0.0, 0.0] joint_vel=[0.0, 0.0, 0.0, 0.0, 0.0, 0.0] imu_ang_vel=[0.01757686212658882, 0.0026631606742739677, 0.005858954042196274] imu_quat_wxyz=[0.43332210183143616, -0.02938784472644329, -0.016121458262205124, 0.9006155133247375] status=0x8203
joint_pos=[0.0, 0.0, 0.0, 0.0, 0.0, 0.0] joint_vel=[0.0, 0.0, 0.0, 0.0, 0.0, 0.0] imu_ang_vel=[0.01757686212658882, 0.0037284251302480698, 0.0069242180325090885] imu_quat_wxyz=[0.43330299854278564, -0.029329033568501472, -0.016006749123334885, 0.9006288051605225] status=0x8203
joint_pos=[0.0, 0.0, 0.0, 0.0, 0.0, 0.0] joint_vel=[0.0, 0.0, 0.0, 0.0, 0.0, 0.0] imu_ang_vel=[0.017044229432940483, 0.004261057358235121, 0.0069242180325090885] imu_quat_wxyz=[0.43328630924224854, -0.02926856279373169, -0.01589585468173027, 0.9006406664848328] status=0x8203
joint_pos=[0.0, 0.0, 0.0, 0.0, 0.0, 0.0] joint_vel=[0.0, 0.0, 0.0, 0.0, 0.0, 0.0] imu_ang_vel=[0.01810949295759201, 0.0031957929022610188, 0.005858954042196274] imu_quat_wxyz=[0.4332638084888458, -0.029217099770903587, -0.01578342355787754, 0.9006551504135132] status=0x8203
joint_pos=[0.0, 0.0, 0.0, 0.0, 0.0, 0.0] joint_vel=[0.0, 0.0, 0.0, 0.0, 0.0, 0.0] imu_ang_vel=[0.016334054991602898, 0.004261057358235121, 0.00603649765253067] imu_quat_wxyz=[0.43324583768844604, -0.02916336990892887, -0.01566603220999241, 0.9006676077842712] status=0x8203
joint_pos=[0.0, 0.0, 0.0, 0.0, 0.0, 0.0] joint_vel=[0.0, 0.0, 0.0, 0.0, 0.0, 0.0] imu_ang_vel=[0.016511596739292145, 0.0037284251302480698, 0.005858954042196274] imu_quat_wxyz=[0.4334321916103363, -0.029389910399913788, -0.0161283016204834, 0.9005624651908875] status=0x8203
joint_pos=[0.0, 0.0, 0.0, 0.0, 0.0, 0.0] joint_vel=[0.0, 0.0, 0.0, 0.0, 0.0, 0.0] imu_ang_vel=[0.016511596739292145, 0.0031957929022610188, 0.0063915858045220375] imu_quat_wxyz=[0.4334251284599304, -0.029360806569457054, -0.016074562445282936, 0.9005677700042725] status=0x8203
joint_pos=[0.0, 0.0, 0.0, 0.0, 0.0, 0.0] joint_vel=[0.0, 0.0, 0.0, 0.0, 0.0, 0.0] imu_ang_vel=[0.017044229432940483, 0.0031957929022610188, 0.0074568502604961395] imu_quat_wxyz=[0.4333943724632263, -0.02927841804921627, -0.015902342274785042, 0.90058833360672] status=0x8203
joint_pos=[0.0, 0.0, 0.0, 0.0, 0.0, 0.0] joint_vel=[0.0, 0.0, 0.0, 0.0, 0.0, 0.0] imu_ang_vel=[0.015446333214640617, 0.0026631606742739677, 0.0063915858045220375] imu_quat_wxyz=[0.43337082862854004, -0.029222283512353897, -0.01578254997730255, 0.9006035327911377] status=0x8203
joint_pos=[0.0, 0.0, 0.0, 0.0, 0.0, 0.0] joint_vel=[0.0, 0.0, 0.0, 0.0, 0.0, 0.0] imu_ang_vel=[0.01633405312895775, 0.0035508808214217424, 0.00603649765253067] imu_quat_wxyz=[0.4333544373512268, -0.029166828840970993, -0.015671931207180023, 0.9006152153015137] status=0x8203
joint_pos=[0.0, 0.0, 0.0, 0.0, 0.0, 0.0] joint_vel=[0.0, 0.0, 0.0, 0.0, 0.0, 0.0] imu_ang_vel=[0.01757686212658882, 0.004261057358235121, 0.005326321814209223] imu_quat_wxyz=[0.4333604574203491, -0.029400192201137543, -0.016136793419718742, 0.9005964398384094] status=0x8203
joint_pos=[0.0, 0.0, 0.0, 0.0, 0.0, 0.0] joint_vel=[0.0, 0.0, 0.0, 0.0, 0.0, 0.0] imu_ang_vel=[0.01810949295759201, 0.004261057358235121, 0.0069242180325090885] imu_quat_wxyz=[0.43334171175956726, -0.02934621088206768, -0.01602790132164955, 0.9006091952323914] status=0x8203
joint_pos=[0.0, 0.0, 0.0, 0.0, 0.0, 0.0] joint_vel=[0.0, 0.0, 0.0, 0.0, 0.0, 0.0] imu_ang_vel=[0.015978965908288956, 0.0021305286791175604, 0.0063915858045220375] imu_quat_wxyz=[0.4333219826221466, -0.029291285201907158, -0.015909818932414055, 0.900622546672821] status=0x8203
joint_pos=[0.0, 0.0, 0.0, 0.0, 0.0, 0.0] joint_vel=[0.0, 0.0, 0.0, 0.0, 0.0, 0.0] imu_ang_vel=[0.016511596739292145, 0.0026631606742739677, 0.0063915858045220375] imu_quat_wxyz=[0.433300644159317, -0.02923089824616909, -0.015799233689904213, 0.9006367921829224] status=0x8203
joint_pos=[0.0, 0.0, 0.0, 0.0, 0.0, 0.0] joint_vel=[0.0, 0.0, 0.0, 0.0, 0.0, 0.0] imu_ang_vel=[0.01810949295759201, 0.004261057358235121, 0.0074568502604961395] imu_quat_wxyz=[0.43327704071998596, -0.029173510149121284, -0.0156834926456213, 0.9006519317626953] status=0x8203
joint_pos=[0.0, 0.0, 0.0, 0.0, 0.0, 0.0] joint_vel=[0.0, 0.0, 0.0, 0.0, 0.0, 0.0] imu_ang_vel=[0.01810949295759201, 0.0031957929022610188, 0.0069242180325090885] imu_quat_wxyz=[0.4334685802459717, -0.029397819191217422, -0.01614481769502163, 0.9005443453788757] status=0x8203
joint_pos=[0.0, 0.0, 0.0, 0.0, 0.0, 0.0] joint_vel=[0.0, 0.0, 0.0, 0.0, 0.0, 0.0] imu_ang_vel=[0.015978965908288956, 0.0037284251302480698, 0.0069242180325090885] imu_quat_wxyz=[0.43345990777015686, -0.02936704270541668, -0.016086414456367493, 0.9005506038665771] status=0x8203
joint_pos=[0.0, 0.0, 0.0, 0.0, 0.0, 0.0] joint_vel=[0.0, 0.0, 0.0, 0.0, 0.0, 0.0] imu_ang_vel=[0.015978965908288956, 0.004261057358235121, 0.0063915858045220375] imu_quat_wxyz=[0.43342968821525574, -0.029285678640007973, -0.015920858830213547, 0.9005707502365112] status=0x8203
joint_pos=[0.0, 0.0, 0.0, 0.0, 0.0, 0.0] joint_vel=[0.0, 0.0, 0.0, 0.0, 0.0, 0.0] imu_ang_vel=[0.015978965908288956, 0.004793689586222172, 0.009587379172444344] imu_quat_wxyz=[0.4334075152873993, -0.02923167683184147, -0.015808172523975372, 0.9005851149559021] status=0x8203
joint_pos=[0.0, 0.0, 0.0, 0.0, 0.0, 0.0] joint_vel=[0.0, 0.0, 0.0, 0.0, 0.0, 0.0] imu_ang_vel=[0.01810949295759201, 0.004261057358235121, 0.0074568502604961395] imu_quat_wxyz=[0.4333817660808563, -0.029177937656641006, -0.01569260098040104, 0.900601327419281] status=0x8203
joint_pos=[0.0, 0.0, 0.0, 0.0, 0.0, 0.0] joint_vel=[0.0, 0.0, 0.0, 0.0, 0.0, 0.0] imu_ang_vel=[0.014913700520992279, 0.0031957929022610188, 0.004793689586222172] imu_quat_wxyz=[0.43327659368515015, -0.029404450207948685, -0.0161626935005188, 0.9006362557411194] status=0x8203
joint_pos=[0.0, 0.0, 0.0, 0.0, 0.0, 0.0] joint_vel=[0.0, 0.0, 0.0, 0.0, 0.0, 0.0] imu_ang_vel=[0.017044229432940483, 0.0031957929022610188, 0.0063915858045220375] imu_quat_wxyz=[0.43325597047805786, -0.029351243749260902, -0.016051165759563446, 0.9006497859954834] status=0x8203
joint_pos=[0.0, 0.0, 0.0, 0.0, 0.0, 0.0] joint_vel=[0.0, 0.0, 0.0, 0.0, 0.0, 0.0] imu_ang_vel=[0.015978965908288956, 0.0031957929022610188, 0.005858954042196274] imu_quat_wxyz=[0.4332379996776581, -0.029291771352291107, -0.015939028933644295, 0.9006624221801758] status=0x8203
joint_pos=[0.0, 0.0, 0.0, 0.0, 0.0, 0.0] joint_vel=[0.0, 0.0, 0.0, 0.0, 0.0, 0.0] imu_ang_vel=[0.016511596739292145, 0.0037284251302480698, 0.0074568502604961395] imu_quat_wxyz=[0.43321937322616577, -0.029237814247608185, -0.015833809971809387, 0.9006750583648682] status=0x8203
joint_pos=[0.0, 0.0, 0.0, 0.0, 0.0, 0.0] joint_vel=[0.0, 0.0, 0.0, 0.0, 0.0, 0.0] imu_ang_vel=[0.014913700520992279, 0.004261057358235121, 0.007989482954144478] imu_quat_wxyz=[0.4331973195075989, -0.02918050065636635, -0.015732107684016228, 0.9006893038749695] status=0x8203
joint_pos=[0.0, 0.0, 0.0, 0.0, 0.0, 0.0] joint_vel=[0.0, 0.0, 0.0, 0.0, 0.0, 0.0] imu_ang_vel=[0.016511596739292145, 0.0031957929022610188, 0.0069242180325090885] imu_quat_wxyz=[0.4331587851047516, -0.029401350766420364, -0.016177747398614883, 0.9006927609443665] status=0x8203
joint_pos=[0.0, 0.0, 0.0, 0.0, 0.0, 0.0] joint_vel=[0.0, 0.0, 0.0, 0.0, 0.0, 0.0] imu_ang_vel=[0.016511596739292145, 0.0026631606742739677, 0.005858954042196274] imu_quat_wxyz=[0.43314194679260254, -0.02934318035840988, -0.016065262258052826, 0.9007047414779663] status=0x8203
joint_pos=[0.0, 0.0, 0.0, 0.0, 0.0, 0.0] joint_vel=[0.0, 0.0, 0.0, 0.0, 0.0, 0.0] imu_ang_vel=[0.016511596739292145, 0.0031957929022610188, 0.0069242180325090885] imu_quat_wxyz=[0.43313437700271606, -0.029312536120414734, -0.016010764986276627, 0.90071040391922] status=0x8203
joint_pos=[0.0, 0.0, 0.0, 0.0, 0.0, 0.0] joint_vel=[0.0, 0.0, 0.0, 0.0, 0.0, 0.0] imu_ang_vel=[0.015978965908288956, 0.004261057358235121, 0.0063915858045220375] imu_quat_wxyz=[0.43310216069221497, -0.02922450751066208, -0.015843449160456657, 0.9007316827774048] status=0x8203
joint_pos=[0.0, 0.0, 0.0, 0.0, 0.0, 0.0] joint_vel=[0.0, 0.0, 0.0, 0.0, 0.0, 0.0] imu_ang_vel=[0.016511596739292145, 0.0037284251302480698, 0.005858954042196274] imu_quat_wxyz=[0.4330804944038391, -0.029168926179409027, -0.01573054865002632, 0.9007458090782166] status=0x8203
joint_pos=[0.0, 0.0, 0.0, 0.0, 0.0, 0.0] joint_vel=[0.0, 0.0, 0.0, 0.0, 0.0, 0.0] imu_ang_vel=[0.017044229432940483, 0.0031957929022610188, 0.0074568502604961395] imu_quat_wxyz=[0.4330519735813141, -0.029381632804870605, -0.016165679320693016, 0.9007449746131897] status=0x8203
joint_pos=[0.0, 0.0, 0.0, 0.0, 0.0, 0.0] joint_vel=[0.0, 0.0, 0.0, 0.0, 0.0, 0.0] imu_ang_vel=[0.01810949295759201, 0.0037284251302480698, 0.005858954042196274] imu_quat_wxyz=[0.4330344498157501, -0.029326828196644783, -0.016056202352046967, 0.9007570743560791] status=0x8203
joint_pos=[0.0, 0.0, 0.0, 0.0, 0.0, 0.0] joint_vel=[0.0, 0.0, 0.0, 0.0, 0.0, 0.0] imu_ang_vel=[0.017044229432940483, 0.0037284251302480698, 0.0074568502604961395] imu_quat_wxyz=[0.4330148994922638, -0.029266443103551865, -0.01594102382659912, 0.9007706046104431] status=0x8203
joint_pos=[0.0, 0.0, 0.0, 0.0, 0.0, 0.0] joint_vel=[0.0, 0.0, 0.0, 0.0, 0.0, 0.0] imu_ang_vel=[0.015446333214640617, 0.0026631606742739677, 0.0074568502604961395] imu_quat_wxyz=[0.4329886734485626, -0.0292133167386055, -0.01582462713122368, 0.9007869362831116] status=0x8203
joint_pos=[0.0, 0.0, 0.0, 0.0, 0.0, 0.0] joint_vel=[0.0, 0.0, 0.0, 0.0, 0.0, 0.0] imu_ang_vel=[0.017044229432940483, 0.004261057358235121, 0.0069242180325090885] imu_quat_wxyz=[0.4329652786254883, -0.029151184484362602, -0.01571117714047432, 0.9008021354675293] status=0x8203
joint_pos=[0.0, 0.0, 0.0, 0.0, 0.0, 0.0] joint_vel=[0.0, 0.0, 0.0, 0.0, 0.0, 0.0] imu_ang_vel=[0.01438106782734394, 0.0026631606742739677, 0.005858954042196274] imu_quat_wxyz=[0.4329727590084076, -0.02936195209622383, -0.016144869849085808, 0.9007840156555176] status=0x8203
joint_pos=[0.0, 0.0, 0.0, 0.0, 0.0, 0.0] joint_vel=[0.0, 0.0, 0.0, 0.0, 0.0, 0.0] imu_ang_vel=[0.01810949295759201, 0.004261057358235121, 0.007989482954144478] imu_quat_wxyz=[0.4329555928707123, -0.029305540025234222, -0.016038162633776665, 0.9007959961891174] status=0x8203
joint_pos=[0.0, 0.0, 0.0, 0.0, 0.0, 0.0] joint_vel=[0.0, 0.0, 0.0, 0.0, 0.0, 0.0] imu_ang_vel=[0.01810949295759201, 0.0031957929022610188, 0.008522114716470242] imu_quat_wxyz=[0.4329325556755066, -0.02925661951303482, -0.015915894880890846, 0.9008108377456665] status=0x8203
joint_pos=[0.0, 0.0, 0.0, 0.0, 0.0, 0.0] joint_vel=[0.0, 0.0, 0.0, 0.0, 0.0, 0.0] imu_ang_vel=[0.015978965908288956, 0.0026631606742739677, 0.0063915858045220375] imu_quat_wxyz=[0.43290746212005615, -0.029199540615081787, -0.015804141759872437, 0.9008267521858215] status=0x8203
joint_pos=[0.0, 0.0, 0.0, 0.0, 0.0, 0.0] joint_vel=[0.0, 0.0, 0.0, 0.0, 0.0, 0.0] imu_ang_vel=[0.019707389175891876, 0.004261057358235121, 0.0074568502604961395] imu_quat_wxyz=[0.43288490176200867, -0.029145630076527596, -0.01569044589996338, 0.900841236114502] status=0x8203
joint_pos=[0.0, 0.0, 0.0, 0.0, 0.0, 0.0] joint_vel=[0.0, 0.0, 0.0, 0.0, 0.0, 0.0] imu_ang_vel=[0.016511596739292145, 0.0037284251302480698, 0.005858954042196274] imu_quat_wxyz=[0.4328274130821228, -0.029351986944675446, -0.01611694134771824, 0.9008546471595764] status=0x8203
joint_pos=[0.0, 0.0, 0.0, 0.0, 0.0, 0.0] joint_vel=[0.0, 0.0, 0.0, 0.0, 0.0, 0.0] imu_ang_vel=[0.017044229432940483, 0.0037284251302480698, 0.0053263213485479355] imu_quat_wxyz=[0.43280911445617676, -0.02929832972586155, -0.01600714586675167, 0.9008671641349792] status=0x8203
joint_pos=[0.0, 0.0, 0.0, 0.0, 0.0, 0.0] joint_vel=[0.0, 0.0, 0.0, 0.0, 0.0, 0.0] imu_ang_vel=[0.01864212565124035, 0.0026631606742739677, 0.0069242180325090885] imu_quat_wxyz=[0.4327920973300934, -0.029238922521471977, -0.015891045331954956, 0.9008793830871582] status=0x8203
joint_pos=[0.0, 0.0, 0.0, 0.0, 0.0, 0.0] joint_vel=[0.0, 0.0, 0.0, 0.0, 0.0, 0.0] imu_ang_vel=[0.015446333214640617, 0.004793689586222172, 0.007989482954144478] imu_quat_wxyz=[0.43276911973953247, -0.02917584404349327, -0.015775086358189583, 0.9008944630622864] status=0x8203
joint_pos=[0.0, 0.0, 0.0, 0.0, 0.0, 0.0] joint_vel=[0.0, 0.0, 0.0, 0.0, 0.0, 0.0] imu_ang_vel=[0.016511596739292145, 0.005326321814209223, 0.0069242180325090885] imu_quat_wxyz=[0.4327425956726074, -0.02912512607872486, -0.015659507364034653, 0.9009107947349548] status=0x8203
joint_pos=[0.0, 0.0, 0.0, 0.0, 0.0, 0.0] joint_vel=[0.0, 0.0, 0.0, 0.0, 0.0, 0.0] imu_ang_vel=[0.015978965908288956, 0.0026631606742739677, 0.004793689586222172] imu_quat_wxyz=[0.4326685070991516, -0.029337557032704353, -0.016095656901597977, 0.9009318351745605] status=0x8203
joint_pos=[0.0, 0.0, 0.0, 0.0, 0.0, 0.0] joint_vel=[0.0, 0.0, 0.0, 0.0, 0.0, 0.0] imu_ang_vel=[0.016511596739292145, 0.004261057358235121, 0.005858954042196274] imu_quat_wxyz=[0.43265479803085327, -0.029278719797730446, -0.015984544530510902, 0.900942325592041] status=0x8203
joint_pos=[0.0, 0.0, 0.0, 0.0, 0.0, 0.0] joint_vel=[0.0, 0.0, 0.0, 0.0, 0.0, 0.0] imu_ang_vel=[0.01438106782734394, 0.0026631606742739677, 0.008522114716470242] imu_quat_wxyz=[0.432636559009552, -0.02922053448855877, -0.015867816284298897, 0.9009550213813782] status=0x8203
joint_pos=[0.0, 0.0, 0.0, 0.0, 0.0, 0.0] joint_vel=[0.0, 0.0, 0.0, 0.0, 0.0, 0.0] imu_ang_vel=[0.015978965908288956, 0.0031957929022610188, 0.005858954042196274] imu_quat_wxyz=[0.43261176347732544, -0.029164304956793785, -0.0157485269010067, 0.9009709358215332] status=0x8203
joint_pos=[0.0, 0.0, 0.0, 0.0, 0.0, 0.0] joint_vel=[0.0, 0.0, 0.0, 0.0, 0.0, 0.0] imu_ang_vel=[0.015446333214640617, 0.0021305286791175604, 0.005326321814209223] imu_quat_wxyz=[0.4326044023036957, -0.02913874387741089, -0.0156928151845932, 0.900976300239563] status=0x8203
joint_pos=[0.0, 0.0, 0.0, 0.0, 0.0, 0.0] joint_vel=[0.0, 0.0, 0.0, 0.0, 0.0, 0.0] imu_ang_vel=[0.017044229432940483, 0.0021305286791175604, 0.007989482954144478] imu_quat_wxyz=[0.43250131607055664, -0.029336581006646156, -0.016110438853502274, 0.9010119438171387] status=0x8203
joint_pos=[0.0, 0.0, 0.0, 0.0, 0.0, 0.0] joint_vel=[0.0, 0.0, 0.0, 0.0, 0.0, 0.0] imu_ang_vel=[0.017044229432940483, 0.0037284251302480698, 0.0074568502604961395] imu_quat_wxyz=[0.4324735105037689, -0.02927791140973568, -0.015999648720026016, 0.901029109954834] status=0x8203
joint_pos=[0.0, 0.0, 0.0, 0.0, 0.0, 0.0] joint_vel=[0.0, 0.0, 0.0, 0.0, 0.0, 0.0] imu_ang_vel=[0.01757686212658882, 0.0026631606742739677, 0.0069242180325090885] imu_quat_wxyz=[0.43244442343711853, -0.029223475605249405, -0.01588529907166958, 0.9010469317436218] status=0x8203
joint_pos=[0.0, 0.0, 0.0, 0.0, 0.0, 0.0] joint_vel=[0.0, 0.0, 0.0, 0.0, 0.0, 0.0] imu_ang_vel=[0.01757686212658882, 0.0021305286791175604, 0.005858954042196274] imu_quat_wxyz=[0.4324242174625397, -0.02916857600212097, -0.01577015221118927, 0.9010604619979858] status=0x8203
joint_pos=[0.0, 0.0, 0.0, 0.0, 0.0, 0.0] joint_vel=[0.0, 0.0, 0.0, 0.0, 0.0, 0.0] imu_ang_vel=[0.01668914221227169, 0.0028407045174390078, 0.00603649765253067] imu_quat_wxyz=[0.4324096143245697, -0.029100969433784485, -0.01566322147846222, 0.9010714292526245] status=0x8203
joint_pos=[0.0, 0.0, 0.0, 0.0, 0.0, 0.0] joint_vel=[0.0, 0.0, 0.0, 0.0, 0.0, 0.0] imu_ang_vel=[0.01757686212658882, 0.004261057358235121, 0.007989482954144478] imu_quat_wxyz=[0.43238598108291626, -0.029312502592802048, -0.016091834753751755, 0.9010683298110962] status=0x8203
joint_pos=[0.0, 0.0, 0.0, 0.0, 0.0, 0.0] joint_vel=[0.0, 0.0, 0.0, 0.0, 0.0, 0.0] imu_ang_vel=[0.016511596739292145, 0.004261057358235121, 0.0069242180325090885] imu_quat_wxyz=[0.4323593080043793, -0.029264649376273155, -0.015973400324583054, 0.901084840297699] status=0x8203
joint_pos=[0.0, 0.0, 0.0, 0.0, 0.0, 0.0] joint_vel=[0.0, 0.0, 0.0, 0.0, 0.0, 0.0] imu_ang_vel=[0.014913700520992279, 0.0037284251302480698, 0.005326321814209223] imu_quat_wxyz=[0.43233853578567505, -0.029211565852165222, -0.015863513574004173, 0.9010984301567078] status=0x8203
joint_pos=[0.0, 0.0, 0.0, 0.0, 0.0, 0.0] joint_vel=[0.0, 0.0, 0.0, 0.0, 0.0, 0.0] imu_ang_vel=[0.016511596739292145, 0.004261057358235121, 0.0074568502604961395] imu_quat_wxyz=[0.4323243796825409, -0.029156861826777458, -0.015749149024486542, 0.9011090397834778] status=0x8203
joint_pos=[0.0, 0.0, 0.0, 0.0, 0.0, 0.0] joint_vel=[0.0, 0.0, 0.0, 0.0, 0.0, 0.0] imu_ang_vel=[0.015978965908288956, 0.004261057358235121, 0.008522114716470242] imu_quat_wxyz=[0.43230006098747253, -0.029108256101608276, -0.015636058524250984, 0.9011242985725403] status=0x8203
joint_pos=[0.0, 0.0, 0.0, 0.0, 0.0, 0.0] joint_vel=[0.0, 0.0, 0.0, 0.0, 0.0, 0.0] imu_ang_vel=[0.016511596739292145, 0.0031957929022610188, 0.005858954042196274] imu_quat_wxyz=[0.4322983920574188, -0.02932831458747387, -0.016061056405305862, 0.9011104702949524] status=0x8203
joint_pos=[0.0, 0.0, 0.0, 0.0, 0.0, 0.0] joint_vel=[0.0, 0.0, 0.0, 0.0, 0.0, 0.0] imu_ang_vel=[0.016511596739292145, 0.0037284251302480698, 0.005326321814209223] imu_quat_wxyz=[0.43227842450141907, -0.029269229620695114, -0.01594892330467701, 0.9011239409446716] status=0x8203
joint_pos=[0.0, 0.0, 0.0, 0.0, 0.0, 0.0] joint_vel=[0.0, 0.0, 0.0, 0.0, 0.0, 0.0] imu_ang_vel=[0.01438106782734394, 0.0021305286791175604, 0.0063915858045220375] imu_quat_wxyz=[0.4322616755962372, -0.029215170070528984, -0.015836184844374657, 0.9011357426643372] status=0x8203
joint_pos=[0.0, 0.0, 0.0, 0.0, 0.0, 0.0] joint_vel=[0.0, 0.0, 0.0, 0.0, 0.0, 0.0] imu_ang_vel=[0.016511596739292145, 0.004261057358235121, 0.0069242180325090885] imu_quat_wxyz=[0.4322521984577179, -0.029187412932515144, -0.01578076370060444, 0.9011421203613281] status=0x8203
joint_pos=[0.0, 0.0, 0.0, 0.0, 0.0, 0.0] joint_vel=[0.0, 0.0, 0.0, 0.0, 0.0, 0.0] imu_ang_vel=[0.016511596739292145, 0.004261057358235121, 0.0069242180325090885] imu_quat_wxyz=[0.4322223365306854, -0.029102815315127373, -0.015611630864441395, 0.9011620879173279] status=0x8203
joint_pos=[0.0, 0.0, 0.0, 0.0, 0.0, 0.0] joint_vel=[0.0, 0.0, 0.0, 0.0, 0.0, 0.0] imu_ang_vel=[0.015446333214640617, 0.0026631606742739677, 0.005858954042196274] imu_quat_wxyz=[0.4322206676006317, -0.029328597709536552, -0.016080349683761597, 0.9011473059654236] status=0x8203
joint_pos=[0.0, 0.0, 0.0, 0.0, 0.0, 0.0] joint_vel=[0.0, 0.0, 0.0, 0.0, 0.0, 0.0] imu_ang_vel=[0.01438106782734394, 0.004261057358235121, 0.005326321814209223] imu_quat_wxyz=[0.43220430612564087, -0.02927621826529503, -0.01597319357097149, 0.90115886926651] status=0x8203
joint_pos=[0.0, 0.0, 0.0, 0.0, 0.0, 0.0] joint_vel=[0.0, 0.0, 0.0, 0.0, 0.0, 0.0] imu_ang_vel=[0.01757686212658882, 0.0026631606742739677, 0.0074568502604961395] imu_quat_wxyz=[0.43218642473220825, -0.029220111668109894, -0.01585649885237217, 0.9011713266372681] status=0x8203
joint_pos=[0.0, 0.0, 0.0, 0.0, 0.0, 0.0] joint_vel=[0.0, 0.0, 0.0, 0.0, 0.0, 0.0] imu_ang_vel=[0.015978965908288956, 0.005326321814209223, 0.0063915858045220375] imu_quat_wxyz=[0.4321672320365906, -0.029167884960770607, -0.015744786709547043, 0.9011841416358948] status=0x8203
joint_pos=[0.0, 0.0, 0.0, 0.0, 0.0, 0.0] joint_vel=[0.0, 0.0, 0.0, 0.0, 0.0, 0.0] imu_ang_vel=[0.016511596739292145, 0.0026631606742739677, 0.0063915858045220375] imu_quat_wxyz=[0.43215253949165344, -0.029111148789525032, -0.01562967151403427, 0.9011951088905334] status=0x8203
