Log file: /home/cx/robot_deploy/log/2026-07-23_17-35-09.txt
Loaded ONNX policy: /home/cx/mjlab-recovered/logs/rsl_rl/custom_biped_velocity_nolinvel/2026-07-20_17-02-11/2026-07-20_17-02-11.onnx
  input=obs[1,65] output=actions[1,6]
  velocity_command=[0.1, 0.0, 0.0]
  startup=move 4s + hold 1s
Connected to /dev/ttyACM0 at 921600 baud; loop rate 200 Hz.
joint_pos=[0.0, 0.0, 0.0, 0.0, 0.0, 0.0] joint_vel=[0.0, 0.0, 0.0, 0.0, 0.0, 0.0] imu_ang_vel=[0.016511596739292145, 0.0037284251302480698, 0.0063915858045220375] imu_quat_wxyz=[0.47954174876213074, -0.03017996810376644, -0.01456486713141203, 0.8768790364265442] status=0x8603
ONNX startup: moving from measured joint positions to [10.0, -20.0, 10.0, 10.0, -20.0, 10.0] deg over 4 s.
joint_pos=[0.0, 0.0, 0.0, 0.0, 0.0, 0.0] joint_vel=[0.0, 0.0, 0.0, 0.0, 0.0, 0.0] imu_ang_vel=[0.015978965908288956, 0.0026631606742739677, 0.005858954042196274] imu_quat_wxyz=[0.47952529788017273, -0.030113758519291878, -0.014454757794737816, 0.8768921494483948] status=0x8203
joint_pos=[0.0, 0.0, 0.0, 0.0, 0.0, 0.0] joint_vel=[0.0, 0.0, 0.0, 0.0, 0.0, 0.0] imu_ang_vel=[0.015978965908288956, 0.0031957929022610188, 0.0069242180325090885] imu_quat_wxyz=[0.4795076549053192, -0.030048970133066177, -0.014344832859933376, 0.8769057989120483] status=0x8203
joint_pos=[0.0, 0.0, 0.0, 0.0, 0.0, 0.0] joint_vel=[0.0, 0.0, 0.0, 0.0, 0.0, 0.0] imu_ang_vel=[0.017044229432940483, 0.0031957929022610188, 0.0074568502604961395] imu_quat_wxyz=[0.4794847071170807, -0.029992790892720222, -0.014236918650567532, 0.876922070980072] status=0x8203
joint_pos=[0.0, 0.0, 0.0, 0.0, 0.0, 0.0] joint_vel=[0.0, 0.0, 0.0, 0.0, 0.0, 0.0] imu_ang_vel=[0.015978965908288956, 0.005326321814209223, 0.0074568502604961395] imu_quat_wxyz=[0.47946107387542725, -0.02992916665971279, -0.014128767885267735, 0.8769388794898987] status=0x8203
joint_pos=[0.0, 0.0, 0.0, 0.0, 0.0, 0.0] joint_vel=[0.0, 0.0, 0.0, 0.0, 0.0, 0.0] imu_ang_vel=[0.01757686212658882, 0.0037284251302480698, 0.0063915858045220375] imu_quat_wxyz=[0.4794139862060547, -0.030168484896421432, -0.01455005258321762, 0.8769494891166687] status=0x8203
joint_pos=[0.0, 0.0, 0.0, 0.0, 0.0, 0.0] joint_vel=[0.0, 0.0, 0.0, 0.0, 0.0, 0.0] imu_ang_vel=[0.017044229432940483, 0.0031957929022610188, 0.0063915858045220375] imu_quat_wxyz=[0.4793967604637146, -0.030106207355856895, -0.014434992335736752, 0.8769629597663879] status=0x8203
joint_pos=[0.0, 0.0, 0.0, 0.0, 0.0, 0.0] joint_vel=[0.0, 0.0, 0.0, 0.0, 0.0, 0.0] imu_ang_vel=[0.016511596739292145, 0.0037284251302480698, 0.0063915858045220375] imu_quat_wxyz=[0.47937923669815063, -0.030045337975025177, -0.014325731433928013, 0.8769763708114624] status=0x8203
joint_pos=[0.0, 0.0, 0.0, 0.0, 0.0, 0.0] joint_vel=[0.0, 0.0, 0.0, 0.0, 0.0, 0.0] imu_ang_vel=[0.015446333214640617, 0.0037284251302480698, 0.0074568502604961395] imu_quat_wxyz=[0.4793568551540375, -0.029982881620526314, -0.014222048223018646, 0.8769924640655518] status=0x8203
joint_pos=[0.0, 0.0, 0.0, 0.0, 0.0, 0.0] joint_vel=[0.0, 0.0, 0.0, 0.0, 0.0, 0.0] imu_ang_vel=[0.015978965908288956, 0.0026631606742739677, 0.007989482954144478] imu_quat_wxyz=[0.47933095693588257, -0.02992543950676918, -0.014112979173660278, 0.8770104050636292] status=0x8203
joint_pos=[0.0, 0.0, 0.0, 0.0, 0.0, 0.0] joint_vel=[0.0, 0.0, 0.0, 0.0, 0.0, 0.0] imu_ang_vel=[0.01810949295759201, 0.004793689586222172, 0.0069242180325090885] imu_quat_wxyz=[0.4793974459171295, -0.03015841357409954, -0.014522812329232693, 0.8769594430923462] status=0x8203
joint_pos=[0.0, 0.0, 0.0, 0.0, 0.0, 0.0] joint_vel=[0.0, 0.0, 0.0, 0.0, 0.0, 0.0] imu_ang_vel=[0.015978965908288956, 0.0037284251302480698, 0.005326321814209223] imu_quat_wxyz=[0.479383647441864, -0.030097641050815582, -0.014409800991415977, 0.8769708275794983] status=0x8203
joint_pos=[0.0, 0.0, 0.0, 0.0, 0.0, 0.0] joint_vel=[0.0, 0.0, 0.0, 0.0, 0.0, 0.0] imu_ang_vel=[0.015446333214640617, 0.004261057358235121, 0.0069242180325090885] imu_quat_wxyz=[0.4793691635131836, -0.030039122328162193, -0.014309704303741455, 0.8769823908805847] status=0x8203
joint_pos=[0.0, 0.0, 0.0, 0.0, 0.0, 0.0] joint_vel=[0.0, 0.0, 0.0, 0.0, 0.0, 0.0] imu_ang_vel=[0.015446333214640617, 0.0037284251302480698, 0.0063915858045220375] imu_quat_wxyz=[0.4793453514575958, -0.029979385435581207, -0.01420395728200674, 0.8769991397857666] status=0x8203
joint_pos=[0.0, 0.0, 0.0, 0.0, 0.0, 0.0] joint_vel=[0.0, 0.0, 0.0, 0.0, 0.0, 0.0] imu_ang_vel=[0.017044229432940483, 0.0037284251302480698, 0.005858954042196274] imu_quat_wxyz=[0.47932252287864685, -0.029927026480436325, -0.014094201847910881, 0.8770152926445007] status=0x8203
joint_pos=[0.0, 0.0, 0.0, 0.0, 0.0, 0.0] joint_vel=[0.0, 0.0, 0.0, 0.0, 0.0, 0.0] imu_ang_vel=[0.014913700520992279, 0.0005326321697793901, 0.005326321814209223] imu_quat_wxyz=[0.479327917098999, -0.030187690630555153, -0.014558481983840466, 0.8769956827163696] status=0x8203
joint_pos=[0.0, 0.0, 0.0, 0.0, 0.0, 0.0] joint_vel=[0.0, 0.0, 0.0, 0.0, 0.0, 0.0] imu_ang_vel=[0.017044229432940483, 0.0031957929022610188, 0.005858954042196274] imu_quat_wxyz=[0.4793132543563843, -0.03012169897556305, -0.014457141980528831, 0.877007782459259] status=0x8203
joint_pos=[0.0, 0.0, 0.0, 0.0, 0.0, 0.0] joint_vel=[0.0, 0.0, 0.0, 0.0, 0.0, 0.0] imu_ang_vel=[0.016511596739292145, 0.004261057358235121, 0.005858954042196274] imu_quat_wxyz=[0.4792877733707428, -0.03005605936050415, -0.01433863490819931, 0.877025842666626] status=0x8203
joint_pos=[0.0, 0.0, 0.0, 0.0, 0.0, 0.0] joint_vel=[0.0, 0.0, 0.0, 0.0, 0.0, 0.0] imu_ang_vel=[0.017044229432940483, 0.0015978964511305094, 0.0074568502604961395] imu_quat_wxyz=[0.4792657196521759, -0.029997464269399643, -0.014221172779798508, 0.877041757106781] status=0x8203
joint_pos=[0.0, 0.0, 0.0, 0.0, 0.0, 0.0] joint_vel=[0.0, 0.0, 0.0, 0.0, 0.0, 0.0] imu_ang_vel=[0.016511596739292145, 0.0037284251302480698, 0.0063915858045220375] imu_quat_wxyz=[0.4792478084564209, -0.029931748285889626, -0.01411504577845335, 0.8770556449890137] status=0x8203
joint_pos=[0.0, 0.0, 0.0, 0.0, 0.0, 0.0] joint_vel=[0.0, 0.0, 0.0, 0.0, 0.0, 0.0] imu_ang_vel=[0.01757686212658882, 0.0031957929022610188, 0.0074568502604961395] imu_quat_wxyz=[0.47924408316612244, -0.030181799083948135, -0.01456991396844387, 0.8770415782928467] status=0x8203
joint_pos=[0.0, 0.0, 0.0, 0.0, 0.0, 0.0] joint_vel=[0.0, 0.0, 0.0, 0.0, 0.0, 0.0] imu_ang_vel=[0.015446333214640617, 0.004261057358235121, 0.0074568502604961395] imu_quat_wxyz=[0.47922220826148987, -0.030117982998490334, -0.01445761974900961, 0.8770575523376465] status=0x8203
joint_pos=[0.0, 0.0, 0.0, 0.0, 0.0, 0.0] joint_vel=[0.0, 0.0, 0.0, 0.0, 0.0, 0.0] imu_ang_vel=[0.01810949295759201, 0.0037284251302480698, 0.0063915858045220375] imu_quat_wxyz=[0.4791989028453827, -0.030059337615966797, -0.014345970004796982, 0.8770741820335388] status=0x8203
joint_pos=[0.0, 0.0, 0.0, 0.0, 0.0, 0.0] joint_vel=[0.0, 0.0, 0.0, 0.0, 0.0, 0.0] imu_ang_vel=[0.016511596739292145, 0.0031957929022610188, 0.0063915858045220375] imu_quat_wxyz=[0.4791787266731262, -0.029995091259479523, -0.014228876680135727, 0.8770893216133118] status=0x8203
joint_pos=[0.0, 0.0, 0.0, 0.0, 0.0, 0.0] joint_vel=[0.0, 0.0, 0.0, 0.0, 0.0, 0.0] imu_ang_vel=[0.01810949295759201, 0.0026631606742739677, 0.0069242180325090885] imu_quat_wxyz=[0.47916179895401, -0.029933536425232887, -0.014122015796601772, 0.8771023750305176] status=0x8203
joint_pos=[0.0, 0.0, 0.0, 0.0, 0.0, 0.0] joint_vel=[0.0, 0.0, 0.0, 0.0, 0.0, 0.0] imu_ang_vel=[0.017044229432940483, 0.004261057358235121, 0.0074568502604961395] imu_quat_wxyz=[0.4792701303958893, -0.030175115913152695, -0.014547914266586304, 0.8770279288291931] status=0x8203
joint_pos=[0.0, 0.0, 0.0, 0.0, 0.0, 0.0] joint_vel=[0.0, 0.0, 0.0, 0.0, 0.0, 0.0] imu_ang_vel=[0.015446333214640617, 0.0037284251302480698, 0.0074568502604961395] imu_quat_wxyz=[0.4792460501194, -0.030118413269519806, -0.01443418674170971, 0.8770448565483093] status=0x8203
joint_pos=[0.0, 0.0, 0.0, 0.0, 0.0, 0.0] joint_vel=[0.0, 0.0, 0.0, 0.0, 0.0, 0.0] imu_ang_vel=[0.016511596739292145, 0.0021305286791175604, 0.005858954042196274] imu_quat_wxyz=[0.4792274534702301, -0.030055612325668335, -0.014325421303510666, 0.8770590424537659] status=0x8203
joint_pos=[0.0, 0.0, 0.0, 0.0, 0.0, 0.0] joint_vel=[0.0, 0.0, 0.0, 0.0, 0.0, 0.0] imu_ang_vel=[0.016511596739292145, 0.0031957929022610188, 0.005858954042196274] imu_quat_wxyz=[0.4792112708091736, -0.02999143861234188, -0.014226333238184452, 0.877071738243103] status=0x8203
joint_pos=[0.0, 0.0, 0.0, 0.0, 0.0, 0.0] joint_vel=[0.0, 0.0, 0.0, 0.0, 0.0, 0.0] imu_ang_vel=[0.015978965908288956, 0.004793689586222172, 0.0074568502604961395] imu_quat_wxyz=[0.4791909158229828, -0.029931550845503807, -0.014114432968199253, 0.8770866990089417] status=0x8203
joint_pos=[0.0, 0.0, 0.0, 0.0, 0.0, 0.0] joint_vel=[0.0, 0.0, 0.0, 0.0, 0.0, 0.0] imu_ang_vel=[0.017044229432940483, 0.004261057358235121, 0.0069242180325090885] imu_quat_wxyz=[0.4792177677154541, -0.030177025124430656, -0.014548089355230331, 0.8770565986633301] status=0x8203
joint_pos=[0.0, 0.0, 0.0, 0.0, 0.0, 0.0] joint_vel=[0.0, 0.0, 0.0, 0.0, 0.0, 0.0] imu_ang_vel=[0.015978965908288956, 0.0037284251302480698, 0.0053263213485479355] imu_quat_wxyz=[0.47919735312461853, -0.0301163699477911, -0.014438384212553501, 0.8770716190338135] status=0x8203
joint_pos=[0.0, 0.0, 0.0, 0.0, 0.0, 0.0] joint_vel=[0.0, 0.0, 0.0, 0.0, 0.0, 0.0] imu_ang_vel=[0.015978965908288956, 0.0031957929022610188, 0.0063915858045220375] imu_quat_wxyz=[0.479183554649353, -0.03006083145737648, -0.014327344484627247, 0.8770827651023865] status=0x8203
joint_pos=[0.0, 0.0, 0.0, 0.0, 0.0, 0.0] joint_vel=[0.0, 0.0, 0.0, 0.0, 0.0, 0.0] imu_ang_vel=[0.015446333214640617, 0.004261057358235121, 0.004793689586222172] imu_quat_wxyz=[0.479164719581604, -0.029999105259776115, -0.014222310855984688, 0.877096951007843] status=0x8203
joint_pos=[0.0, 0.0, 0.0, 0.0, 0.0, 0.0] joint_vel=[0.0, 0.0, 0.0, 0.0, 0.0, 0.0] imu_ang_vel=[0.015446333214640617, 0.0026631606742739677, 0.0063915858045220375] imu_quat_wxyz=[0.4791436791419983, -0.029939409345388412, -0.01411663368344307, 0.8771121501922607] status=0x8203
joint_pos=[0.0, 0.0, 0.0, 0.0, 0.0, 0.0] joint_vel=[0.0, 0.0, 0.0, 0.0, 0.0, 0.0] imu_ang_vel=[0.015446333214640617, 0.0021305286791175604, 0.0063915858045220375] imu_quat_wxyz=[0.47916653752326965, -0.030161840841174126, -0.014528405852615833, 0.877085268497467] status=0x8203
joint_pos=[0.0, 0.0, 0.0, 0.0, 0.0, 0.0] joint_vel=[0.0, 0.0, 0.0, 0.0, 0.0, 0.0] imu_ang_vel=[0.01757686212658882, 0.0031957929022610188, 0.005326321814209223] imu_quat_wxyz=[0.479150652885437, -0.030096104368567467, -0.014420822262763977, 0.8770980834960938] status=0x8203
joint_pos=[0.0, 0.0, 0.0, 0.0, 0.0, 0.0] joint_vel=[0.0, 0.0, 0.0, 0.0, 0.0, 0.0] imu_ang_vel=[0.017044229432940483, 0.0031957929022610188, 0.0063915858045220375] imu_quat_wxyz=[0.4791352152824402, -0.030036455020308495, -0.014308667741715908, 0.8771103620529175] status=0x8203
joint_pos=[0.0, 0.0, 0.0, 0.0, 0.0, 0.0] joint_vel=[0.0, 0.0, 0.0, 0.0, 0.0, 0.0] imu_ang_vel=[0.016511596739292145, 0.0010652643395587802, 0.0074568502604961395] imu_quat_wxyz=[0.47911569476127625, -0.029970813542604446, -0.014199187979102135, 0.877125084400177] status=0x8203
joint_pos=[0.0, 0.0, 0.0, 0.0, 0.0, 0.0] joint_vel=[0.0, 0.0, 0.0, 0.0, 0.0, 0.0] imu_ang_vel=[0.017754405736923218, 0.0024856168311089277, 0.00568140996620059] imu_quat_wxyz=[0.479093462228775, -0.02990124374628067, -0.014094824902713299, 0.8771412372589111] status=0x8203
joint_pos=[0.0, 0.0, 0.0, 0.0, 0.0, 0.0] joint_vel=[0.0, 0.0, 0.0, 0.0, 0.0, 0.0] imu_ang_vel=[0.017044229432940483, 0.0037284251302480698, 0.0069242180325090885] imu_quat_wxyz=[0.47905150055885315, -0.030140237882733345, -0.014525918290019035, 0.8771490454673767] status=0x8203
joint_pos=[0.0, 0.0, 0.0, 0.0, 0.0, 0.0] joint_vel=[0.0, 0.0, 0.0, 0.0, 0.0, 0.0] imu_ang_vel=[0.01757686212658882, 0.0031957929022610188, 0.0069242180325090885] imu_quat_wxyz=[0.479033499956131, -0.030079375952482224, -0.01441966276615858, 0.8771626949310303] status=0x8203
joint_pos=[0.0, 0.0, 0.0, 0.0, 0.0, 0.0] joint_vel=[0.0, 0.0, 0.0, 0.0, 0.0, 0.0] imu_ang_vel=[0.015978965908288956, 0.0026631606742739677, 0.005858954042196274] imu_quat_wxyz=[0.4790147542953491, -0.0300168264657259, -0.014313563704490662, 0.8771767616271973] status=0x8203
joint_pos=[0.0, 0.0, 0.0, 0.0, 0.0, 0.0] joint_vel=[0.0, 0.0, 0.0, 0.0, 0.0, 0.0] imu_ang_vel=[0.01810949295759201, 0.0031957929022610188, 0.008522114716470242] imu_quat_wxyz=[0.47900670766830444, -0.02998407930135727, -0.014260867610573769, 0.8771830797195435] status=0x8203
joint_pos=[0.0, 0.0, 0.0, 0.0, 0.0, 0.0] joint_vel=[0.0, 0.0, 0.0, 0.0, 0.0, 0.0] imu_ang_vel=[0.017044229432940483, 0.0031957929022610188, 0.0063915858045220375] imu_quat_wxyz=[0.4789716601371765, -0.0298918504267931, -0.01409279927611351, 0.8772080540657043] status=0x8203
joint_pos=[0.0, 0.0, 0.0, 0.0, 0.0, 0.0] joint_vel=[0.0, 0.0, 0.0, 0.0, 0.0, 0.0] imu_ang_vel=[0.017044229432940483, 0.0031957929022610188, 0.0063915858045220375] imu_quat_wxyz=[0.4790495038032532, -0.030119700357317924, -0.01450495794415474, 0.8771510720252991] status=0x8203
joint_pos=[0.0, 0.0, 0.0, 0.0, 0.0, 0.0] joint_vel=[0.0, 0.0, 0.0, 0.0, 0.0, 0.0] imu_ang_vel=[0.01757686212658882, 0.0031957929022610188, 0.0069242180325090885] imu_quat_wxyz=[0.4790318012237549, -0.030060647055506706, -0.014394178986549377, 0.8771646618843079] status=0x8203
joint_pos=[0.0, 0.0, 0.0, 0.0, 0.0, 0.0] joint_vel=[0.0, 0.0, 0.0, 0.0, 0.0, 0.0] imu_ang_vel=[0.016511596739292145, 0.0037284251302480698, 0.007989482954144478] imu_quat_wxyz=[0.4790104031562805, -0.029999367892742157, -0.014284545555710793, 0.8771801590919495] status=0x8203
joint_pos=[0.0, 0.0, 0.0, 0.0, 0.0, 0.0] joint_vel=[0.0, 0.0, 0.0, 0.0, 0.0, 0.0] imu_ang_vel=[0.01757686212658882, 0.0031957929022610188, 0.0069242180325090885] imu_quat_wxyz=[0.47898560762405396, -0.02994098886847496, -0.014175495132803917, 0.8771974444389343] status=0x8203
joint_pos=[0.0, 0.0, 0.0, 0.0, 0.0, 0.0] joint_vel=[0.0, 0.0, 0.0, 0.0, 0.0, 0.0] imu_ang_vel=[0.017044229432940483, 0.0031957929022610188, 0.005326321814209223] imu_quat_wxyz=[0.47896477580070496, -0.02988472953438759, -0.014063124544918537, 0.877212643623352] status=0x8203
joint_pos=[0.0, 0.0, 0.0, 0.0, 0.0, 0.0] joint_vel=[0.0, 0.0, 0.0, 0.0, 0.0, 0.0] imu_ang_vel=[0.017044229432940483, 0.0021305286791175604, 0.0063915858045220375] imu_quat_wxyz=[0.478873074054718, -0.03013795241713524, -0.014532718807458878, 0.8772463798522949] status=0x8203
joint_pos=[0.0, 0.0, 0.0, 0.0, 0.0, 0.0] joint_vel=[0.0, 0.0, 0.0, 0.0, 0.0, 0.0] imu_ang_vel=[0.015978965908288956, 0.0037284251302480698, 0.007989482954144478] imu_quat_wxyz=[0.47885194420814514, -0.030071450397372246, -0.014425675384700298, 0.8772619962692261] status=0x8203
joint_pos=[0.0, 0.0, 0.0, 0.0, 0.0, 0.0] joint_vel=[0.0, 0.0, 0.0, 0.0, 0.0, 0.0] imu_ang_vel=[0.017044229432940483, 0.004261057358235121, 0.0074568502604961395] imu_quat_wxyz=[0.47882676124572754, -0.030013222247362137, -0.014317787252366543, 0.8772794008255005] status=0x8203
joint_pos=[0.0, 0.0, 0.0, 0.0, 0.0, 0.0] joint_vel=[0.0, 0.0, 0.0, 0.0, 0.0, 0.0] imu_ang_vel=[0.014913700520992279, 0.0026631606742739677, 0.0063915858045220375] imu_quat_wxyz=[0.47880497574806213, -0.029953282326459885, -0.014204613864421844, 0.8772952556610107] status=0x8203
joint_pos=[0.0, 0.0, 0.0, 0.0, 0.0, 0.0] joint_vel=[0.0, 0.0, 0.0, 0.0, 0.0, 0.0] imu_ang_vel=[0.017044229432940483, 0.0031957929022610188, 0.005858954042196274] imu_quat_wxyz=[0.47878560423851013, -0.029889971017837524, -0.014096127822995186, 0.8773097395896912] status=0x8203
joint_pos=[0.0, 0.0, 0.0, 0.0, 0.0, 0.0] joint_vel=[0.0, 0.0, 0.0, 0.0, 0.0, 0.0] imu_ang_vel=[0.016511596739292145, 0.0031957929022610188, 0.0069242180325090885] imu_quat_wxyz=[0.47868746519088745, -0.030141862109303474, -0.014548941515386105, 0.8773471713066101] status=0x8203
joint_pos=[0.0, 0.0, 0.0, 0.0, 0.0, 0.0] joint_vel=[0.0, 0.0, 0.0, 0.0, 0.0, 0.0] imu_ang_vel=[0.016511596739292145, 0.0037284251302480698, 0.0063915858045220375] imu_quat_wxyz=[0.4786699414253235, -0.030080609023571014, -0.014436343684792519, 0.8773607015609741] status=0x8203
joint_pos=[0.0, 0.0, 0.0, 0.0, 0.0, 0.0] joint_vel=[0.0, 0.0, 0.0, 0.0, 0.0, 0.0] imu_ang_vel=[0.017044229432940483, 0.0015978964511305094, 0.005326321814209223] imu_quat_wxyz=[0.47865059971809387, -0.03001563251018524, -0.014327001757919788, 0.8773752450942993] status=0x8203
joint_pos=[0.0, 0.0, 0.0, 0.0, 0.0, 0.0] joint_vel=[0.0, 0.0, 0.0, 0.0, 0.0, 0.0] imu_ang_vel=[0.015978965908288956, 0.0031957929022610188, 0.0074568502604961395] imu_quat_wxyz=[0.47863414883613586, -0.0299479141831398, -0.014226303435862064, 0.8773882389068604] status=0x8203
joint_pos=[0.0, 0.0, 0.0, 0.0, 0.0, 0.0] joint_vel=[0.0, 0.0, 0.0, 0.0, 0.0, 0.0] imu_ang_vel=[0.01757686212658882, 0.004793689586222172, 0.007989482954144478] imu_quat_wxyz=[0.478603720664978, -0.029887182638049126, -0.01411991287022829, 0.8774086833000183] status=0x8203
joint_pos=[0.0, 0.0, 0.0, 0.0, 0.0, 0.0] joint_vel=[0.0, 0.0, 0.0, 0.0, 0.0, 0.0] imu_ang_vel=[0.015978965908288956, 0.004261057358235121, 0.0063915858045220375] imu_quat_wxyz=[0.4786621928215027, -0.030130084604024887, -0.014540476724505424, 0.8773615956306458] status=0x8203
joint_pos=[0.0, 0.0, 0.0, 0.0, 0.0, 0.0] joint_vel=[0.0, 0.0, 0.0, 0.0, 0.0, 0.0] imu_ang_vel=[0.017044229432940483, 0.0021305286791175604, 0.005858954042196274] imu_quat_wxyz=[0.47865018248558044, -0.030063407495617867, -0.01443123072385788, 0.8773722648620605] status=0x8203
joint_pos=[0.0, 0.0, 0.0, 0.0, 0.0, 0.0] joint_vel=[0.0, 0.0, 0.0, 0.0, 0.0, 0.0] imu_ang_vel=[0.016511596739292145, 0.0031957929022610188, 0.0074568502604961395] imu_quat_wxyz=[0.47863322496414185, -0.029998579993844032, -0.014324645511806011, 0.8773853778839111] status=0x8203
joint_pos=[0.0, 0.0, 0.0, 0.0, 0.0, 0.0] joint_vel=[0.0, 0.0, 0.0, 0.0, 0.0, 0.0] imu_ang_vel=[0.014913700520992279, 0.004261057358235121, 0.0074568502604961395] imu_quat_wxyz=[0.478605180978775, -0.029936760663986206, -0.014213597401976585, 0.8774046897888184] status=0x8203
joint_pos=[0.0, 0.0, 0.0, 0.0, 0.0, 0.0] joint_vel=[0.0, 0.0, 0.0, 0.0, 0.0, 0.0] imu_ang_vel=[0.016511596739292145, 0.005858954042196274, 0.005858954042196274] imu_quat_wxyz=[0.47858065366744995, -0.02988605946302414, -0.014106452465057373, 0.8774214386940002] status=0x8203
joint_pos=[0.0, 0.0, 0.0, 0.0, 0.0, 0.0] joint_vel=[0.0, 0.0, 0.0, 0.0, 0.0, 0.0] imu_ang_vel=[0.016511596739292145, 0.0010652643395587802, 0.005326321814209223] imu_quat_wxyz=[0.47857561707496643, -0.029860058799386024, -0.014052392914891243, 0.877426028251648] status=0x8203
joint_pos=[0.0, 0.0, 0.0, 0.0, 0.0, 0.0] joint_vel=[0.0, 0.0, 0.0, 0.0, 0.0, 0.0] imu_ang_vel=[0.015978965908288956, 0.0031957929022610188, 0.0063915858045220375] imu_quat_wxyz=[0.47863584756851196, -0.030072005465626717, -0.014444312080740929, 0.8773795962333679] status=0x8203
joint_pos=[0.0, 0.0, 0.0, 0.0, 0.0, 0.0] joint_vel=[0.0, 0.0, 0.0, 0.0, 0.0, 0.0] imu_ang_vel=[0.015978965908288956, 0.0037284251302480698, 0.010120011866092682] imu_quat_wxyz=[0.4786069393157959, -0.030012523755431175, -0.014336029067635536, 0.8773991465568542] status=0x8203
joint_pos=[0.0, 0.0, 0.0, 0.0, 0.0, 0.0] joint_vel=[0.0, 0.0, 0.0, 0.0, 0.0, 0.0] imu_ang_vel=[0.015446333214640617, 0.0037284251302480698, 0.0074568502604961395] imu_quat_wxyz=[0.4785729646682739, -0.029953012242913246, -0.014221809804439545, 0.8774214386940002] status=0x8203
joint_pos=[0.0, 0.0, 0.0, 0.0, 0.0, 0.0] joint_vel=[0.0, 0.0, 0.0, 0.0, 0.0, 0.0] imu_ang_vel=[0.015446333214640617, 0.0031957929022610188, 0.005326321814209223] imu_quat_wxyz=[0.4785572290420532, -0.0298960842192173, -0.014110703952610493, 0.8774338960647583] status=0x8203
joint_pos=[0.0, 0.0, 0.0, 0.0, 0.0, 0.0] joint_vel=[0.0, 0.0, 0.0, 0.0, 0.0, 0.0] imu_ang_vel=[0.016511596739292145, 0.004261057358235121, 0.005326321814209223] imu_quat_wxyz=[0.4786601960659027, -0.030180150642991066, -0.014634671621024609, 0.8773593306541443] status=0x8203
joint_pos=[0.0, 0.0, 0.0, 0.0, 0.0, 0.0] joint_vel=[0.0, 0.0, 0.0, 0.0, 0.0, 0.0] imu_ang_vel=[0.015446333214640617, 0.004793689586222172, 0.009054746478796005] imu_quat_wxyz=[0.4786451756954193, -0.030120933428406715, -0.014529610984027386, 0.8773713111877441] status=0x8203
joint_pos=[0.0, 0.0, 0.0, 0.0, 0.0, 0.0] joint_vel=[0.0, 0.0, 0.0, 0.0, 0.0, 0.0] imu_ang_vel=[0.017044229432940483, 0.0037284251302480698, 0.0074568502604961395] imu_quat_wxyz=[0.47860831022262573, -0.03006788343191147, -0.01441912166774273, 0.8773950338363647] status=0x8203
joint_pos=[0.0, 0.0, 0.0, 0.0, 0.0, 0.0] joint_vel=[0.0, 0.0, 0.0, 0.0, 0.0, 0.0] imu_ang_vel=[0.016511596739292145, 0.0037284251302480698, 0.0063915858045220375] imu_quat_wxyz=[0.4785829484462738, -0.030011964961886406, -0.014314796775579453, 0.8774124979972839] status=0x8203
joint_pos=[0.0, 0.0, 0.0, 0.0, 0.0, 0.0] joint_vel=[0.0, 0.0, 0.0, 0.0, 0.0, 0.0] imu_ang_vel=[0.01810949295759201, 0.004261057358235121, 0.005858954042196274] imu_quat_wxyz=[0.47856783866882324, -0.02994428016245365, -0.01420905813574791, 0.8774247765541077] status=0x8203
joint_pos=[0.0, 0.0, 0.0, 0.0, 0.0, 0.0] joint_vel=[0.0, 0.0, 0.0, 0.0, 0.0, 0.0] imu_ang_vel=[0.016511596739292145, 0.0026631606742739677, 0.007989482954144478] imu_quat_wxyz=[0.4785173833370209, -0.030193405225872993, -0.014639118686318398, 0.8774366974830627] status=0x8203
joint_pos=[0.0, 0.0, 0.0, 0.0, 0.0, 0.0] joint_vel=[0.0, 0.0, 0.0, 0.0, 0.0, 0.0] imu_ang_vel=[0.016511596739292145, 0.004793689586222172, 0.008522114716470242] imu_quat_wxyz=[0.4784972369670868, -0.03013303503394127, -0.014519901014864445, 0.8774517774581909] status=0x8203
joint_pos=[0.0, 0.0, 0.0, 0.0, 0.0, 0.0] joint_vel=[0.0, 0.0, 0.0, 0.0, 0.0, 0.0] imu_ang_vel=[0.016511596739292145, 0.0026631606742739677, 0.005858954042196274] imu_quat_wxyz=[0.47848063707351685, -0.030074190348386765, -0.014414878562092781, 0.8774645328521729] status=0x8203
joint_pos=[0.0, 0.0, 0.0, 0.0, 0.0, 0.0] joint_vel=[0.0, 0.0, 0.0, 0.0, 0.0, 0.0] imu_ang_vel=[0.017044229432940483, 0.0037284251302480698, 0.005858954042196274] imu_quat_wxyz=[0.478463739156723, -0.03000533953309059, -0.01430544350296259, 0.8774780035018921] status=0x8203
joint_pos=[0.0, 0.0, 0.0, 0.0, 0.0, 0.0] joint_vel=[0.0, 0.0, 0.0, 0.0, 0.0, 0.0] imu_ang_vel=[0.016511596739292145, 0.004261057358235121, 0.0063915858045220375] imu_quat_wxyz=[0.4784465432167053, -0.029942400753498077, -0.014191986992955208, 0.8774912357330322] status=0x8203
joint_pos=[0.0, 0.0, 0.0, 0.0, 0.0, 0.0] joint_vel=[0.0, 0.0, 0.0, 0.0, 0.0, 0.0] imu_ang_vel=[0.01864212565124035, 0.0031957929022610188, 0.005326321814209223] imu_quat_wxyz=[0.4785180389881134, -0.03017059713602066, -0.014592057093977928, 0.877437949180603] status=0x8203
joint_pos=[0.0, 0.0, 0.0, 0.0, 0.0, 0.0] joint_vel=[0.0, 0.0, 0.0, 0.0, 0.0, 0.0] imu_ang_vel=[0.017044229432940483, 0.0037284251302480698, 0.0063915858045220375] imu_quat_wxyz=[0.47850552201271057, -0.030105484649538994, -0.014480425044894218, 0.8774488568305969] status=0x8203
joint_pos=[0.0, 0.0, 0.0, 0.0, 0.0, 0.0] joint_vel=[0.0, 0.0, 0.0, 0.0, 0.0, 0.0] imu_ang_vel=[0.017044229432940483, 0.004261057358235121, 0.007989482954144478] imu_quat_wxyz=[0.47848573327064514, -0.030042095109820366, -0.014371957629919052, 0.8774635791778564] status=0x8203
joint_pos=[0.0, 0.0, 0.0, 0.0, 0.0, 0.0] joint_vel=[0.0, 0.0, 0.0, 0.0, 0.0, 0.0] imu_ang_vel=[0.01757686212658882, 0.0053263213485479355, 0.007989482954144478] imu_quat_wxyz=[0.4784605801105499, -0.029982978478074074, -0.01426128763705492, 0.8774811029434204] status=0x8203
joint_pos=[0.0, 0.0, 0.0, 0.0, 0.0, 0.0] joint_vel=[0.0, 0.0, 0.0, 0.0, 0.0, 0.0] imu_ang_vel=[0.016511596739292145, 0.004261057358235121, 0.005858954042196274] imu_quat_wxyz=[0.4784376323223114, -0.029924670234322548, -0.014140128158032894, 0.877497673034668] status=0x8203
joint_pos=[0.0, 0.0, 0.0, 0.0, 0.0, 0.0] joint_vel=[0.0, 0.0, 0.0, 0.0, 0.0, 0.0] imu_ang_vel=[0.017044229432940483, 0.0026631606742739677, 0.005326321814209223] imu_quat_wxyz=[0.47845613956451416, -0.030192362144589424, -0.014620721340179443, 0.8774704337120056] status=0x8203
joint_pos=[0.0, 0.0, 0.0, 0.0, 0.0, 0.0] joint_vel=[0.0, 0.0, 0.0, 0.0, 0.0, 0.0] imu_ang_vel=[0.01757686212658882, 0.0026631606742739677, 0.0069242180325090885] imu_quat_wxyz=[0.47844040393829346, -0.03012879192829132, -0.014511683024466038, 0.8774831295013428] status=0x8203
joint_pos=[0.0, 0.0, 0.0, 0.0, 0.0, 0.0] joint_vel=[0.0, 0.0, 0.0, 0.0, 0.0, 0.0] imu_ang_vel=[0.015978965908288956, 0.004261057358235121, 0.0074568502604961395] imu_quat_wxyz=[0.47841596603393555, -0.030061636120080948, -0.014405675232410431, 0.8775005340576172] status=0x8203
joint_pos=[0.0, 0.0, 0.0, 0.0, 0.0, 0.0] joint_vel=[0.0, 0.0, 0.0, 0.0, 0.0, 0.0] imu_ang_vel=[0.017044229432940483, 0.0026631606742739677, 0.0063915858045220375] imu_quat_wxyz=[0.4783908724784851, -0.03000481240451336, -0.014290744438767433, 0.8775179386138916] status=0x8203
joint_pos=[0.0, 0.0, 0.0, 0.0, 0.0, 0.0] joint_vel=[0.0, 0.0, 0.0, 0.0, 0.0, 0.0] imu_ang_vel=[0.015978965908288956, 0.0024856168311089277, 0.006391586270183325] imu_quat_wxyz=[0.47838452458381653, -0.029972264543175697, -0.014237448573112488, 0.8775234222412109] status=0x8203
joint_pos=[0.0, 0.0, 0.0, 0.0, 0.0, 0.0] joint_vel=[0.0, 0.0, 0.0, 0.0, 0.0, 0.0] imu_ang_vel=[0.015446333214640617, 0.0031957929022610188, 0.008522114716470242] imu_quat_wxyz=[0.4783109426498413, -0.030207576230168343, -0.01465566921979189, 0.8775485157966614] status=0x8203
joint_pos=[0.0, 0.0, 0.0, 0.0, 0.0, 0.0] joint_vel=[0.0, 0.0, 0.0, 0.0, 0.0, 0.0] imu_ang_vel=[0.01864212565124035, 0.0031957929022610188, 0.008522114716470242] imu_quat_wxyz=[0.47828367352485657, -0.030145052820444107, -0.014547317288815975, 0.8775673508644104] status=0x8203
joint_pos=[0.0, 0.0, 0.0, 0.0, 0.0, 0.0] joint_vel=[0.0, 0.0, 0.0, 0.0, 0.0, 0.0] imu_ang_vel=[0.017044229432940483, 0.0026631606742739677, 0.0074568502604961395] imu_quat_wxyz=[0.4782576858997345, -0.03008536621928215, -0.014438207261264324, 0.8775853514671326] status=0x8203
joint_pos=[0.0, 0.0, 0.0, 0.0, 0.0, 0.0] joint_vel=[0.0, 0.0, 0.0, 0.0, 0.0, 0.0] imu_ang_vel=[0.014913700520992279, 0.0021305286791175604, 0.0063915858045220375] imu_quat_wxyz=[0.47823789715766907, -0.030020225793123245, -0.014326412230730057, 0.8776003122329712] status=0x8203
joint_pos=[0.0, 0.0, 0.0, 0.0, 0.0, 0.0] joint_vel=[0.0, 0.0, 0.0, 0.0, 0.0, 0.0] imu_ang_vel=[0.016511596739292145, 0.004261057358235121, 0.0063915858045220375] imu_quat_wxyz=[0.4782249927520752, -0.02995893731713295, -0.014220776036381721, 0.8776111006736755] status=0x8203
joint_pos=[0.0, 0.0, 0.0, 0.0, 0.0, 0.0] joint_vel=[0.0, 0.0, 0.0, 0.0, 0.0, 0.0] imu_ang_vel=[0.015446333214640617, 0.004793689586222172, 0.0074568502604961395] imu_quat_wxyz=[0.47838836908340454, -0.030204517766833305, -0.014646893367171288, 0.8775065541267395] status=0x8203
joint_pos=[0.0, 0.0, 0.0, 0.0, 0.0, 0.0] joint_vel=[0.0, 0.0, 0.0, 0.0, 0.0, 0.0] imu_ang_vel=[0.017044229432940483, 0.0031957929022610188, 0.0063915858045220375] imu_quat_wxyz=[0.47836390137672424, -0.030146855860948563, -0.014542018063366413, 0.87752366065979] status=0x8203
joint_pos=[0.0, 0.0, 0.0, 0.0, 0.0, 0.0] joint_vel=[0.0, 0.0, 0.0, 0.0, 0.0, 0.0] imu_ang_vel=[0.016511596739292145, 0.004261057358235121, 0.0063915858045220375] imu_quat_wxyz=[0.4783473312854767, -0.03008882701396942, -0.014427196234464645, 0.8775365948677063] status=0x8203
joint_pos=[0.0, 0.0, 0.0, 0.0, 0.0, 0.0] joint_vel=[0.0, 0.0, 0.0, 0.0, 0.0, 0.0] imu_ang_vel=[0.016511596739292145, 0.0037284251302480698, 0.005326321814209223] imu_quat_wxyz=[0.4783284366130829, -0.030028946697711945, -0.014318112283945084, 0.8775507807731628] status=0x8203
