Log file: /home/cx/robot_deploy/log/2026-07-23_17-42-08.txt
Connected to /dev/ttyACM0 at 921600 baud; loop rate 200 Hz.
joint_pos=[23.003999710083008, -39.45600128173828, -8.640000343322754, -1.9079999923706055, -26.496000289916992, 27.827999114990234] joint_vel=[-0.0, -0.09000000357627869, 0.0, -0.809999942779541, -0.0, 0.09000000357627869] imu_ang_vel=[0.013315804302692413, 0.0021305286791175604, 0.0063915858045220375] imu_quat_wxyz=[0.05342697352170944, -0.020901000127196312, -0.026448670774698257, 0.9980026483535767] status=0x8003
joint_pos=[23.003999710083008, -39.45600128173828, -8.640000343322754, -1.9079999923706055, -26.496000289916992, 27.827999114990234] joint_vel=[-0.0, -1.2599999904632568, 0.09000000357627869, -3.5999999046325684, -0.0, -0.09000000357627869] imu_ang_vel=[0.019174758344888687, 0.0026631606742739677, 0.005858954042196274] imu_quat_wxyz=[0.05340760946273804, -0.02088521607220173, -0.026326706632971764, 0.9980071783065796] status=0x8003
joint_pos=[23.003999710083008, -39.45600128173828, -8.640000343322754, -1.9079999923706055, -26.496000289916992, 27.827999114990234] joint_vel=[-0.0, -0.36000001430511475, 0.0, -0.27000001072883606, -0.0, -0.0] imu_ang_vel=[0.024501079693436623, 0.0026631606742739677, 0.0069242180325090885] imu_quat_wxyz=[0.05337949097156525, -0.020876841619610786, -0.026197310537099838, 0.998012363910675] status=0x8003
joint_pos=[23.003999710083008, -39.45600128173828, -8.640000343322754, -1.871999979019165, -26.496000289916992, 27.827999114990234] joint_vel=[-0.18000000715255737, 0.27000001072883606, 0.0, 0.9900000095367432, -0.0, -0.18000000715255737] imu_ang_vel=[0.012783171609044075, 0.0015978964511305094, -0.0021305286791175604] imu_quat_wxyz=[0.053351957350969315, -0.020841477438807487, -0.02603316679596901, 0.9980188608169556] status=0x8003
joint_pos=[23.003999710083008, -39.45600128173828, -8.640000343322754, -1.9079999923706055, -26.496000289916992, 27.827999114990234] joint_vel=[-0.0, 0.18000000715255737, 0.09000000357627869, -0.44999998807907104, -0.0, -0.09000000357627869] imu_ang_vel=[0.014913700520992279, 0.0015978964511305094, 0.009054746478796005] imu_quat_wxyz=[0.053391292691230774, -0.020830029621720314, -0.025948327034711838, 0.9980192184448242] status=0x8003
joint_pos=[23.003999710083008, -39.45600128173828, -8.640000343322754, -1.9079999923706055, -26.496000289916992, 27.827999114990234] joint_vel=[-0.0, 0.0, -0.18000000715255737, -1.1700000762939453, -0.0, -0.0] imu_ang_vel=[0.04261057451367378, -0.006391586270183325, 0.01864212565124035] imu_quat_wxyz=[0.053230222314596176, -0.020803213119506836, -0.02632136084139347, 0.9980185627937317] status=0x8003
joint_pos=[23.003999710083008, -39.45600128173828, -8.640000343322754, -1.8360000848770142, -26.496000289916992, 27.827999114990234] joint_vel=[-0.0, 0.09000000357627869, 0.0, -0.18000000715255737, -0.0, -0.09000000357627869] imu_ang_vel=[-0.0063915858045220375, -0.011717908084392548, 0.0015978964511305094] imu_quat_wxyz=[0.05314963683485985, -0.02087424136698246, -0.02611890248954296, 0.9980267286300659] status=0x8003
joint_pos=[23.003999710083008, -39.45600128173828, -8.640000343322754, -1.8360000848770142, -26.496000289916992, 27.827999114990234] joint_vel=[-0.0, -0.18000000715255737, -0.27000001072883606, 1.709999918937683, -0.0, -0.0] imu_ang_vel=[0.016511596739292145, -0.0015978964511305094, 0.009054746478796005] imu_quat_wxyz=[0.053160108625888824, -0.02083541825413704, -0.026054825633764267, 0.9980286359786987] status=0x8003
joint_pos=[23.003999710083008, -39.45600128173828, -8.640000343322754, -1.871999979019165, -26.496000289916992, 27.827999114990234] joint_vel=[-0.0, -0.27000001072883606, -0.18000000715255737, -4.949999809265137, -0.0, -0.0] imu_ang_vel=[0.03888215124607086, -0.07563376426696777, 0.017044229432940483] imu_quat_wxyz=[0.053134504705667496, -0.020710639655590057, -0.025940624997019768, 0.9980354905128479] status=0x8003
joint_pos=[23.003999710083008, -39.45600128173828, -8.640000343322754, -1.7999999523162842, -26.496000289916992, 27.827999114990234] joint_vel=[-0.0, 0.09000000357627869, 0.0, 1.0800000429153442, -0.0, 0.09000000357627869] imu_ang_vel=[0.013315804302692413, 0.0005326321697793901, 0.013315804302692413] imu_quat_wxyz=[0.05306022986769676, -0.02046176791191101, -0.025740619748830795, 0.9980498552322388] status=0x8003
joint_pos=[23.003999710083008, -39.45600128173828, -8.640000343322754, -1.7999999523162842, -26.496000289916992, 27.827999114990234] joint_vel=[-0.0, 0.0, 0.0, 0.09000000357627869, -0.0, -0.0] imu_ang_vel=[0.0005326321697793901, 0.01810949295759201, 0.008522114716470242] imu_quat_wxyz=[0.0532853938639164, -0.020558392629027367, -0.026142297312617302, 0.9980253577232361] status=0x8003
joint_pos=[23.003999710083008, -39.45600128173828, -8.640000343322754, -1.7999999523162842, -26.496000289916992, 27.827999114990234] joint_vel=[-0.0, 0.18000000715255737, 0.0, 0.44999998807907104, 0.18000000715255737, -0.0] imu_ang_vel=[0.030360031872987747, -0.07403586804866791, 0.014913700520992279] imu_quat_wxyz=[0.053238142281770706, -0.020450923591852188, -0.026041220873594284, 0.9980327486991882] status=0x8003
joint_pos=[23.003999710083008, -39.45600128173828, -8.640000343322754, -1.7640000581741333, -26.496000289916992, 27.827999114990234] joint_vel=[-0.0, -0.18000000715255737, -0.18000000715255737, 1.7999999523162842, -0.0, -0.0] imu_ang_vel=[0.010652643628418446, 0.006924218498170376, 0.008522114716470242] imu_quat_wxyz=[0.053163718432188034, -0.020085088908672333, -0.025895114988088608, 0.998047947883606] status=0x8003
joint_pos=[23.003999710083008, -39.45600128173828, -8.640000343322754, -1.7640000581741333, -26.496000289916992, 27.827999114990234] joint_vel=[-0.0, 0.09000000357627869, -0.09000000357627869, 0.27000001072883606, -0.0, -0.27000001072883606] imu_ang_vel=[0.01757686212658882, 0.004261057358235121, 0.012250539846718311] imu_quat_wxyz=[0.053143687546253204, -0.020088471472263336, -0.02583192102611065, 0.9980506300926208] status=0x8003
joint_pos=[23.003999710083008, -39.45600128173828, -8.640000343322754, -1.7640000581741333, -26.496000289916992, 27.827999114990234] joint_vel=[-0.0, -0.27000001072883606, -0.18000000715255737, -0.09000000357627869, -0.0, -0.18000000715255737] imu_ang_vel=[0.03302319347858429, -0.010120010934770107, 0.01118527539074421] imu_quat_wxyz=[0.053071338683366776, -0.0200437493622303, -0.025702767074108124, 0.9980586767196655] status=0x8003
joint_pos=[23.003999710083008, -39.45600128173828, -8.640000343322754, -1.7280000448226929, -26.496000289916992, 27.827999114990234] joint_vel=[-0.0, 0.09000000357627869, -0.09000000357627869, -4.230000019073486, -0.0, -0.0] imu_ang_vel=[0.01810949295759201, 0.0, 0.0037284251302480698] imu_quat_wxyz=[0.05300188064575195, -0.020096130669116974, -0.026193805038928986, 0.9980485439300537] status=0x8003
joint_pos=[23.003999710083008, -39.45600128173828, -8.640000343322754, -1.7280000448226929, -26.496000289916992, 27.827999114990234] joint_vel=[-0.0, 0.0, 0.0, -0.44999998807907104, -0.0, 0.18000000715255737] imu_ang_vel=[0.011717908084392548, 0.0026631606742739677, 0.0063915858045220375] imu_quat_wxyz=[0.052996911108493805, -0.020075557753443718, -0.026092644780874252, 0.9980518817901611] status=0x8003
joint_pos=[23.003999710083008, -39.45600128173828, -8.640000343322754, -1.7280000448226929, -26.496000289916992, 27.827999114990234] joint_vel=[-0.0, 0.0, 0.0, 0.809999942779541, -0.0, -0.0] imu_ang_vel=[0.02503371238708496, -0.04048004373908043, 0.01438106782734394] imu_quat_wxyz=[0.05298207700252533, -0.019978368654847145, -0.025991635397076607, 0.9980573058128357] status=0x8003
joint_pos=[23.003999710083008, -39.45600128173828, -8.640000343322754, -1.6920000314712524, -26.496000289916992, 27.827999114990234] joint_vel=[-0.0, 0.0, 0.0, 0.18000000715255737, -0.0, 0.09000000357627869] imu_ang_vel=[0.022903183475136757, -0.009587379172444344, 0.008522114716470242] imu_quat_wxyz=[0.05293424054980278, -0.01993204839527607, -0.0258646123111248, 0.9980639815330505] status=0x8003
joint_pos=[23.003999710083008, -39.45600128173828, -8.640000343322754, -1.6920000314712524, -26.496000289916992, 27.827999114990234] joint_vel=[0.27000001072883606, 0.27000001072883606, 0.0, 0.0, -0.0, -0.0] imu_ang_vel=[0.009054746478796005, 0.0021305286791175604, 0.008522114716470242] imu_quat_wxyz=[0.05290478467941284, -0.01990477927029133, -0.02573755383491516, 0.9980693459510803] status=0x8003
joint_pos=[23.003999710083008, -39.45600128173828, -8.640000343322754, -1.6920000314712524, -26.496000289916992, 27.827999114990234] joint_vel=[-0.0, 0.0, -0.18000000715255737, 0.0, -0.0, -0.0] imu_ang_vel=[0.024501079693436623, -0.05060005560517311, 0.013848436065018177] imu_quat_wxyz=[0.05320148169994354, -0.019904160872101784, -0.026375409215688705, 0.9980369806289673] status=0x8003
joint_pos=[23.003999710083008, -39.45600128173828, -8.640000343322754, -1.656000018119812, -26.496000289916992, 27.827999114990234] joint_vel=[-0.09000000357627869, 0.0, -0.09000000357627869, 0.27000001072883606, -0.0, -0.0] imu_ang_vel=[0.01810949295759201, -0.0031957929022610188, 0.0074568502604961395] imu_quat_wxyz=[0.05315782129764557, -0.019811097532510757, -0.02625252678990364, 0.9980444312095642] status=0x8003
joint_pos=[23.003999710083008, -39.45600128173828, -8.640000343322754, -1.656000018119812, -26.496000289916992, 27.827999114990234] joint_vel=[-0.0, 0.0, -0.18000000715255737, 0.0, -0.0, -0.0] imu_ang_vel=[0.011717908084392548, 0.0031957929022610188, 0.01118527539074421] imu_quat_wxyz=[0.05315164104104042, -0.019806593656539917, -0.026146039366722107, 0.9980475902557373] status=0x8003
joint_pos=[23.003999710083008, -39.45600128173828, -8.640000343322754, -1.656000018119812, -26.496000289916992, 27.827999114990234] joint_vel=[-0.09000000357627869, 0.0, 0.0, 0.0, -0.0, -0.0] imu_ang_vel=[0.027164239436388016, -0.03302319347858429, 0.015978965908288956] imu_quat_wxyz=[0.05310596525669098, -0.019734671339392662, -0.026030870154500008, 0.9980545043945312] status=0x8003
joint_pos=[23.003999710083008, -39.45600128173828, -8.640000343322754, -1.656000018119812, -26.496000289916992, 27.827999114990234] joint_vel=[0.18000000715255737, 0.0, 0.0, 0.0, -0.0, -0.0] imu_ang_vel=[0.014913700520992279, 0.0, 0.01810949295759201] imu_quat_wxyz=[0.05296547710895538, -0.019589217379689217, -0.02581324614584446, 0.9980705380439758] status=0x8003
joint_pos=[23.003999710083008, -39.45600128173828, -8.640000343322754, -1.619999885559082, -26.496000289916992, 27.827999114990234] joint_vel=[-0.0, 0.0, -0.18000000715255737, 0.0, -0.09000000357627869, -0.0] imu_ang_vel=[0.012783171609044075, 0.004793689586222172, 0.005858954042196274] imu_quat_wxyz=[0.05365404859185219, -0.019656028598546982, -0.026296433061361313, 0.998019814491272] status=0x8003
joint_pos=[23.003999710083008, -39.45600128173828, -8.640000343322754, -1.656000018119812, -26.496000289916992, 27.827999114990234] joint_vel=[0.18000000715255737, 0.0, 0.09000000357627869, 0.09000000357627869, -0.0, -0.18000000715255737] imu_ang_vel=[0.020240021869540215, 0.0021305286791175604, 0.009587379172444344] imu_quat_wxyz=[0.053600046783685684, -0.019667593762278557, -0.026199957355856895, 0.9980249404907227] status=0x8003
joint_pos=[23.003999710083008, -39.45600128173828, -8.640000343322754, -1.619999885559082, -26.496000289916992, 27.827999114990234] joint_vel=[-0.0, 0.0, -0.09000000357627869, 0.0, 0.27000001072883606, -0.27000001072883606] imu_ang_vel=[0.03515372425317764, -0.004261057358235121, 0.005858954042196274] imu_quat_wxyz=[0.053595684468746185, -0.019607914611697197, -0.026076707988977432, 0.9980296492576599] status=0x8003
joint_pos=[23.003999710083008, -39.45600128173828, -8.640000343322754, -1.5480000972747803, -26.496000289916992, 27.827999114990234] joint_vel=[-0.0, -0.18000000715255737, -0.09000000357627869, 1.709999918937683, 0.27000001072883606, -0.18000000715255737] imu_ang_vel=[-0.0031957929022610188, 0.027164239436388016, 0.010652642697095871] imu_quat_wxyz=[0.05351996421813965, -0.019572943449020386, -0.025838593021035194, 0.9980405569076538] status=0x8003
joint_pos=[23.003999710083008, -39.45600128173828, -8.640000343322754, -1.619999885559082, -26.496000289916992, 27.827999114990234] joint_vel=[0.36000001430511475, -0.27000001072883606, -0.27000001072883606, -2.3400001525878906, -0.0, -0.27000001072883606] imu_ang_vel=[0.02503371238708496, 0.0, 0.015978964045643806] imu_quat_wxyz=[0.053505100309848785, -0.01947203278541565, -0.02575760707259178, 0.9980454444885254] status=0x8003
joint_pos=[23.003999710083008, -39.45600128173828, -8.640000343322754, -1.5480000972747803, -26.496000289916992, 27.827999114990234] joint_vel=[0.09000000357627869, 0.09000000357627869, -0.27000001072883606, 1.1700000762939453, -0.0, -0.0] imu_ang_vel=[0.019707389175891876, -0.008522114716470242, 0.016511596739292145] imu_quat_wxyz=[0.05339621379971504, -0.019503839313983917, -0.02665208838880062, 0.9980271458625793] status=0x8003
joint_pos=[23.003999710083008, -39.45600128173828, -8.640000343322754, -1.5480000972747803, -26.496000289916992, 27.827999114990234] joint_vel=[-0.18000000715255737, -0.18000000715255737, 0.09000000357627869, -0.09000000357627869, -0.0, -0.27000001072883606] imu_ang_vel=[0.009587379172444344, 0.0063915858045220375, 0.012250539846718311] imu_quat_wxyz=[0.05334384739398956, -0.019461439922451973, -0.02658199891448021, 0.9980326890945435] status=0x8003
joint_pos=[23.003999710083008, -39.45600128173828, -8.640000343322754, -1.5480000972747803, -26.496000289916992, 27.827999114990234] joint_vel=[-0.0, 0.0, 0.0, 0.18000000715255737, -0.0, -0.0] imu_ang_vel=[0.021305285394191742, -0.0005326321697793901, 0.010120011866092682] imu_quat_wxyz=[0.05323270335793495, -0.019488850608468056, -0.026440436020493507, 0.9980418682098389] status=0x8003
joint_pos=[23.003999710083008, -39.45600128173828, -8.640000343322754, -1.5480000972747803, -26.496000289916992, 27.827999114990234] joint_vel=[-0.09000000357627869, 0.0, 0.0, 0.0, -0.0, -0.0] imu_ang_vel=[0.017044229432940483, 0.005326321814209223, 0.0063915858045220375] imu_quat_wxyz=[0.05318396911025047, -0.019456245005130768, -0.02627425454556942, 0.9980493783950806] status=0x8003
joint_pos=[23.003999710083008, -39.45600128173828, -8.640000343322754, -1.5480000972747803, -26.496000289916992, 27.827999114990234] joint_vel=[-0.0, -0.27000001072883606, 0.0, 0.0, -0.0, -0.0] imu_ang_vel=[0.013848436065018177, 0.004793689586222172, 0.0021305286791175604] imu_quat_wxyz=[0.05318032577633858, -0.019451510161161423, -0.026158249005675316, 0.998052716255188] status=0x8003
joint_pos=[23.003999710083008, -39.45600128173828, -8.640000343322754, -1.5480000972747803, -26.496000289916992, 27.827999114990234] joint_vel=[-0.18000000715255737, -0.18000000715255737, 0.0, 0.0, -0.0, -0.0] imu_ang_vel=[0.01757686212658882, 0.0010652643395587802, 0.0063915858045220375] imu_quat_wxyz=[0.0539504736661911, -0.019522184506058693, -0.026651009917259216, 0.997996985912323] status=0x8003
joint_pos=[23.003999710083008, -39.45600128173828, -8.640000343322754, -1.5119999647140503, -26.496000289916992, 27.827999114990234] joint_vel=[0.27000001072883606, 0.18000000715255737, -0.09000000357627869, 0.44999998807907104, -0.0, -0.0] imu_ang_vel=[0.01810949295759201, 0.0, 0.009587379172444344] imu_quat_wxyz=[0.05390855297446251, -0.01948590762913227, -0.026515603065490723, 0.9980035424232483] status=0x8003
joint_pos=[23.003999710083008, -39.45600128173828, -8.640000343322754, -1.5480000972747803, -26.496000289916992, 27.827999114990234] joint_vel=[0.09000000357627869, 0.0, 0.0, 0.09000000357627869, -0.0, -0.0] imu_ang_vel=[0.015446333214640617, 0.0069242180325090885, 0.007989482954144478] imu_quat_wxyz=[0.053863123059272766, -0.019470540806651115, -0.026391223073005676, 0.9980096220970154] status=0x8003
joint_pos=[23.003999710083008, -39.45600128173828, -8.640000343322754, -1.5480000972747803, -26.496000289916992, 27.827999114990234] joint_vel=[-0.0, -0.18000000715255737, 0.0, 0.0, -0.0, -0.0] imu_ang_vel=[0.02183791995048523, 0.004261057358235121, 0.008522114716470242] imu_quat_wxyz=[0.05383677780628204, -0.01945442147552967, -0.02627500146627426, 0.9980143904685974] status=0x8003
joint_pos=[23.003999710083008, -39.45600128173828, -8.640000343322754, -1.4759999513626099, -26.496000289916992, 27.827999114990234] joint_vel=[0.18000000715255737, 0.0, 0.0, -0.44999998807907104, -0.0, 0.09000000357627869] imu_ang_vel=[0.012783171609044075, 0.0015978964511305094, 0.0026631609071046114] imu_quat_wxyz=[0.053817663341760635, -0.019432784989476204, -0.02612563781440258, 0.998019814491272] status=0x8003
joint_pos=[23.003999710083008, -39.45600128173828, -8.640000343322754, -1.5119999647140503, -26.496000289916992, 27.827999114990234] joint_vel=[0.09000000357627869, 0.09000000357627869, 0.0, -0.09000000357627869, -0.0, -0.0] imu_ang_vel=[0.015446333214640617, 0.0015978964511305094, 0.004793689586222172] imu_quat_wxyz=[0.054343607276678085, -0.019492127001285553, -0.026639839634299278, 0.9979766011238098] status=0x8003
joint_pos=[23.003999710083008, -39.45600128173828, -8.640000343322754, -1.5119999647140503, -26.496000289916992, 27.827999114990234] joint_vel=[-0.27000001072883606, 0.0, 0.27000001072883606, 0.0, -0.0, -0.0] imu_ang_vel=[0.023435816168785095, 0.01757686212658882, 0.010652643628418446] imu_quat_wxyz=[0.054329872131347656, -0.019441677257418633, -0.026528164744377136, 0.9979812502861023] status=0x8003
joint_pos=[23.003999710083008, -39.45600128173828, -8.640000343322754, -1.440000057220459, -26.496000289916992, 27.827999114990234] joint_vel=[-0.0, 0.09000000357627869, 0.0, -9.449999809265137, -0.0, -0.0] imu_ang_vel=[0.013315804302692413, 0.0031957929022610188, 0.008522114716470242] imu_quat_wxyz=[0.05428740009665489, -0.01946025714278221, -0.026387736201286316, 0.997986912727356] status=0x8003
joint_pos=[23.003999710083008, -39.45600128173828, -8.640000343322754, -1.4759999513626099, -26.496000289916992, 27.827999114990234] joint_vel=[-0.0, 0.0, 0.0, 1.619999885559082, -0.0, -0.0] imu_ang_vel=[0.013315804302692413, 0.0031957929022610188, 0.0074568502604961395] imu_quat_wxyz=[0.0542529933154583, -0.019452789798378944, -0.026275116950273514, 0.9979919195175171] status=0x8003
joint_pos=[23.003999710083008, -39.45600128173828, -8.640000343322754, -1.4759999513626099, -26.496000289916992, 27.827999114990234] joint_vel=[-0.0, 0.27000001072883606, 0.0, 0.09000000357627869, -0.0, -0.27000001072883606] imu_ang_vel=[0.015268788672983646, 0.009942467324435711, 0.008522114716470242] imu_quat_wxyz=[0.05423247441649437, -0.01942700706422329, -0.026176197454333305, 0.9979961514472961] status=0x8003
joint_pos=[23.003999710083008, -39.45600128173828, -8.640000343322754, -1.403999924659729, -26.496000289916992, 27.827999114990234] joint_vel=[0.09000000357627869, 0.0, 0.27000001072883606, 2.069999933242798, -0.0, -0.0] imu_ang_vel=[0.01810949295759201, 0.0015978964511305094, 0.005858954042196274] imu_quat_wxyz=[0.05420771241188049, -0.019467638805508614, -0.026600945740938187, 0.9979854822158813] status=0x8003
joint_pos=[23.003999710083008, -39.45600128173828, -8.640000343322754, -1.403999924659729, -26.496000289916992, 27.827999114990234] joint_vel=[-0.0, 0.09000000357627869, -0.09000000357627869, 6.750000476837158, -0.0, 0.09000000357627869] imu_ang_vel=[0.015978965908288956, 0.0021305286791175604, 0.0063915858045220375] imu_quat_wxyz=[0.05418901517987251, -0.019457383081316948, -0.026477208361029625, 0.9979900121688843] status=0x8003
joint_pos=[23.003999710083008, -39.45600128173828, -8.640000343322754, -1.440000057220459, -26.496000289916992, 27.827999114990234] joint_vel=[0.09000000357627869, 0.0, 0.27000001072883606, 0.809999942779541, -0.0, -0.0] imu_ang_vel=[0.019174758344888687, 0.008522114716470242, 0.009587379172444344] imu_quat_wxyz=[0.05417286604642868, -0.01940946653485298, -0.02635694295167923, 0.9979950189590454] status=0x8003
joint_pos=[23.003999710083008, -39.45600128173828, -8.640000343322754, -1.403999924659729, -26.496000289916992, 27.827999114990234] joint_vel=[0.27000001072883606, 0.27000001072883606, 0.0, -0.44999998807907104, -0.0, -0.0] imu_ang_vel=[0.01438106782734394, 0.0063915858045220375, 0.005858954042196274] imu_quat_wxyz=[0.05414408817887306, -0.019407669082283974, -0.026216113939881325, 0.9980003237724304] status=0x8003
joint_pos=[23.003999710083008, -39.45600128173828, -8.640000343322754, -1.403999924659729, -26.496000289916992, 27.827999114990234] joint_vel=[-0.0, 0.0, 0.0, 0.0, -0.09000000357627869, -0.0] imu_ang_vel=[0.017044229432940483, -0.0026631609071046114, 0.004793689586222172] imu_quat_wxyz=[0.05411798879504204, -0.019409839063882828, -0.02609224244952202, 0.9980049133300781] status=0x8003
joint_pos=[23.003999710083008, -39.45600128173828, -8.640000343322754, -1.403999924659729, -26.496000289916992, 27.827999114990234] joint_vel=[-0.0, 0.09000000357627869, -0.09000000357627869, 0.0, -0.0, -0.0] imu_ang_vel=[0.016511596739292145, 0.005858954042196274, 0.0074568502604961395] imu_quat_wxyz=[0.05386385694146156, -0.019412843510508537, -0.026546536013484, 0.9980066418647766] status=0x8003
joint_pos=[23.003999710083008, -39.45600128173828, -8.640000343322754, -1.403999924659729, -26.496000289916992, 27.827999114990234] joint_vel=[-0.0, -0.09000000357627869, 0.0, 0.0, -0.0, -0.0] imu_ang_vel=[0.01757686212658882, 0.0031957929022610188, 0.004793689586222172] imu_quat_wxyz=[0.05384931340813637, -0.01940796710550785, -0.026408780366182327, 0.9980111718177795] status=0x8003
joint_pos=[23.003999710083008, -39.45600128173828, -8.640000343322754, -1.403999924659729, -26.496000289916992, 27.827999114990234] joint_vel=[-0.0, 0.0, 0.0, 0.0, -0.09000000357627869, -0.0] imu_ang_vel=[0.01810949295759201, 0.0021305286791175604, 0.004793689586222172] imu_quat_wxyz=[0.05383467301726341, -0.019394321367144585, -0.026277506723999977, 0.9980156421661377] status=0x8003
joint_pos=[23.003999710083008, -39.45600128173828, -8.640000343322754, -1.403999924659729, -26.496000289916992, 27.827999114990234] joint_vel=[-0.0, 0.0, 0.09000000357627869, 0.0, -0.0, -0.0] imu_ang_vel=[0.017044229432940483, 0.0015978964511305094, 0.0074568502604961395] imu_quat_wxyz=[0.0538155771791935, -0.019380703568458557, -0.026148393750190735, 0.998020350933075] status=0x8003
joint_pos=[23.003999710083008, -39.45600128173828, -8.640000343322754, -1.403999924659729, -26.496000289916992, 27.827999114990234] joint_vel=[-0.36000001430511475, -0.09000000357627869, 0.18000000715255737, 0.0, -0.0, -0.0] imu_ang_vel=[0.016511596739292145, 0.0031957929022610188, 0.0063915858045220375] imu_quat_wxyz=[0.05378492921590805, -0.019366860389709473, -0.026029981672763824, 0.9980254173278809] status=0x8003
joint_pos=[23.003999710083008, -39.45600128173828, -8.640000343322754, -1.403999924659729, -26.496000289916992, 27.827999114990234] joint_vel=[-0.0, -0.09000000357627869, 0.18000000715255737, 0.0, -0.0, -0.0] imu_ang_vel=[0.01810949295759201, 0.0031957929022610188, 0.0063915858045220375] imu_quat_wxyz=[0.05408662185072899, -0.019404130056500435, -0.026508718729019165, 0.9979957342147827] status=0x8003
joint_pos=[23.003999710083008, -39.45600128173828, -8.640000343322754, -1.403999924659729, -26.496000289916992, 27.827999114990234] joint_vel=[-0.0, 0.0, 0.09000000357627869, 0.0, -0.0, -0.0] imu_ang_vel=[0.016511596739292145, 0.0031957929022610188, 0.005858954042196274] imu_quat_wxyz=[0.05406685918569565, -0.01939227245748043, -0.026383042335510254, 0.9980003237724304] status=0x8003
joint_pos=[23.003999710083008, -39.45600128173828, -8.640000343322754, -1.403999924659729, -26.496000289916992, 27.827999114990234] joint_vel=[-0.0, 0.18000000715255737, 0.0, 0.0, -0.0, -0.0] imu_ang_vel=[0.016511596739292145, 0.0037284251302480698, 0.005326321814209223] imu_quat_wxyz=[0.05405343323945999, -0.019385287538170815, -0.02626456320285797, 0.9980043172836304] status=0x8003
joint_pos=[23.003999710083008, -39.45600128173828, -8.640000343322754, -1.403999924659729, -26.496000289916992, 27.827999114990234] joint_vel=[-0.0, 0.09000000357627869, -0.09000000357627869, 0.0, -0.0, -0.27000001072883606] imu_ang_vel=[0.017044229432940483, 0.0037284251302480698, 0.007989482954144478] imu_quat_wxyz=[0.05402982234954834, -0.01937825232744217, -0.02613544650375843, 0.998009204864502] status=0x8003
joint_pos=[23.003999710083008, -39.45600128173828, -8.640000343322754, -1.403999924659729, -26.496000289916992, 27.827999114990234] joint_vel=[-0.27000001072883606, 0.0, 0.0, 0.0, -0.0, -0.0] imu_ang_vel=[0.016511596739292145, 0.0037284251302480698, 0.0063915858045220375] imu_quat_wxyz=[0.053995247930288315, -0.019371017813682556, -0.02600967325270176, 0.9980144500732422] status=0x8003
joint_pos=[23.003999710083008, -39.45600128173828, -8.640000343322754, -1.403999924659729, -26.496000289916992, 27.827999114990234] joint_vel=[0.09000000357627869, 0.09000000357627869, -0.18000000715255737, 0.0, -0.0, -0.0] imu_ang_vel=[0.01757686212658882, 0.0031957929022610188, 0.005858954042196274] imu_quat_wxyz=[0.053886715322732925, -0.01940513402223587, -0.026529036462306976, 0.9980059862136841] status=0x8003
joint_pos=[23.003999710083008, -39.45600128173828, -8.640000343322754, -1.403999924659729, -26.496000289916992, 27.827999114990234] joint_vel=[-0.09000000357627869, 0.18000000715255737, 0.18000000715255737, 0.0, -0.09000000357627869, -0.0] imu_ang_vel=[0.017044229432940483, 0.0053263213485479355, 0.0063915858045220375] imu_quat_wxyz=[0.05386791750788689, -0.019402148202061653, -0.026407120749354362, 0.9980102777481079] status=0x8003
joint_pos=[23.003999710083008, -39.45600128173828, -8.640000343322754, -1.403999924659729, -26.496000289916992, 27.827999114990234] joint_vel=[-0.27000001072883606, 0.18000000715255737, 0.27000001072883606, 0.0, -0.0, -0.09000000357627869] imu_ang_vel=[0.015978965908288956, 0.004261057358235121, 0.0069242180325090885] imu_quat_wxyz=[0.05384661257266998, -0.01940406672656536, -0.026284234598279, 0.9980146288871765] status=0x8003
joint_pos=[23.003999710083008, -39.45600128173828, -8.640000343322754, -1.403999924659729, -26.496000289916992, 27.827999114990234] joint_vel=[-0.0, 0.18000000715255737, 0.0, 0.0, -0.0, -0.0] imu_ang_vel=[0.014913700520992279, 0.004261057358235121, 0.005326321814209223] imu_quat_wxyz=[0.05382110923528671, -0.019398514181375504, -0.026161223649978638, 0.9980193972587585] status=0x8003
joint_pos=[23.003999710083008, -39.45600128173828, -8.640000343322754, -1.403999924659729, -26.496000289916992, 27.827999114990234] joint_vel=[0.09000000357627869, 0.0, 0.0, 0.0, -0.0, -0.0] imu_ang_vel=[0.017044229432940483, 0.0031957929022610188, 0.005858954042196274] imu_quat_wxyz=[0.05380243435502052, -0.019390765577554703, -0.026041580364108086, 0.9980235695838928] status=0x8003
joint_pos=[23.003999710083008, -39.45600128173828, -8.640000343322754, -1.403999924659729, -26.496000289916992, 27.827999114990234] joint_vel=[-0.0, 0.09000000357627869, 0.0, 0.0, -0.0, -0.27000001072883606] imu_ang_vel=[0.017044229432940483, 0.0031957929022610188, 0.0069242180325090885] imu_quat_wxyz=[0.05365830287337303, -0.01940998062491417, -0.026529943570494652, 0.998018205165863] status=0x8003
joint_pos=[23.003999710083008, -39.45600128173828, -8.640000343322754, -1.403999924659729, -26.496000289916992, 27.827999114990234] joint_vel=[-0.09000000357627869, 0.09000000357627869, 0.09000000357627869, 0.0, -0.0, -0.0] imu_ang_vel=[0.015978965908288956, 0.0026631606742739677, 0.0069242180325090885] imu_quat_wxyz=[0.05363074690103531, -0.01940453238785267, -0.026402899995446205, 0.9980231523513794] status=0x8003
joint_pos=[23.003999710083008, -39.45600128173828, -8.640000343322754, -1.403999924659729, -26.496000289916992, 27.827999114990234] joint_vel=[-0.0, -0.27000001072883606, 0.0, 0.0, -0.0, -0.0] imu_ang_vel=[0.01438106782734394, 0.0031957929022610188, 0.0063915858045220375] imu_quat_wxyz=[0.05360957235097885, -0.01939878799021244, -0.02627754956483841, 0.9980276823043823] status=0x8003
joint_pos=[23.003999710083008, -39.45600128173828, -8.640000343322754, -1.403999924659729, -26.496000289916992, 27.827999114990234] joint_vel=[0.27000001072883606, 0.0, 0.0, 0.0, -0.0, -0.0] imu_ang_vel=[0.017044229432940483, 0.0021305286791175604, 0.0063915858045220375] imu_quat_wxyz=[0.05358850583434105, -0.019394367933273315, -0.026156563311815262, 0.9980320930480957] status=0x8003
joint_pos=[23.003999710083008, -39.45600128173828, -8.640000343322754, -1.403999924659729, -26.496000289916992, 27.827999114990234] joint_vel=[-0.0, 0.0, 0.0, 0.0, -0.0, -0.0] imu_ang_vel=[0.015446333214640617, 0.0026631606742739677, 0.0069242180325090885] imu_quat_wxyz=[0.05356593430042267, -0.019383274018764496, -0.026026349514722824, 0.9980368614196777] status=0x8003
joint_pos=[23.003999710083008, -39.45600128173828, -8.640000343322754, -1.403999924659729, -26.496000289916992, 27.827999114990234] joint_vel=[-0.0, 0.0, 0.18000000715255737, 0.0, -0.0, -0.0] imu_ang_vel=[0.01757686212658882, 0.0031957929022610188, 0.0074568502604961395] imu_quat_wxyz=[0.053441379219293594, -0.019404659047722816, -0.02652401477098465, 0.9980300664901733] status=0x8003
joint_pos=[23.003999710083008, -39.45600128173828, -8.640000343322754, -1.403999924659729, -26.496000289916992, 27.827999114990234] joint_vel=[-0.09000000357627869, -0.18000000715255737, 0.0, 0.0, -0.0, -0.0] imu_ang_vel=[0.015446333214640617, 0.0031957929022610188, 0.004793689586222172] imu_quat_wxyz=[0.05341603606939316, -0.01938772015273571, -0.02639073133468628, 0.9980352520942688] status=0x8003
joint_pos=[23.003999710083008, -39.45600128173828, -8.640000343322754, -1.403999924659729, -26.496000289916992, 27.827999114990234] joint_vel=[-0.0, -0.09000000357627869, 0.0, 0.0, 0.09000000357627869, -0.0] imu_ang_vel=[0.015446333214640617, 0.0021305286791175604, 0.005858954042196274] imu_quat_wxyz=[0.053403228521347046, -0.019373886287212372, -0.026268184185028076, 0.9980394840240479] status=0x8003
joint_pos=[23.003999710083008, -39.45600128173828, -8.640000343322754, -1.403999924659729, -26.496000289916992, 27.827999114990234] joint_vel=[-0.09000000357627869, -0.36000001430511475, 0.0, 0.09000000357627869, -0.09000000357627869, -0.0] imu_ang_vel=[0.015978965908288956, 0.0031957929022610188, 0.0074568502604961395] imu_quat_wxyz=[0.053383875638246536, -0.019354816526174545, -0.0261442381888628, 0.9980441927909851] status=0x8003
joint_pos=[23.003999710083008, -39.45600128173828, -8.640000343322754, -1.403999924659729, -26.496000289916992, 27.827999114990234] joint_vel=[0.18000000715255737, 0.0, 0.0, 0.0, -0.0, -0.0] imu_ang_vel=[0.015446333214640617, 0.004261057358235121, 0.0069242180325090885] imu_quat_wxyz=[0.053361352533102036, -0.01934560015797615, -0.02602415345609188, 0.998048722743988] status=0x8003
joint_pos=[23.003999710083008, -39.45600128173828, -8.640000343322754, -1.403999924659729, -26.496000289916992, 27.827999114990234] joint_vel=[0.18000000715255737, 0.0, 0.0, 0.0, -0.0, -0.0] imu_ang_vel=[0.016511596739292145, 0.0026631606742739677, 0.0063915858045220375] imu_quat_wxyz=[0.05324167385697365, -0.019371729344129562, -0.02650974877178669, 0.9980418086051941] status=0x8003
joint_pos=[23.003999710083008, -39.45600128173828, -8.640000343322754, -1.403999924659729, -26.496000289916992, 27.827999114990234] joint_vel=[-0.18000000715255737, 0.0, 0.09000000357627869, 0.0, -0.0, -0.0] imu_ang_vel=[0.01810949295759201, 0.0037284251302480698, 0.0063915858045220375] imu_quat_wxyz=[0.05321978032588959, -0.0193643756210804, -0.0263826921582222, 0.9980463981628418] status=0x8003
joint_pos=[23.003999710083008, -39.45600128173828, -8.640000343322754, -1.403999924659729, -26.496000289916992, 27.827999114990234] joint_vel=[-0.0, 0.0, 0.0, 0.0, -0.0, -0.0] imu_ang_vel=[0.015446333214640617, 0.0037284251302480698, 0.005858954042196274] imu_quat_wxyz=[0.05320105329155922, -0.019359411671757698, -0.026256652548909187, 0.9980508089065552] status=0x8003
joint_pos=[23.003999710083008, -39.45600128173828, -8.640000343322754, -1.403999924659729, -26.496000289916992, 27.827999114990234] joint_vel=[-0.09000000357627869, 0.0, 0.0, 0.0, -0.0, -0.0] imu_ang_vel=[0.016511596739292145, 0.0031957929022610188, 0.0063915858045220375] imu_quat_wxyz=[0.05317854881286621, -0.019353268668055534, -0.026139723137021065, 0.9980552792549133] status=0x8003
joint_pos=[23.003999710083008, -39.45600128173828, -8.640000343322754, -1.403999924659729, -26.496000289916992, 27.827999114990234] joint_vel=[-0.0, 0.0, -0.18000000715255737, 0.0, -0.0, -0.0] imu_ang_vel=[0.017044229432940483, 0.004261057358235121, 0.0063915858045220375] imu_quat_wxyz=[0.05315031856298447, -0.019352464005351067, -0.026015767827630043, 0.9980599880218506] status=0x8003
joint_pos=[23.003999710083008, -39.45600128173828, -8.640000343322754, -1.403999924659729, -26.496000289916992, 27.827999114990234] joint_vel=[0.09000000357627869, 0.0, 0.0, 0.0, -0.0, -0.0] imu_ang_vel=[0.016511596739292145, 0.0026631606742739677, 0.0069242180325090885] imu_quat_wxyz=[0.05303968861699104, -0.019376695156097412, -0.026496417820453644, 0.998052716255188] status=0x8003
joint_pos=[23.003999710083008, -39.45600128173828, -8.640000343322754, -1.403999924659729, -26.496000289916992, 27.827999114990234] joint_vel=[-0.0, 0.0, -0.18000000715255737, 0.0, -0.0, -0.0] imu_ang_vel=[0.01810949295759201, 0.0026631606742739677, 0.0069242180325090885] imu_quat_wxyz=[0.05301692709326744, -0.019369425252079964, -0.026370445266366005, 0.99805748462677] status=0x8003
joint_pos=[23.003999710083008, -39.45600128173828, -8.640000343322754, -1.403999924659729, -26.496000289916992, 27.827999114990234] joint_vel=[-0.0, 0.18000000715255737, 0.0, 0.0, -0.0, -0.0] imu_ang_vel=[0.015978965908288956, 0.0037284251302480698, 0.0063915858045220375] imu_quat_wxyz=[0.052988141775131226, -0.01936093531548977, -0.026243558153510094, 0.9980625510215759] status=0x8003
joint_pos=[23.003999710083008, -39.45600128173828, -8.640000343322754, -1.403999924659729, -26.496000289916992, 27.827999114990234] joint_vel=[0.09000000357627869, 0.0, 0.18000000715255737, 0.0, -0.0, -0.0] imu_ang_vel=[0.017044229432940483, 0.0021305286791175604, 0.005858954042196274] imu_quat_wxyz=[0.052975717931985855, -0.0193600095808506, -0.026179056614637375, 0.9980648756027222] status=0x8003
joint_pos=[23.003999710083008, -39.45600128173828, -8.640000343322754, -1.403999924659729, -26.496000289916992, 27.827999114990234] joint_vel=[0.09000000357627869, -0.09000000357627869, 0.0, 0.0, -0.0, -0.0] imu_ang_vel=[0.016511596739292145, 0.0015978964511305094, 0.005858954042196274] imu_quat_wxyz=[0.05294255539774895, -0.019344162195920944, -0.02598750777542591, 0.9980719089508057] status=0x8003
joint_pos=[23.003999710083008, -39.45600128173828, -8.640000343322754, -1.403999924659729, -26.496000289916992, 27.827999114990234] joint_vel=[0.09000000357627869, 0.0, 0.0, 0.0, -0.0, -0.09000000357627869] imu_ang_vel=[0.017044229432940483, 0.004261057358235121, 0.0063915858045220375] imu_quat_wxyz=[0.05266660824418068, -0.01936166174709797, -0.02649618312716484, 0.9980728030204773] status=0x8003
joint_pos=[23.003999710083008, -39.45600128173828, -8.640000343322754, -1.403999924659729, -26.496000289916992, 27.827999114990234] joint_vel=[-0.18000000715255737, 0.0, 0.0, 0.0, -0.0, 0.09000000357627869] imu_ang_vel=[0.015978965908288956, 0.0035508808214217424, 0.007101761642843485] imu_quat_wxyz=[0.05264643207192421, -0.01935870386660099, -0.026373563334345818, 0.9980771541595459] status=0x8003
joint_pos=[23.003999710083008, -39.45600128173828, -8.640000343322754, -1.403999924659729, -26.496000289916992, 27.827999114990234] joint_vel=[-0.09000000357627869, 0.0, -0.18000000715255737, 0.0, -0.0, -0.0] imu_ang_vel=[0.01810949295759201, 0.0026631606742739677, 0.0074568502604961395] imu_quat_wxyz=[0.052617162466049194, -0.019349880516529083, -0.02624800242483616, 0.998082160949707] status=0x8003
joint_pos=[23.003999710083008, -39.45600128173828, -8.640000343322754, -1.403999924659729, -26.496000289916992, 27.827999114990234] joint_vel=[-0.18000000715255737, 0.09000000357627869, -0.18000000715255737, 0.0, -0.0, -0.0] imu_ang_vel=[0.014913700520992279, 0.0021305286791175604, 0.0074568502604961395] imu_quat_wxyz=[0.05258985236287117, -0.01933949626982212, -0.026123685762286186, 0.9980871677398682] status=0x8003
joint_pos=[23.003999710083008, -39.45600128173828, -8.640000343322754, -1.403999924659729, -26.496000289916992, 27.827999114990234] joint_vel=[-0.0, -0.09000000357627869, -0.27000001072883606, 0.0, -0.0, -0.0] imu_ang_vel=[0.015978965908288956, 0.0026631606742739677, 0.0063915858045220375] imu_quat_wxyz=[0.05256243795156479, -0.019326254725456238, -0.02599950134754181, 0.9980920553207397] status=0x8003
joint_pos=[23.003999710083008, -39.45600128173828, -8.640000343322754, -1.403999924659729, -26.496000289916992, 27.827999114990234] joint_vel=[-0.0, 0.0, 0.09000000357627869, 0.0, -0.0, -0.0] imu_ang_vel=[0.015446333214640617, 0.0031957929022610188, 0.005858954042196274] imu_quat_wxyz=[0.05233412981033325, -0.019342496991157532, -0.026473848149180412, 0.9980912804603577] status=0x8003
joint_pos=[23.003999710083008, -39.45600128173828, -8.640000343322754, -1.403999924659729, -26.496000289916992, 27.827999114990234] joint_vel=[0.27000001072883606, 0.0, -0.27000001072883606, 0.0, -0.0, -0.27000001072883606] imu_ang_vel=[0.016511596739292145, 0.0037284251302480698, 0.0074568502604961395] imu_quat_wxyz=[0.05231510102748871, -0.01933480054140091, -0.026345504447817802, 0.9980958104133606] status=0x8003
joint_pos=[23.003999710083008, -39.45600128173828, -8.640000343322754, -1.403999924659729, -26.496000289916992, 27.827999114990234] joint_vel=[-0.0, 0.27000001072883606, 0.18000000715255737, 0.0, -0.0, -0.0] imu_ang_vel=[0.01757686212658882, 0.0037284251302480698, 0.0063915858045220375] imu_quat_wxyz=[0.05229315906763077, -0.019328661262989044, -0.026219932362437248, 0.9981003403663635] status=0x8003
joint_pos=[23.003999710083008, -39.45600128173828, -8.640000343322754, -1.403999924659729, -26.496000289916992, 27.827999114990234] joint_vel=[-0.27000001072883606, -0.27000001072883606, 0.09000000357627869, 0.0, -0.0, -0.0] imu_ang_vel=[0.017044229432940483, 0.0026631606742739677, 0.0069242180325090885] imu_quat_wxyz=[0.052267227321863174, -0.019319217652082443, -0.026092693209648132, 0.9981053471565247] status=0x8003
joint_pos=[23.003999710083008, -39.45600128173828, -8.640000343322754, -1.403999924659729, -26.496000289916992, 27.827999114990234] joint_vel=[0.09000000357627869, -0.27000001072883606, 0.0, 0.0, 0.09000000357627869, -0.0] imu_ang_vel=[0.01810949295759201, 0.0049712336622178555, 0.006746673956513405] imu_quat_wxyz=[0.05223695933818817, -0.019312892109155655, -0.025963621214032173, 0.998110294342041] status=0x8003
joint_pos=[23.003999710083008, -39.45600128173828, -8.640000343322754, -1.403999924659729, -26.496000289916992, 27.827999114990234] joint_vel=[-0.18000000715255737, 0.09000000357627869, -0.09000000357627869, 0.0, -0.09000000357627869, -0.0] imu_ang_vel=[0.015978965908288956, 0.0037284251302480698, 0.0074568502604961395] imu_quat_wxyz=[0.05199690908193588, -0.019333887845277786, -0.026472099125385284, 0.9981091618537903] status=0x8003
joint_pos=[23.003999710083008, -39.45600128173828, -8.640000343322754, -1.403999924659729, -26.496000289916992, 27.827999114990234] joint_vel=[0.09000000357627869, -0.09000000357627869, 0.0, 0.0, -0.0, -0.18000000715255737] imu_ang_vel=[0.017044229432940483, 0.0031957929022610188, 0.0069242180325090885] imu_quat_wxyz=[0.05197371542453766, -0.019323805347085, -0.026351168751716614, 0.9981136918067932] status=0x8003
joint_pos=[23.003999710083008, -39.45600128173828, -8.640000343322754, -1.403999924659729, -26.496000289916992, 27.827999114990234] joint_vel=[-0.0, 0.0, 0.0, 0.0, -0.0, -0.0] imu_ang_vel=[0.01757686212658882, 0.0031957929022610188, 0.0074568502604961395] imu_quat_wxyz=[0.05194777622818947, -0.01931540109217167, -0.026226982474327087, 0.99811851978302] status=0x8003
joint_pos=[23.003999710083008, -39.45600128173828, -8.640000343322754, -1.403999924659729, -26.496000289916992, 27.827999114990234] joint_vel=[-0.0, 0.09000000357627869, 0.0, 0.0, -0.0, -0.0] imu_ang_vel=[0.015978965908288956, 0.0015978964511305094, 0.0063915858045220375] imu_quat_wxyz=[0.0519200898706913, -0.019311394542455673, -0.02610519714653492, 0.9981232285499573] status=0x8003
joint_pos=[23.003999710083008, -39.45600128173828, -8.640000343322754, -1.403999924659729, -26.496000289916992, 27.827999114990234] joint_vel=[-0.27000001072883606, -0.36000001430511475, -0.09000000357627869, 0.0, -0.0, -0.0] imu_ang_vel=[0.016511596739292145, 0.0026631606742739677, 0.0069242180325090885] imu_quat_wxyz=[0.051898714154958725, -0.019303586333990097, -0.025982391089200974, 0.9981276988983154] status=0x8003
joint_pos=[23.003999710083008, -39.45600128173828, -8.640000343322754, -1.403999924659729, -26.496000289916992, 27.827999114990234] joint_vel=[0.09000000357627869, 0.0, 0.27000001072883606, 0.0, -0.09000000357627869, -0.0] imu_ang_vel=[0.014913700520992279, 0.0031957929022610188, 0.0074568502604961395] imu_quat_wxyz=[0.051521558314561844, -0.019321978092193604, -0.02648649364709854, 0.998133659362793] status=0x8003
joint_pos=[23.003999710083008, -39.45600128173828, -8.640000343322754, -1.403999924659729, -26.496000289916992, 27.827999114990234] joint_vel=[-0.0, 0.18000000715255737, 0.18000000715255737, 0.0, -0.0, -0.18000000715255737] imu_ang_vel=[0.015978965908288956, 0.0031957929022610188, 0.0074568502604961395] imu_quat_wxyz=[0.051498543471097946, -0.019314907491207123, -0.02635917253792286, 0.9981383085250854] status=0x8003
joint_pos=[23.003999710083008, -39.45600128173828, -8.640000343322754, -1.403999924659729, -26.496000289916992, 27.827999114990234] joint_vel=[-0.0, 0.0, -0.09000000357627869, 0.0, -0.0, -0.0] imu_ang_vel=[0.017044229432940483, 0.0021305286791175604, 0.0069242180325090885] imu_quat_wxyz=[0.051466044038534164, -0.019310899078845978, -0.02623438648879528, 0.9981433749198914] status=0x8003
joint_pos=[23.003999710083008, -39.45600128173828, -8.640000343322754, -1.403999924659729, -26.496000289916992, 27.827999114990234] joint_vel=[-0.18000000715255737, 0.0, 0.0, 0.0, 0.27000001072883606, -0.0] imu_ang_vel=[0.014913700520992279, 0.004261057358235121, 0.0063915858045220375] imu_quat_wxyz=[0.05144025385379791, -0.019300615414977074, -0.02610805444419384, 0.9981482028961182] status=0x8003
joint_pos=[23.003999710083008, -39.45600128173828, -8.640000343322754, -1.403999924659729, -26.496000289916992, 27.827999114990234] joint_vel=[-0.0, 0.18000000715255737, -0.18000000715255737, 0.0, -0.0, -0.0] imu_ang_vel=[0.01757686212658882, 0.0026631606742739677, 0.0063915858045220375] imu_quat_wxyz=[0.05142056941986084, -0.01929745264351368, -0.025984590873122215, 0.998152494430542] status=0x8003
joint_pos=[23.003999710083008, -39.45600128173828, -8.640000343322754, -1.403999924659729, -26.496000289916992, 27.827999114990234] joint_vel=[-0.0, 0.0, 0.0, 0.0, -0.0, -0.0] imu_ang_vel=[0.016511596739292145, 0.0026631606742739677, 0.007989482954144478] imu_quat_wxyz=[0.05123297870159149, -0.019316934049129486, -0.026548393070697784, 0.9981468915939331] status=0x8003
joint_pos=[23.003999710083008, -39.45600128173828, -8.640000343322754, -1.403999924659729, -26.496000289916992, 27.827999114990234] joint_vel=[-0.18000000715255737, 0.0, 0.0, 0.0, -0.0, -0.0] imu_ang_vel=[0.01810949295759201, 0.0037284251302480698, 0.0063915858045220375] imu_quat_wxyz=[0.05120326206088066, -0.01931111328303814, -0.02642444707453251, 0.9981518983840942] status=0x8003
joint_pos=[23.003999710083008, -39.45600128173828, -8.640000343322754, -1.403999924659729, -26.496000289916992, 27.827999114990234] joint_vel=[-0.09000000357627869, 0.0, 0.0, 0.0, -0.0, -0.0] imu_ang_vel=[0.017044229432940483, 0.0037284251302480698, 0.0063915858045220375] imu_quat_wxyz=[0.051177218556404114, -0.019299767911434174, -0.02629861980676651, 0.9981567859649658] status=0x8003
joint_pos=[23.003999710083008, -39.45600128173828, -8.640000343322754, -1.403999924659729, -26.496000289916992, 27.827999114990234] joint_vel=[0.18000000715255737, 0.0, 0.0, 0.0, -0.0, 0.18000000715255737] imu_ang_vel=[0.017044229432940483, 0.0037284251302480698, 0.005858954042196274] imu_quat_wxyz=[0.05115603283047676, -0.01928807608783245, -0.026173122227191925, 0.9981613159179688] status=0x8003
joint_pos=[23.003999710083008, -39.45600128173828, -8.640000343322754, -1.403999924659729, -26.496000289916992, 27.827999114990234] joint_vel=[-0.0, -0.09000000357627869, 0.0, 0.0, -0.09000000357627869, -0.0] imu_ang_vel=[0.015978965908288956, 0.004261057358235121, 0.0074568502604961395] imu_quat_wxyz=[0.05113539099693298, -0.019277550280094147, -0.02604447491466999, 0.998166024684906] status=0x8003
joint_pos=[23.003999710083008, -39.45600128173828, -8.640000343322754, -1.403999924659729, -26.496000289916992, 27.827999114990234] joint_vel=[-0.27000001072883606, 0.0, 0.0, 0.0, -0.0, -0.0] imu_ang_vel=[0.017044229432940483, 0.0026631606742739677, 0.0074568502604961395] imu_quat_wxyz=[0.05081968382000923, -0.019297510385513306, -0.026557570323348045, 0.9981682300567627] status=0x8003
joint_pos=[23.003999710083008, -39.45600128173828, -8.640000343322754, -1.403999924659729, -26.496000289916992, 27.827999114990234] joint_vel=[0.27000001072883606, 0.0, 0.0, 0.0, -0.0, -0.0] imu_ang_vel=[0.015978965908288956, 0.0026631606742739677, 0.0063915858045220375] imu_quat_wxyz=[0.05079277977347374, -0.019285447895526886, -0.026429783552885056, 0.998173177242279] status=0x8003
joint_pos=[23.003999710083008, -39.45600128173828, -8.640000343322754, -1.403999924659729, -26.496000289916992, 27.827999114990234] joint_vel=[-0.0, 0.27000001072883606, -0.09000000357627869, 0.0, -0.0, -0.0] imu_ang_vel=[0.01757686212658882, 0.0037284251302480698, 0.005326321814209223] imu_quat_wxyz=[0.050773587077856064, -0.01927446387708187, -0.026305632665753365, 0.998177707195282] status=0x8003
joint_pos=[23.003999710083008, -39.45600128173828, -8.640000343322754, -1.403999924659729, -26.496000289916992, 27.827999114990234] joint_vel=[-0.0, 0.0, 0.18000000715255737, 0.0, -0.0, -0.0] imu_ang_vel=[0.016511596739292145, 0.0031957929022610188, 0.0074568502604961395] imu_quat_wxyz=[0.0507517084479332, -0.019267834722995758, -0.02617807686328888, 0.9981822371482849] status=0x8003
joint_pos=[23.003999710083008, -39.45600128173828, -8.640000343322754, -1.403999924659729, -26.496000289916992, 27.827999114990234] joint_vel=[0.18000000715255737, 0.0, 0.0, 0.0, -0.0, -0.27000001072883606] imu_ang_vel=[0.015978965908288956, 0.0037284251302480698, 0.005326321814209223] imu_quat_wxyz=[0.050725504755973816, -0.01926053874194622, -0.026053130626678467, 0.9981869459152222] status=0x8003
joint_pos=[23.003999710083008, -39.45600128173828, -8.640000343322754, -1.403999924659729, -26.496000289916992, 27.827999114990234] joint_vel=[-0.0, 0.18000000715255737, 0.0, -0.18000000715255737, -0.0, -0.0] imu_ang_vel=[0.01757686212658882, 0.004261057358235121, 0.0063915858045220375] imu_quat_wxyz=[0.05061393976211548, -0.019285736605525017, -0.02654685266315937, 0.9981791973114014] status=0x8003
joint_pos=[23.003999710083008, -39.45600128173828, -8.640000343322754, -1.403999924659729, -26.496000289916992, 27.827999114990234] joint_vel=[-0.09000000357627869, -0.09000000357627869, 0.09000000357627869, 0.0, -0.0, -0.18000000715255737] imu_ang_vel=[0.015978965908288956, 0.0026631606742739677, 0.005858954042196274] imu_quat_wxyz=[0.050591569393873215, -0.0192826297134161, -0.026423338800668716, 0.9981836676597595] status=0x8003
joint_pos=[23.003999710083008, -39.45600128173828, -8.640000343322754, -1.403999924659729, -26.496000289916992, 27.827999114990234] joint_vel=[-0.0, 0.0, 0.18000000715255737, 0.0, -0.0, -0.0] imu_ang_vel=[0.015446333214640617, 0.0031957929022610188, 0.008522114716470242] imu_quat_wxyz=[0.05057727172970772, -0.019276635721325874, -0.026303894817829132, 0.9981876611709595] status=0x8003
joint_pos=[23.003999710083008, -39.45600128173828, -8.640000343322754, -1.403999924659729, -26.496000289916992, 27.827999114990234] joint_vel=[-0.09000000357627869, -0.18000000715255737, 0.0, 0.0, -0.0, 0.09000000357627869] imu_ang_vel=[0.015446333214640617, 0.0031957929022610188, 0.0074568502604961395] imu_quat_wxyz=[0.05056016892194748, -0.019271699711680412, -0.026244627311825752, 0.99819016456604] status=0x8003
joint_pos=[23.003999710083008, -39.45600128173828, -8.640000343322754, -1.403999924659729, -26.496000289916992, 27.827999114990234] joint_vel=[-0.27000001072883606, 0.18000000715255737, -0.27000001072883606, 0.0, -0.0, -0.0] imu_ang_vel=[0.015446333214640617, 0.0031957929022610188, 0.0069242180325090885] imu_quat_wxyz=[0.05051831901073456, -0.0192637350410223, -0.026052944362163544, 0.9981973767280579] status=0x8003
joint_pos=[23.003999710083008, -39.45600128173828, -8.640000343322754, -1.403999924659729, -26.496000289916992, 27.827999114990234] joint_vel=[-0.0, 0.0, -0.09000000357627869, 0.0, -0.0, -0.0] imu_ang_vel=[0.017044229432940483, 0.0031957929022610188, 0.0063915858045220375] imu_quat_wxyz=[0.050144799053668976, -0.019283868372440338, -0.02652725577354431, 0.9982033371925354] status=0x8003
joint_pos=[23.003999710083008, -39.45600128173828, -8.640000343322754, -1.403999924659729, -26.496000289916992, 27.827999114990234] joint_vel=[-0.0, 0.27000001072883606, 0.09000000357627869, -0.09000000357627869, -0.0, -0.0] imu_ang_vel=[0.01810949295759201, 0.004261057358235121, 0.007989482954144478] imu_quat_wxyz=[0.05011898651719093, -0.01927318423986435, -0.02640094980597496, 0.998208224773407] status=0x8003
joint_pos=[23.003999710083008, -39.45600128173828, -8.640000343322754, -1.403999924659729, -26.496000289916992, 27.827999114990234] joint_vel=[-0.0, -0.18000000715255737, -0.09000000357627869, 0.0, -0.0, -0.0] imu_ang_vel=[0.017044229432940483, 0.0037284251302480698, 0.0074568502604961395] imu_quat_wxyz=[0.05009132996201515, -0.019265716895461082, -0.026270898059010506, 0.9982132315635681] status=0x8003
joint_pos=[23.003999710083008, -39.45600128173828, -8.640000343322754, -1.403999924659729, -26.496000289916992, 27.827999114990234] joint_vel=[0.09000000357627869, 0.0, 0.0, 0.0, -0.0, -0.0] imu_ang_vel=[0.016511596739292145, 0.0026631606742739677, 0.0063915858045220375] imu_quat_wxyz=[0.05006594955921173, -0.019260477274656296, -0.026142332702875137, 0.9982179999351501] status=0x8003
joint_pos=[23.003999710083008, -39.45600128173828, -8.640000343322754, -1.403999924659729, -26.496000289916992, 27.827999114990234] joint_vel=[-0.0, 0.27000001072883606, -0.18000000715255737, 0.0, -0.0, -0.0] imu_ang_vel=[0.015978965908288956, 0.0021305286791175604, 0.0069242180325090885] imu_quat_wxyz=[0.05003929138183594, -0.019250920042395592, -0.02601572312414646, 0.998222827911377] status=0x8003
joint_pos=[23.003999710083008, -39.45600128173828, -8.640000343322754, -1.403999924659729, -26.496000289916992, 27.827999114990234] joint_vel=[-0.09000000357627869, -0.27000001072883606, 0.18000000715255737, -0.18000000715255737, -0.0, -0.09000000357627869] imu_ang_vel=[0.016511596739292145, 0.004261057358235121, 0.007989482954144478] imu_quat_wxyz=[0.049885086715221405, -0.01926812343299389, -0.026528777554631233, 0.9982166886329651] status=0x8003
joint_pos=[23.003999710083008, -39.45600128173828, -8.640000343322754, -1.403999924659729, -26.496000289916992, 27.827999114990234] joint_vel=[-0.18000000715255737, 0.0, -0.27000001072883606, 0.0, -0.0, -0.27000001072883606] imu_ang_vel=[0.01810949295759201, 0.0026631606742739677, 0.005326321814209223] imu_quat_wxyz=[0.04985983669757843, -0.01926681585609913, -0.026408007368445396, 0.9982211589813232] status=0x8003
joint_pos=[23.003999710083008, -39.45600128173828, -8.640000343322754, -1.403999924659729, -26.496000289916992, 27.827999114990234] joint_vel=[-0.18000000715255737, 0.0, 0.18000000715255737, 0.09000000357627869, -0.0, 0.09000000357627869] imu_ang_vel=[0.017044229432940483, 0.004261057358235121, 0.005326321814209223] imu_quat_wxyz=[0.04983615502715111, -0.019263101741671562, -0.026275595650076866, 0.9982258677482605] status=0x8003
joint_pos=[23.003999710083008, -39.45600128173828, -8.640000343322754, -1.403999924659729, -26.496000289916992, 27.827999114990234] joint_vel=[-0.27000001072883606, 0.27000001072883606, 0.18000000715255737, 0.0, -0.0, -0.0] imu_ang_vel=[0.015978965908288956, 0.0031957929022610188, 0.0063915858045220375] imu_quat_wxyz=[0.049815889447927475, -0.0192533228546381, -0.026152020320296288, 0.9982302784919739] status=0x8003
joint_pos=[23.003999710083008, -39.45600128173828, -8.640000343322754, -1.403999924659729, -26.496000289916992, 27.827999114990234] joint_vel=[-0.09000000357627869, -0.09000000357627869, -0.36000001430511475, 0.0, -0.0, -0.0] imu_ang_vel=[0.015446333214640617, 0.0031957929022610188, 0.0074568502604961395] imu_quat_wxyz=[0.04979713633656502, -0.019242361187934875, -0.026028288528323174, 0.9982346892356873] status=0x8003
joint_pos=[23.003999710083008, -39.45600128173828, -8.640000343322754, -1.403999924659729, -26.496000289916992, 27.827999114990234] joint_vel=[-0.0, 0.09000000357627869, 0.0, 0.0, -0.0, -0.0] imu_ang_vel=[0.01864212565124035, 0.0037284251302480698, 0.0069242180325090885] imu_quat_wxyz=[0.04957646131515503, -0.01925862580537796, -0.02654639258980751, 0.998231828212738] status=0x8003
joint_pos=[23.003999710083008, -39.45600128173828, -8.640000343322754, -1.403999924659729, -26.496000289916992, 27.827999114990234] joint_vel=[-0.0, 0.09000000357627869, -0.18000000715255737, 0.0, -0.0, -0.0] imu_ang_vel=[0.01810949295759201, 0.0026631606742739677, 0.0069242180325090885] imu_quat_wxyz=[0.04955006763339043, -0.019249241799116135, -0.026418665423989296, 0.9982366561889648] status=0x8003
joint_pos=[23.003999710083008, -39.45600128173828, -8.640000343322754, -1.403999924659729, -26.496000289916992, 27.827999114990234] joint_vel=[-0.0, 0.0, 0.0, 0.0, 0.09000000357627869, -0.0] imu_ang_vel=[0.015978965908288956, 0.0021305286791175604, 0.004793689586222172] imu_quat_wxyz=[0.04952898249030113, -0.01923881098628044, -0.026290874928236008, 0.9982413053512573] status=0x8003
joint_pos=[23.003999710083008, -39.45600128173828, -8.640000343322754, -1.403999924659729, -26.496000289916992, 27.827999114990234] joint_vel=[-0.0, 0.27000001072883606, 0.0, 0.0, -0.0, -0.0] imu_ang_vel=[0.015978965908288956, 0.0031957929022610188, 0.0069242180325090885] imu_quat_wxyz=[0.04951102286577225, -0.01923184283077717, -0.026167644187808037, 0.9982455372810364] status=0x8003
joint_pos=[23.003999710083008, -39.45600128173828, -8.640000343322754, -1.403999924659729, -26.496000289916992, 27.827999114990234] joint_vel=[-0.09000000357627869, -0.18000000715255737, 0.09000000357627869, 0.0, -0.0, -0.0] imu_ang_vel=[0.01757686212658882, 0.0037284251302480698, 0.0069242180325090885] imu_quat_wxyz=[0.04948127642273903, -0.019224314019083977, -0.026044467464089394, 0.9982503652572632] status=0x8003
joint_pos=[23.003999710083008, -39.45600128173828, -8.640000343322754, -1.403999924659729, -26.496000289916992, 27.827999114990234] joint_vel=[-0.0, -0.09000000357627869, 0.18000000715255737, 0.0, -0.0, 0.09000000357627869] imu_ang_vel=[0.016511596739292145, 0.0037284251302480698, 0.0074568502604961395] imu_quat_wxyz=[0.04922766610980034, -0.019246689975261688, -0.026515720412135124, 0.9982501268386841] status=0x8003
joint_pos=[23.003999710083008, -39.45600128173828, -8.640000343322754, -1.403999924659729, -26.496000289916992, 27.827999114990234] joint_vel=[0.09000000357627869, 0.27000001072883606, 0.0, 0.0, -0.0, -0.0] imu_ang_vel=[0.016511596739292145, 0.0026631606742739677, 0.0063915858045220375] imu_quat_wxyz=[0.04920448735356331, -0.01924022100865841, -0.026395048946142197, 0.9982545971870422] status=0x8003
joint_pos=[23.003999710083008, -39.45600128173828, -8.640000343322754, -1.403999924659729, -26.496000289916992, 27.827999114990234] joint_vel=[-0.09000000357627869, 0.0, -0.27000001072883606, 0.0, -0.0, -0.0] imu_ang_vel=[0.015978965908288956, 0.004261057358235121, 0.0069242180325090885] imu_quat_wxyz=[0.0491829477250576, -0.019231295213103294, -0.026270078495144844, 0.9982590675354004] status=0x8003
joint_pos=[23.003999710083008, -39.45600128173828, -8.640000343322754, -1.403999924659729, -26.496000289916992, 27.827999114990234] joint_vel=[0.09000000357627869, 0.0, 0.0, 0.0, -0.0, -0.0] imu_ang_vel=[0.015978965908288956, 0.005326321814209223, 0.0069242180325090885] imu_quat_wxyz=[0.04916266351938248, -0.019223827868700027, -0.026148581877350807, 0.998263418674469] status=0x8003
joint_pos=[23.003999710083008, -39.45600128173828, -8.640000343322754, -1.403999924659729, -26.496000289916992, 27.827999114990234] joint_vel=[-0.0, -0.18000000715255737, 0.18000000715255737, 0.0, -0.0, -0.0] imu_ang_vel=[0.017044229432940483, 0.004261057358235121, 0.0063915858045220375] imu_quat_wxyz=[0.04913076385855675, -0.019220968708395958, -0.026028238236904144, 0.9982681274414062] status=0x8003
joint_pos=[23.003999710083008, -39.45600128173828, -8.640000343322754, -1.403999924659729, -26.496000289916992, 27.827999114990234] joint_vel=[-0.0, -0.09000000357627869, 0.27000001072883606, 0.0, -0.0, -0.0] imu_ang_vel=[0.016511596739292145, 0.0026631606742739677, 0.007989482954144478] imu_quat_wxyz=[0.048863187432289124, -0.01924372836947441, -0.02653634175658226, 0.9982674717903137] status=0x8003
joint_pos=[23.003999710083008, -39.45600128173828, -8.640000343322754, -1.403999924659729, -26.496000289916992, 27.827999114990234] joint_vel=[0.18000000715255737, -0.27000001072883606, 0.0, -0.09000000357627869, -0.0, -0.0] imu_ang_vel=[0.015446333214640617, 0.0031957929022610188, 0.005858954042196274] imu_quat_wxyz=[0.04883638024330139, -0.019235795363783836, -0.02641034498810768, 0.9982722401618958] status=0x8003
joint_pos=[23.003999710083008, -39.45600128173828, -8.640000343322754, -1.403999924659729, -26.496000289916992, 27.827999114990234] joint_vel=[-0.0, 0.0, 0.0, 0.0, -0.0, -0.0] imu_ang_vel=[0.017044229432940483, 0.0049712336622178555, 0.00603649765253067] imu_quat_wxyz=[0.048816122114658356, -0.01922800950706005, -0.026286862790584564, 0.9982766509056091] status=0x8003
joint_pos=[23.003999710083008, -39.45600128173828, -8.640000343322754, -1.403999924659729, -26.496000289916992, 27.827999114990234] joint_vel=[0.18000000715255737, 0.0, 0.0, 0.0, -0.0, -0.0] imu_ang_vel=[0.017044229432940483, 0.0026631606742739677, 0.0074568502604961395] imu_quat_wxyz=[0.0487961545586586, -0.019223397597670555, -0.02615504525601864, 0.9982812404632568] status=0x8003
joint_pos=[23.003999710083008, -39.45600128173828, -8.640000343322754, -1.403999924659729, -26.496000289916992, 27.827999114990234] joint_vel=[-0.09000000357627869, 0.0, 0.18000000715255737, 0.0, -0.0, -0.0] imu_ang_vel=[0.015623877756297588, 0.0035508808214217424, 0.007101761642843485] imu_quat_wxyz=[0.04876473546028137, -0.01921255886554718, -0.02603108249604702, 0.998286247253418] status=0x8003
joint_pos=[23.003999710083008, -39.45600128173828, -8.640000343322754, -1.403999924659729, -26.496000289916992, 27.827999114990234] joint_vel=[-0.27000001072883606, -0.09000000357627869, 0.0, 0.0, -0.0, -0.0] imu_ang_vel=[0.016511596739292145, 0.0037284251302480698, 0.0069242180325090885] imu_quat_wxyz=[0.04861908033490181, -0.019236823543906212, -0.026527054607868195, 0.9982797503471375] status=0x8003
joint_pos=[23.003999710083008, -39.45600128173828, -8.640000343322754, -1.403999924659729, -26.496000289916992, 27.827999114990234] joint_vel=[-0.0, 0.18000000715255737, 0.09000000357627869, 0.0, -0.0, -0.0] imu_ang_vel=[0.016511596739292145, 0.004261057358235121, 0.005858954042196274] imu_quat_wxyz=[0.048596229404211044, -0.01922781951725483, -0.02639918215572834, 0.9982844591140747] status=0x8003
joint_pos=[23.003999710083008, -39.45600128173828, -8.640000343322754, -1.403999924659729, -26.496000289916992, 27.827999114990234] joint_vel=[-0.18000000715255737, -0.18000000715255737, -0.27000001072883606, 0.0, -0.0, -0.0] imu_ang_vel=[0.015978965908288956, 0.0037284251302480698, 0.0069242180325090885] imu_quat_wxyz=[0.04857219383120537, -0.019215529784560204, -0.026271654292941093, 0.9982892870903015] status=0x8003
joint_pos=[23.003999710083008, -39.45600128173828, -8.640000343322754, -1.403999924659729, -26.496000289916992, 27.827999114990234] joint_vel=[-0.27000001072883606, 0.0, -0.09000000357627869, 0.0, -0.0, -0.0] imu_ang_vel=[0.016511596739292145, 0.004261057358235121, 0.0063915858045220375] imu_quat_wxyz=[0.048546675592660904, -0.01920824497938156, -0.02614605613052845, 0.998293936252594] status=0x8003
joint_pos=[23.003999710083008, -39.45600128173828, -8.640000343322754, -1.403999924659729, -26.496000289916992, 27.827999114990234] joint_vel=[-0.27000001072883606, -0.18000000715255737, 0.0, 0.0, -0.0, -0.0] imu_ang_vel=[0.015978965908288956, 0.004793689586222172, 0.0063915858045220375] imu_quat_wxyz=[0.04852014407515526, -0.01920187659561634, -0.0260157510638237, 0.9982987642288208] status=0x8003
joint_pos=[23.003999710083008, -39.45600128173828, -8.640000343322754, -1.403999924659729, -26.496000289916992, 27.827999114990234] joint_vel=[-0.18000000715255737, -0.18000000715255737, 0.0, 0.0, -0.0, -0.0] imu_ang_vel=[0.017044229432940483, 0.0037284251302480698, 0.0063915858045220375] imu_quat_wxyz=[0.0483606681227684, -0.019223688170313835, -0.02651177905499935, 0.9982930421829224] status=0x8003
joint_pos=[23.003999710083008, -39.45600128173828, -8.640000343322754, -1.403999924659729, -26.496000289916992, 27.827999114990234] joint_vel=[0.18000000715255737, -0.09000000357627869, 0.0, 0.0, -0.0, 0.09000000357627869] imu_ang_vel=[0.015978965908288956, 0.0021305286791175604, 0.0063915858045220375] imu_quat_wxyz=[0.04834112897515297, -0.019219782203435898, -0.026381028816103935, 0.9982975125312805] status=0x8003
joint_pos=[23.003999710083008, -39.45600128173828, -8.640000343322754, -1.403999924659729, -26.496000289916992, 27.827999114990234] joint_vel=[0.18000000715255737, 0.27000001072883606, 0.0, 0.0, -0.0, 0.18000000715255737] imu_ang_vel=[0.016511596739292145, 0.0031957929022610188, 0.0074568502604961395] imu_quat_wxyz=[0.04831922799348831, -0.019205167889595032, -0.026252543553709984, 0.9983022809028625] status=0x8003
joint_pos=[23.003999710083008, -39.45600128173828, -8.640000343322754, -1.403999924659729, -26.496000289916992, 27.827999114990234] joint_vel=[-0.0, -0.18000000715255737, 0.09000000357627869, 0.0, -0.0, -0.0] imu_ang_vel=[0.01810949295759201, 0.0031957929022610188, 0.0063915858045220375] imu_quat_wxyz=[0.048298876732587814, -0.019193721935153008, -0.026130584999918938, 0.9983065724372864] status=0x8003
joint_pos=[23.003999710083008, -39.45600128173828, -8.640000343322754, -1.403999924659729, -26.496000289916992, 27.827999114990234] joint_vel=[-0.0, 0.18000000715255737, 0.0, 0.0, -0.0, -0.18000000715255737] imu_ang_vel=[0.016511596739292145, 0.0037284251302480698, 0.0074568502604961395] imu_quat_wxyz=[0.04827277362346649, -0.019190888851881027, -0.026004550978541374, 0.9983111619949341] status=0x8003
joint_pos=[23.003999710083008, -39.45600128173828, -8.640000343322754, -1.403999924659729, -26.496000289916992, 27.827999114990234] joint_vel=[-0.27000001072883606, -0.09000000357627869, -0.09000000357627869, 0.0, -0.0, 0.09000000357627869] imu_ang_vel=[0.015978965908288956, 0.0026631606742739677, 0.007989482954144478] imu_quat_wxyz=[0.04822072014212608, -0.019210603088140488, -0.02646712400019169, 0.9983012080192566] status=0x8003
joint_pos=[23.003999710083008, -39.45600128173828, -8.640000343322754, -1.403999924659729, -26.496000289916992, 27.827999114990234] joint_vel=[0.18000000715255737, -0.09000000357627869, 0.0, 0.0, -0.0, -0.0] imu_ang_vel=[0.016511596739292145, 0.0053263213485479355, 0.0063915858045220375] imu_quat_wxyz=[0.048197466880083084, -0.019205670803785324, -0.026340361684560776, 0.9983057975769043] status=0x8003
joint_pos=[23.003999710083008, -39.45600128173828, -8.640000343322754, -1.403999924659729, -26.496000289916992, 27.827999114990234] joint_vel=[-0.0, 0.0, 0.0, 0.0, -0.0, -0.09000000357627869] imu_ang_vel=[0.015978965908288956, 0.004261057358235121, 0.0063915858045220375] imu_quat_wxyz=[0.048177555203437805, -0.019202830269932747, -0.026217306032776833, 0.9983099699020386] status=0x8003
joint_pos=[23.003999710083008, -39.45600128173828, -8.640000343322754, -1.403999924659729, -26.496000289916992, 27.827999114990234] joint_vel=[-0.0, 0.0, 0.0, 0.0, 0.09000000357627869, -0.0] imu_ang_vel=[0.015446333214640617, 0.0021305286791175604, 0.0074568502604961395] imu_quat_wxyz=[0.04814900457859039, -0.019198846071958542, -0.02609352581202984, 0.9983146786689758] status=0x8003
joint_pos=[23.003999710083008, -39.45600128173828, -8.640000343322754, -1.403999924659729, -26.496000289916992, 27.827999114990234] joint_vel=[-0.18000000715255737, 0.0, -0.09000000357627869, 0.0, 0.09000000357627869, -0.18000000715255737] imu_ang_vel=[0.015446333214640617, 0.0031957929022610188, 0.0063915858045220375] imu_quat_wxyz=[0.04812056943774223, -0.019194623455405235, -0.025974176824092865, 0.9983192682266235] status=0x8003
joint_pos=[23.003999710083008, -39.45600128173828, -8.640000343322754, -1.403999924659729, -26.496000289916992, 27.827999114990234] joint_vel=[-0.18000000715255737, 0.0, 0.0, 0.0, -0.0, -0.18000000715255737] imu_ang_vel=[0.01810949295759201, 0.004261057358235121, 0.005858954042196274] imu_quat_wxyz=[0.04795011878013611, -0.01922106184065342, -0.026476159691810608, 0.9983137249946594] status=0x8003
joint_pos=[23.003999710083008, -39.45600128173828, -8.640000343322754, -1.403999924659729, -26.496000289916992, 27.827999114990234] joint_vel=[-0.09000000357627869, 0.0, -0.09000000357627869, 0.0, -0.0, -0.0] imu_ang_vel=[0.016511596739292145, 0.0037284251302480698, 0.005326321814209223] imu_quat_wxyz=[0.04793047532439232, -0.019214900210499763, -0.026348626241087914, 0.9983182549476624] status=0x8003
joint_pos=[23.003999710083008, -39.45600128173828, -8.640000343322754, -1.403999924659729, -26.496000289916992, 27.827999114990234] joint_vel=[0.09000000357627869, 0.09000000357627869, -0.18000000715255737, 0.0, -0.0, -0.0] imu_ang_vel=[0.01810949295759201, 0.0021305286791175604, 0.005858954042196274] imu_quat_wxyz=[0.04791371524333954, -0.019210873171687126, -0.026220811530947685, 0.9983224868774414] status=0x8003
joint_pos=[23.003999710083008, -39.45600128173828, -8.640000343322754, -1.403999924659729, -26.496000289916992, 27.827999114990234] joint_vel=[-0.09000000357627869, 0.0, 0.09000000357627869, 0.0, -0.0, -0.0] imu_ang_vel=[0.015446333214640617, 0.0037284251302480698, 0.007989482954144478] imu_quat_wxyz=[0.04788493737578392, -0.01920047588646412, -0.026097556576132774, 0.9983272552490234] status=0x8003
joint_pos=[23.003999710083008, -39.45600128173828, -8.640000343322754, -1.403999924659729, -26.496000289916992, 27.827999114990234] joint_vel=[0.09000000357627869, 0.0, 0.0, 0.0, -0.0, 0.09000000357627869] imu_ang_vel=[0.015446333214640617, 0.004261057358235121, 0.0069242180325090885] imu_quat_wxyz=[0.047851093113422394, -0.019194217398762703, -0.025969112291932106, 0.9983323216438293] status=0x8003
joint_pos=[23.003999710083008, -39.45600128173828, -8.640000343322754, -1.403999924659729, -26.496000289916992, 27.827999114990234] joint_vel=[-0.0, 0.0, 0.0, 0.0, -0.27000001072883606, 0.09000000357627869] imu_ang_vel=[0.015978965908288956, 0.004261057358235121, 0.0063915858045220375] imu_quat_wxyz=[0.04784264415502548, -0.01921078935265541, -0.026438584551215172, 0.9983201622962952] status=0x8003
joint_pos=[23.003999710083008, -39.45600128173828, -8.640000343322754, -1.403999924659729, -26.496000289916992, 27.827999114990234] joint_vel=[-0.0, 0.0, 0.09000000357627869, 0.0, -0.0, -0.0] imu_ang_vel=[0.01757686212658882, 0.0031957929022610188, 0.005326321814209223] imu_quat_wxyz=[0.04782385006546974, -0.019204869866371155, -0.02631239965558052, 0.9983245134353638] status=0x8003
joint_pos=[23.003999710083008, -39.45600128173828, -8.640000343322754, -1.403999924659729, -26.496000289916992, 27.827999114990234] joint_vel=[-0.27000001072883606, 0.27000001072883606, 0.0, 0.0, -0.0, -0.27000001072883606] imu_ang_vel=[0.016511596739292145, 0.004261057358235121, 0.008522114716470242] imu_quat_wxyz=[0.047803591936826706, -0.01919974945485592, -0.026183247566223145, 0.9983289241790771] status=0x8003
joint_pos=[23.003999710083008, -39.45600128173828, -8.640000343322754, -1.403999924659729, -26.496000289916992, 27.827999114990234] joint_vel=[-0.0, 0.0, 0.27000001072883606, 0.0, -0.0, -0.0] imu_ang_vel=[0.015978965908288956, 0.0031957929022610188, 0.0069242180325090885] imu_quat_wxyz=[0.04777387157082558, -0.019197285175323486, -0.02606249414384365, 0.9983335733413696] status=0x8003
joint_pos=[23.003999710083008, -39.45600128173828, -8.640000343322754, -1.403999924659729, -26.496000289916992, 27.827999114990234] joint_vel=[-0.09000000357627869, -0.09000000357627869, 0.0, 0.0, -0.0, 0.18000000715255737] imu_ang_vel=[0.016511596739292145, 0.0026631606742739677, 0.0069242180325090885] imu_quat_wxyz=[0.047761980444192886, -0.019193390384316444, -0.02599906548857689, 0.9983358383178711] status=0x8003
joint_pos=[23.003999710083008, -39.45600128173828, -8.640000343322754, -1.403999924659729, -26.496000289916992, 27.827999114990234] joint_vel=[-0.0, -0.09000000357627869, 0.0, 0.0, -0.0, -0.0] imu_ang_vel=[0.014913700520992279, 0.004261057358235121, 0.0063915858045220375] imu_quat_wxyz=[0.04758192226290703, -0.019210759550333023, -0.026429293677210808, 0.9983328580856323] status=0x8003
joint_pos=[23.003999710083008, -39.45600128173828, -8.640000343322754, -1.403999924659729, -26.496000289916992, 27.827999114990234] joint_vel=[0.27000001072883606, 0.0, -0.27000001072883606, 0.0, 0.09000000357627869, 0.09000000357627869] imu_ang_vel=[0.015446333214640617, 0.0031957929022610188, 0.0069242180325090885] imu_quat_wxyz=[0.04755944013595581, -0.019202349707484245, -0.02630426362156868, 0.9983373880386353] status=0x8003
joint_pos=[23.003999710083008, -39.45600128173828, -8.640000343322754, -1.403999924659729, -26.496000289916992, 27.827999114990234] joint_vel=[0.36000001430511475, 0.0, -0.27000001072883606, 0.0, 0.09000000357627869, -0.0] imu_ang_vel=[0.015978965908288956, 0.0021305286791175604, 0.0074568502604961395] imu_quat_wxyz=[0.04753459617495537, -0.019196048378944397, -0.026179976761341095, 0.998341977596283] status=0x8003
joint_pos=[23.003999710083008, -39.45600128173828, -8.640000343322754, -1.403999924659729, -26.496000289916992, 27.827999114990234] joint_vel=[0.18000000715255737, 0.0, 0.18000000715255737, 0.0, -0.0, -0.0] imu_ang_vel=[0.015978965908288956, 0.0037284251302480698, 0.005858954042196274] imu_quat_wxyz=[0.04750886932015419, -0.019185218960046768, -0.02605833299458027, 0.9983465671539307] status=0x8003
joint_pos=[23.003999710083008, -39.45600128173828, -8.640000343322754, -1.403999924659729, -26.496000289916992, 27.827999114990234] joint_vel=[-0.09000000357627869, 0.0, 0.0, 0.0, -0.0, -0.0] imu_ang_vel=[0.017044229432940483, 0.0031957929022610188, 0.0074568502604961395] imu_quat_wxyz=[0.047486163675785065, -0.019178206101059914, -0.025934549048542976, 0.998350977897644] status=0x8003
joint_pos=[23.003999710083008, -39.45600128173828, -8.640000343322754, -1.403999924659729, -26.496000289916992, 27.827999114990234] joint_vel=[-0.0, 0.0, 0.0, 0.0, -0.0, -0.0] imu_ang_vel=[0.015446333214640617, 0.0037284251302480698, 0.0063915858045220375] imu_quat_wxyz=[0.047391053289175034, -0.019200678914785385, -0.02647651731967926, 0.998340904712677] status=0x8003
joint_pos=[23.003999710083008, -39.45600128173828, -8.640000343322754, -1.403999924659729, -26.496000289916992, 27.827999114990234] joint_vel=[0.18000000715255737, 0.0, 0.0, 0.0, -0.0, 0.09000000357627869] imu_ang_vel=[0.01810949295759201, 0.0031957929022610188, 0.005858954042196274] imu_quat_wxyz=[0.04736843705177307, -0.019195692613720894, -0.026352645829319954, 0.9983453154563904] status=0x8003
joint_pos=[23.003999710083008, -39.45600128173828, -8.640000343322754, -1.403999924659729, -26.496000289916992, 27.827999114990234] joint_vel=[0.09000000357627869, 0.0, -0.18000000715255737, 0.0, -0.09000000357627869, -0.09000000357627869] imu_ang_vel=[0.014913700520992279, 0.0021305286791175604, 0.0069242180325090885] imu_quat_wxyz=[0.04734187573194504, -0.01918763667345047, -0.02623242884874344, 0.9983498454093933] status=0x8003
joint_pos=[23.003999710083008, -39.45600128173828, -8.640000343322754, -1.403999924659729, -26.496000289916992, 27.827999114990234] joint_vel=[-0.0, 0.0, 0.27000001072883606, 0.0, -0.0, -0.0] imu_ang_vel=[0.01757686212658882, 0.0031957929022610188, 0.005858954042196274] imu_quat_wxyz=[0.047316811978816986, -0.01917489804327488, -0.02610800415277481, 0.9983546137809753] status=0x8003
joint_pos=[23.003999710083008, -39.45600128173828, -8.640000343322754, -1.403999924659729, -26.496000289916992, 27.827999114990234] joint_vel=[0.27000001072883606, 0.0, 0.18000000715255737, 0.0, -0.0, -0.18000000715255737] imu_ang_vel=[0.015446333214640617, 0.0021305286791175604, 0.0069242180325090885] imu_quat_wxyz=[0.04729302227497101, -0.019166572019457817, -0.025983843952417374, 0.9983590841293335] status=0x8003
joint_pos=[23.003999710083008, -39.45600128173828, -8.640000343322754, -1.403999924659729, -26.496000289916992, 27.827999114990234] joint_vel=[-0.0, 0.0, 0.0, 0.0, -0.0, -0.0] imu_ang_vel=[0.017044229432940483, 0.004261057358235121, 0.0074568502604961395] imu_quat_wxyz=[0.047280244529247284, -0.019162040203809738, -0.025920439511537552, 0.9983614087104797] status=0x8003
joint_pos=[23.003999710083008, -39.45600128173828, -8.640000343322754, -1.403999924659729, -26.496000289916992, 27.827999114990234] joint_vel=[0.27000001072883606, 0.0, 0.09000000357627869, 0.0, -0.0, -0.27000001072883606] imu_ang_vel=[0.017044229432940483, 0.0037284251302480698, 0.0069242180325090885] imu_quat_wxyz=[0.04709509387612343, -0.019187092781066895, -0.0263863205909729, 0.9983575940132141] status=0x8003
joint_pos=[23.003999710083008, -39.45600128173828, -8.640000343322754, -1.403999924659729, -26.496000289916992, 27.827999114990234] joint_vel=[0.09000000357627869, 0.0, 0.0, 0.0, -0.0, -0.0] imu_ang_vel=[0.016511596739292145, 0.0026631606742739677, 0.0063915858045220375] imu_quat_wxyz=[0.047068025916814804, -0.01917865127325058, -0.026257438585162163, 0.9983623623847961] status=0x8003
joint_pos=[23.003999710083008, -39.45600128173828, -8.640000343322754, -1.403999924659729, -26.496000289916992, 27.827999114990234] joint_vel=[0.09000000357627869, 0.0, -0.09000000357627869, 0.0, -0.0, -0.27000001072883606] imu_ang_vel=[0.01757686212658882, 0.0026631606742739677, 0.0069242180325090885] imu_quat_wxyz=[0.04703783243894577, -0.01917356625199318, -0.026132116094231606, 0.998367190361023] status=0x8003
joint_pos=[23.003999710083008, -39.45600128173828, -8.640000343322754, -1.403999924659729, -26.496000289916992, 27.827999114990234] joint_vel=[-0.09000000357627869, 0.0, 0.0, 0.0, -0.0, -0.0] imu_ang_vel=[0.016511596739292145, 0.0031957929022610188, 0.005858954042196274] imu_quat_wxyz=[0.047009412199258804, -0.01915983483195305, -0.026008114218711853, 0.998371958732605] status=0x8003
joint_pos=[23.003999710083008, -39.45600128173828, -8.640000343322754, -1.403999924659729, -26.496000289916992, 27.827999114990234] joint_vel=[-0.0, 0.0, -0.18000000715255737, 0.0, -0.0, -0.0] imu_ang_vel=[0.017044229432940483, 0.0037284251302480698, 0.005858954042196274] imu_quat_wxyz=[0.046990834176540375, -0.01918618194758892, -0.026492320001125336, 0.9983596801757812] status=0x8003
joint_pos=[23.003999710083008, -39.45600128173828, -8.640000343322754, -1.403999924659729, -26.496000289916992, 27.827999114990234] joint_vel=[-0.0, 0.0, -0.18000000715255737, 0.0, 0.27000001072883606, -0.0] imu_ang_vel=[0.015978965908288956, 0.004261057358235121, 0.007989482954144478] imu_quat_wxyz=[0.046968013048172, -0.01918303407728672, -0.026369469240307808, 0.9983640313148499] status=0x8003
joint_pos=[23.003999710083008, -39.45600128173828, -8.640000343322754, -1.403999924659729, -26.496000289916992, 27.827999114990234] joint_vel=[-0.0, -0.09000000357627869, 0.0, 0.0, -0.09000000357627869, -0.0] imu_ang_vel=[0.015978965908288956, 0.0031957929022610188, 0.0069242180325090885] imu_quat_wxyz=[0.046941597014665604, -0.019174810498952866, -0.02624523639678955, 0.9983687400817871] status=0x8003
joint_pos=[23.003999710083008, -39.45600128173828, -8.640000343322754, -1.403999924659729, -26.496000289916992, 27.827999114990234] joint_vel=[-0.0, 0.0, 0.27000001072883606, 0.0, 0.09000000357627869, 0.09000000357627869] imu_ang_vel=[0.015978965908288956, 0.0037284251302480698, 0.0063915858045220375] imu_quat_wxyz=[0.046916067600250244, -0.01916947029531002, -0.026121551170945168, 0.99837327003479] status=0x8003
joint_pos=[23.003999710083008, -39.45600128173828, -8.640000343322754, -1.403999924659729, -26.496000289916992, 27.827999114990234] joint_vel=[-0.09000000357627869, 0.18000000715255737, -0.27000001072883606, 0.0, -0.0, -0.0] imu_ang_vel=[0.015446333214640617, 0.0031957929022610188, 0.005858954042196274] imu_quat_wxyz=[0.046891674399375916, -0.01915872097015381, -0.025991739705204964, 0.9983779788017273] status=0x8003
joint_pos=[23.003999710083008, -39.45600128173828, -8.640000343322754, -1.403999924659729, -26.496000289916992, 27.827999114990234] joint_vel=[0.18000000715255737, 0.0, 0.18000000715255737, 0.0, 0.27000001072883606, -0.0] imu_ang_vel=[0.01757686212658882, 0.005326321814209223, 0.004261057358235121] imu_quat_wxyz=[0.04694512113928795, -0.019184965640306473, -0.026493946090340614, 0.9983618259429932] status=0x8003
joint_pos=[23.003999710083008, -39.45600128173828, -8.640000343322754, -1.403999924659729, -26.496000289916992, 27.827999114990234] joint_vel=[0.27000001072883606, 0.18000000715255737, -0.18000000715255737, 0.0, -0.0, -0.0] imu_ang_vel=[0.01810949295759201, 0.0031957929022610188, 0.0069242180325090885] imu_quat_wxyz=[0.046922408044338226, -0.01918092928826809, -0.026366280391812325, 0.9983662962913513] status=0x8003
joint_pos=[23.003999710083008, -39.45600128173828, -8.640000343322754, -1.403999924659729, -26.496000289916992, 27.827999114990234] joint_vel=[-0.0, 0.0, 0.0, 0.0, -0.0, 0.09000000357627869] imu_ang_vel=[0.01757686212658882, 0.0026631606742739677, 0.007989482954144478] imu_quat_wxyz=[0.04690457507967949, -0.019176101312041283, -0.026302557438611984, 0.9983689188957214] status=0x8003
joint_pos=[23.003999710083008, -39.45600128173828, -8.640000343322754, -1.403999924659729, -26.496000289916992, 27.827999114990234] joint_vel=[-0.27000001072883606, -0.09000000357627869, -0.27000001072883606, 0.0, -0.0, -0.0] imu_ang_vel=[0.017044229432940483, 0.004261057358235121, 0.0069242180325090885] imu_quat_wxyz=[0.0468631312251091, -0.019165517762303352, -0.0261169895529747, 0.9983758926391602] status=0x8003
joint_pos=[23.003999710083008, -39.45600128173828, -8.640000343322754, -1.403999924659729, -26.496000289916992, 27.827999114990234] joint_vel=[-0.27000001072883606, 0.09000000357627869, -0.09000000357627869, 0.0, -0.0, -0.0] imu_ang_vel=[0.014558612369000912, 0.0035508808214217424, 0.004616145510226488] imu_quat_wxyz=[0.04684198647737503, -0.019162332639098167, -0.025989295914769173, 0.9983803629875183] status=0x8003
joint_pos=[23.003999710083008, -39.45600128173828, -8.640000343322754, -1.403999924659729, -26.496000289916992, 27.827999114990234] joint_vel=[0.09000000357627869, -0.18000000715255737, 0.0, 0.0, -0.0, -0.0] imu_ang_vel=[0.015978965908288956, 0.004261057358235121, 0.0074568502604961395] imu_quat_wxyz=[0.04688325151801109, -0.019185764715075493, -0.02649511955678463, 0.9983645677566528] status=0x8003
joint_pos=[23.003999710083008, -39.45600128173828, -8.640000343322754, -1.403999924659729, -26.496000289916992, 27.827999114990234] joint_vel=[-0.09000000357627869, 0.0, 0.09000000357627869, 0.0, -0.0, 0.09000000357627869] imu_ang_vel=[0.01757686212658882, 0.004261057358235121, 0.005326321814209223] imu_quat_wxyz=[0.046856045722961426, -0.019181925803422928, -0.026369117200374603, 0.9983692765235901] status=0x8003
joint_pos=[23.003999710083008, -39.45600128173828, -8.640000343322754, -1.403999924659729, -26.496000289916992, 27.827999114990234] joint_vel=[0.36000001430511475, 0.0, 0.09000000357627869, 0.0, -0.09000000357627869, 0.09000000357627869] imu_ang_vel=[0.01668914221227169, 0.0031957931350916624, 0.0074568502604961395] imu_quat_wxyz=[0.04683251678943634, -0.01917816512286663, -0.026247158646583557, 0.9983737468719482] status=0x8003
joint_pos=[23.003999710083008, -39.45600128173828, -8.640000343322754, -1.403999924659729, -26.496000289916992, 27.827999114990234] joint_vel=[0.09000000357627869, 0.0, 0.0, 0.0, 0.18000000715255737, -0.0] imu_ang_vel=[0.016511596739292145, 0.004261057358235121, 0.005858954042196274] imu_quat_wxyz=[0.04680326208472252, -0.01916818879544735, -0.026126323267817497, 0.9983784556388855] status=0x8003
joint_pos=[23.003999710083008, -39.45600128173828, -8.640000343322754, -1.403999924659729, -26.496000289916992, 27.827999114990234] joint_vel=[-0.18000000715255737, 0.0, 0.0, 0.0, 0.09000000357627869, -0.0] imu_ang_vel=[0.016511596739292145, 0.0026631606742739677, 0.005858954042196274] imu_quat_wxyz=[0.04678623378276825, -0.019156591966748238, -0.02600199170410633, 0.9983826875686646] status=0x8003
joint_pos=[23.003999710083008, -39.45600128173828, -8.640000343322754, -1.403999924659729, -26.496000289916992, 27.827999114990234] joint_vel=[-0.09000000357627869, 0.27000001072883606, -0.09000000357627869, 0.0, -0.0, -0.0] imu_ang_vel=[0.017044229432940483, 0.0037284251302480698, 0.0069242180325090885] imu_quat_wxyz=[0.04668611288070679, -0.019176358357071877, -0.026491666212677956, 0.9983741641044617] status=0x8003
joint_pos=[23.003999710083008, -39.45600128173828, -8.640000343322754, -1.403999924659729, -26.496000289916992, 27.827999114990234] joint_vel=[-0.0, -0.18000000715255737, 0.0, 0.0, -0.0, -0.0] imu_ang_vel=[0.017044229432940483, 0.0015978964511305094, 0.0063915858045220375] imu_quat_wxyz=[0.04666387289762497, -0.019169380888342857, -0.0263679102063179, 0.998378574848175] status=0x8003
joint_pos=[23.003999710083008, -39.45600128173828, -8.640000343322754, -1.403999924659729, -26.496000289916992, 27.827999114990234] joint_vel=[-0.27000001072883606, 0.18000000715255737, 0.09000000357627869, 0.0, -0.0, -0.0] imu_ang_vel=[0.015978965908288956, 0.0031957929022610188, 0.0063915858045220375] imu_quat_wxyz=[0.04663475230336189, -0.019148897379636765, -0.026240678504109383, 0.9983837008476257] status=0x8003
joint_pos=[23.003999710083008, -39.45600128173828, -8.640000343322754, -1.403999924659729, -26.496000289916992, 27.827999114990234] joint_vel=[0.27000001072883606, 0.0, 0.27000001072883606, 0.0, -0.0, -0.0] imu_ang_vel=[0.01757686212658882, 0.0021305286791175604, 0.0074568502604961395] imu_quat_wxyz=[0.04661288857460022, -0.019145900383591652, -0.026116536930203438, 0.9983880519866943] status=0x8003
joint_pos=[23.003999710083008, -39.45600128173828, -8.640000343322754, -1.403999924659729, -26.496000289916992, 27.827999114990234] joint_vel=[-0.27000001072883606, 0.09000000357627869, 0.0, 0.0, -0.0, -0.27000001072883606] imu_ang_vel=[0.017044229432940483, 0.0037284251302480698, 0.005326321814209223] imu_quat_wxyz=[0.04659032076597214, -0.019140807911753654, -0.02599022537469864, 0.9983924627304077] status=0x8003
joint_pos=[23.003999710083008, -39.45600128173828, -8.640000343322754, -1.403999924659729, -26.496000289916992, 27.827999114990234] joint_vel=[0.27000001072883606, 0.0, 0.0, 0.0, -0.0, -0.18000000715255737] imu_ang_vel=[0.01757686212658882, 0.0037284251302480698, 0.0069242180325090885] imu_quat_wxyz=[0.04657949507236481, -0.0191390011459589, -0.025923604145646095, 0.998394787311554] status=0x8003
joint_pos=[23.003999710083008, -39.45600128173828, -8.640000343322754, -1.403999924659729, -26.496000289916992, 27.827999114990234] joint_vel=[-0.0, -0.09000000357627869, 0.0, 0.0, 0.18000000715255737, -0.0] imu_ang_vel=[0.017044229432940483, 0.0031957929022610188, 0.0063915858045220375] imu_quat_wxyz=[0.04650002345442772, -0.01916031539440155, -0.026339774951338768, 0.9983870983123779] status=0x8003
joint_pos=[23.003999710083008, -39.45600128173828, -8.640000343322754, -1.403999924659729, -26.496000289916992, 27.827999114990234] joint_vel=[0.18000000715255737, 0.0, -0.09000000357627869, 0.0, -0.0, -0.0] imu_ang_vel=[0.015978965908288956, 0.004261057358235121, 0.0074568502604961395] imu_quat_wxyz=[0.04647285118699074, -0.01914835162460804, -0.026215527206659317, 0.9983919262886047] status=0x8003
joint_pos=[23.003999710083008, -39.45600128173828, -8.640000343322754, -1.403999924659729, -26.496000289916992, 27.827999114990234] joint_vel=[0.09000000357627869, 0.0, 0.0, 0.0, -0.0, -0.0] imu_ang_vel=[0.01810949295759201, 0.005326321814209223, 0.0074568502604961395] imu_quat_wxyz=[0.04644336178898811, -0.019138935953378677, -0.026097089052200317, 0.9983965754508972] status=0x8003
joint_pos=[23.003999710083008, -39.45600128173828, -8.640000343322754, -1.403999924659729, -26.496000289916992, 27.827999114990234] joint_vel=[-0.0, -0.09000000357627869, -0.09000000357627869, 0.0, -0.0, 0.09000000357627869] imu_ang_vel=[0.01864212565124035, 0.004261057358235121, 0.0069242180325090885] imu_quat_wxyz=[0.04641591012477875, -0.019132820889353752, -0.02596963196992874, 0.9984013438224792] status=0x8003
joint_pos=[23.003999710083008, -39.45600128173828, -8.640000343322754, -1.403999924659729, -26.496000289916992, 27.827999114990234] joint_vel=[-0.0, 0.27000001072883606, 0.0, 0.0, -0.0, 0.18000000715255737] imu_ang_vel=[0.016511596739292145, 0.0021305286791175604, 0.0074568502604961395] imu_quat_wxyz=[0.04620135575532913, -0.01915963925421238, -0.02645351178944111, 0.9983980655670166] status=0x8003
joint_pos=[23.003999710083008, -39.45600128173828, -8.640000343322754, -1.403999924659729, -26.496000289916992, 27.827999114990234] joint_vel=[-0.0, 0.27000001072883606, 0.0, 0.0, -0.0, -0.18000000715255737] imu_ang_vel=[0.016511596739292145, 0.0026631606742739677, 0.0069242180325090885] imu_quat_wxyz=[0.04617999494075775, -0.019151372835040092, -0.02632584236562252, 0.9984025359153748] status=0x8003
joint_pos=[23.003999710083008, -39.45600128173828, -8.640000343322754, -1.403999924659729, -26.496000289916992, 27.827999114990234] joint_vel=[-0.0, 0.0, 0.0, 0.0, -0.0, -0.27000001072883606] imu_ang_vel=[0.016511596739292145, 0.0037284251302480698, 0.0063915858045220375] imu_quat_wxyz=[0.04615297541022301, -0.019144415855407715, -0.026198456063866615, 0.998407244682312] status=0x8003
joint_pos=[23.003999710083008, -39.45600128173828, -8.640000343322754, -1.403999924659729, -26.496000289916992, 27.827999114990234] joint_vel=[-0.0, 0.0, 0.0, 0.0, -0.0, -0.0] imu_ang_vel=[0.015978965908288956, 0.0037284251302480698, 0.008522114716470242] imu_quat_wxyz=[0.0461248904466629, -0.01913987100124359, -0.026070257648825645, 0.9984120726585388] status=0x8003
joint_pos=[23.003999710083008, -39.45600128173828, -8.640000343322754, -1.403999924659729, -26.496000289916992, 27.827999114990234] joint_vel=[-0.18000000715255737, 0.27000001072883606, -0.09000000357627869, 0.0, -0.0, 0.09000000357627869] imu_ang_vel=[0.01810949295759201, 0.0015978964511305094, 0.005858954042196274] imu_quat_wxyz=[0.04609725624322891, -0.01913047954440117, -0.025948096066713333, 0.9984166026115417] status=0x8003
joint_pos=[23.003999710083008, -39.45600128173828, -8.640000343322754, -1.403999924659729, -26.496000289916992, 27.827999114990234] joint_vel=[0.09000000357627869, 0.0, 0.0, 0.0, -0.0, 0.09000000357627869] imu_ang_vel=[0.01757686212658882, 0.0037284251302480698, 0.005858954042196274] imu_quat_wxyz=[0.046117812395095825, -0.019151048734784126, -0.026444382965564728, 0.9984023571014404] status=0x8003
joint_pos=[23.003999710083008, -39.45600128173828, -8.640000343322754, -1.403999924659729, -26.496000289916992, 27.827999114990234] joint_vel=[0.09000000357627869, 0.36000001430511475, -0.18000000715255737, 0.0, -0.0, 0.09000000357627869] imu_ang_vel=[0.016511596739292145, 0.0031957929022610188, 0.005326321814209223] imu_quat_wxyz=[0.04609749838709831, -0.019147749990224838, -0.026318926364183426, 0.9984066486358643] status=0x8003
joint_pos=[23.003999710083008, -39.45600128173828, -8.640000343322754, -1.403999924659729, -26.496000289916992, 27.827999114990234] joint_vel=[-0.0, 0.0, 0.0, 0.0, -0.0, -0.18000000715255737] imu_ang_vel=[0.016511596739292145, 0.0031957929022610188, 0.0069242180325090885] imu_quat_wxyz=[0.04607357829809189, -0.019140474498271942, -0.026201162487268448, 0.9984109401702881] status=0x8003
joint_pos=[23.003999710083008, -39.45600128173828, -8.640000343322754, -1.403999924659729, -26.496000289916992, 27.827999114990234] joint_vel=[-0.0, 0.0, -0.18000000715255737, 0.0, -0.0, -0.0] imu_ang_vel=[0.016511596739292145, 0.004261057358235121, 0.0063915858045220375] imu_quat_wxyz=[0.04605145752429962, -0.019135070964694023, -0.026081766933202744, 0.9984151721000671] status=0x8003
joint_pos=[23.003999710083008, -39.45600128173828, -8.640000343322754, -1.403999924659729, -26.496000289916992, 27.827999114990234] joint_vel=[-0.09000000357627869, 0.0, 0.0, 0.0, -0.0, -0.0] imu_ang_vel=[0.01757686212658882, 0.0037284251302480698, 0.0063915858045220375] imu_quat_wxyz=[0.046025585383176804, -0.01912817358970642, -0.02596150152385235, 0.9984196424484253] status=0x8003
joint_pos=[23.003999710083008, -39.45600128173828, -8.640000343322754, -1.403999924659729, -26.496000289916992, 27.827999114990234] joint_vel=[-0.0, 0.27000001072883606, 0.0, 0.0, -0.0, -0.0] imu_ang_vel=[0.01810949295759201, 0.0037284251302480698, 0.0063915858045220375] imu_quat_wxyz=[0.04603499919176102, -0.01915203221142292, -0.026459598913788795, 0.9984057545661926] status=0x8003
joint_pos=[23.003999710083008, -39.45600128173828, -8.640000343322754, -1.403999924659729, -26.496000289916992, 27.827999114990234] joint_vel=[-0.0, 0.0, 0.0, 0.0, -0.0, -0.0] imu_ang_vel=[0.017044229432940483, 0.0021305286791175604, 0.007989482954144478] imu_quat_wxyz=[0.0460127592086792, -0.01913839392364025, -0.026329701766371727, 0.9984104037284851] status=0x8003
joint_pos=[23.003999710083008, -39.45600128173828, -8.640000343322754, -1.403999924659729, -26.496000289916992, 27.827999114990234] joint_vel=[-0.27000001072883606, 0.0, 0.0, 0.18000000715255737, -0.0, -0.18000000715255737] imu_ang_vel=[0.017044229432940483, 0.0026631606742739677, 0.005858954042196274] imu_quat_wxyz=[0.045992620289325714, -0.01912629045546055, -0.026205770671367645, 0.9984148740768433] status=0x8003
joint_pos=[23.003999710083008, -39.45600128173828, -8.640000343322754, -1.403999924659729, -26.496000289916992, 27.827999114990234] joint_vel=[-0.0, 0.09000000357627869, 0.18000000715255737, 0.0, -0.0, 0.09000000357627869] imu_ang_vel=[0.014913700520992279, 0.0026631606742739677, 0.005326321814209223] imu_quat_wxyz=[0.04597033932805061, -0.01911836490035057, -0.026074504479765892, 0.998419463634491] status=0x8003
joint_pos=[23.003999710083008, -39.45600128173828, -8.640000343322754, -1.403999924659729, -26.496000289916992, 27.827999114990234] joint_vel=[0.09000000357627869, 0.0, 0.0, 0.0, -0.0, -0.0] imu_ang_vel=[0.017044229432940483, 0.0026631606742739677, 0.0069242180325090885] imu_quat_wxyz=[0.045947615057229996, -0.019108029082417488, -0.02594868279993534, 0.9984239339828491] status=0x8003
joint_pos=[23.003999710083008, -39.45600128173828, -8.640000343322754, -1.403999924659729, -26.496000289916992, 27.827999114990234] joint_vel=[-0.0, -0.18000000715255737, 0.0, 0.0, -0.0, -0.0] imu_ang_vel=[0.017044229432940483, 0.004261057358235121, 0.0069242180325090885] imu_quat_wxyz=[0.04601746425032616, -0.01913333870470524, -0.02642855793237686, 0.9984077215194702] status=0x8003
joint_pos=[23.003999710083008, -39.45600128173828, -8.640000343322754, -1.403999924659729, -26.496000289916992, 27.827999114990234] joint_vel=[0.18000000715255737, -0.09000000357627869, 0.18000000715255737, 0.0, -0.0, -0.0] imu_ang_vel=[0.017044229432940483, 0.0021305286791175604, 0.007989482954144478] imu_quat_wxyz=[0.045990608632564545, -0.019123008474707603, -0.02629997581243515, 0.9984124898910522] status=0x8003
joint_pos=[23.003999710083008, -39.45600128173828, -8.640000343322754, -1.403999924659729, -26.496000289916992, 27.827999114990234] joint_vel=[-0.0, 0.09000000357627869, 0.0, 0.0, -0.0, -0.0] imu_ang_vel=[0.015978965908288956, 0.0037284251302480698, 0.0069242180325090885] imu_quat_wxyz=[0.04596514627337456, -0.01911321096122265, -0.02617942914366722, 0.9984170198440552] status=0x8003
joint_pos=[23.003999710083008, -39.45600128173828, -8.640000343322754, -1.403999924659729, -26.496000289916992, 27.827999114990234] joint_vel=[-0.0, 0.09000000357627869, 0.0, 0.0, -0.0, -0.0] imu_ang_vel=[0.01757686212658882, 0.0037284251302480698, 0.0063915858045220375] imu_quat_wxyz=[0.0459403395652771, -0.019105948507785797, -0.026051420718431473, 0.9984217286109924] status=0x8003
joint_pos=[23.003999710083008, -39.45600128173828, -8.640000343322754, -1.403999924659729, -26.496000289916992, 27.827999114990234] joint_vel=[-0.0, 0.0, 0.18000000715255737, 0.0, 0.09000000357627869, 0.09000000357627869] imu_ang_vel=[0.015446333214640617, 0.005326321814209223, 0.005858954042196274] imu_quat_wxyz=[0.0459144189953804, -0.019100388512015343, -0.02592618204653263, 0.9984262585639954] status=0x8003
joint_pos=[23.003999710083008, -39.45600128173828, -8.640000343322754, -1.403999924659729, -26.496000289916992, 27.827999114990234] joint_vel=[-0.0, 0.0, -0.27000001072883606, 0.0, 0.18000000715255737, -0.0] imu_ang_vel=[0.016511596739292145, 0.0026631606742739677, 0.005326321814209223] imu_quat_wxyz=[0.045953862369060516, -0.0191352516412735, -0.026413429528474808, 0.9984110593795776] status=0x8003
joint_pos=[23.003999710083008, -39.45600128173828, -8.640000343322754, -1.403999924659729, -26.496000289916992, 27.827999114990234] joint_vel=[0.18000000715255737, 0.0, 0.09000000357627869, 0.0, 0.09000000357627869, -0.0] imu_ang_vel=[0.01757686212658882, 0.0010652643395587802, 0.005858954042196274] imu_quat_wxyz=[0.04593256115913391, -0.019130509346723557, -0.026288695633411407, 0.9984153509140015] status=0x8003
joint_pos=[23.003999710083008, -39.45600128173828, -8.640000343322754, -1.403999924659729, -26.496000289916992, 27.827999114990234] joint_vel=[-0.09000000357627869, 0.0, 0.0, 0.0, -0.0, -0.0] imu_ang_vel=[0.015446333214640617, 0.0021305286791175604, 0.0069242180325090885] imu_quat_wxyz=[0.04590931162238121, -0.019125765189528465, -0.02616281621158123, 0.9984197616577148] status=0x8003
joint_pos=[23.003999710083008, -39.45600128173828, -8.640000343322754, -1.403999924659729, -26.496000289916992, 27.827999114990234] joint_vel=[-0.27000001072883606, 0.0, 0.0, 0.0, -0.0, -0.27000001072883606] imu_ang_vel=[0.015446333214640617, 0.0031957929022610188, 0.0074568502604961395] imu_quat_wxyz=[0.04587678611278534, -0.019120732322335243, -0.02604454755783081, 0.9984245300292969] status=0x8003
joint_pos=[23.003999710083008, -39.45600128173828, -8.640000343322754, -1.403999924659729, -26.496000289916992, 27.827999114990234] joint_vel=[-0.09000000357627869, -0.18000000715255737, -0.27000001072883606, 0.18000000715255737, -0.0, 0.09000000357627869] imu_ang_vel=[0.014913700520992279, 0.0026631606742739677, 0.0069242180325090885] imu_quat_wxyz=[0.0458519347012043, -0.019116025418043137, -0.025923285633325577, 0.9984288811683655] status=0x8003
joint_pos=[23.003999710083008, -39.45600128173828, -8.640000343322754, -1.403999924659729, -26.496000289916992, 27.827999114990234] joint_vel=[0.09000000357627869, 0.18000000715255737, 0.0, 0.0, -0.0, -0.0] imu_ang_vel=[0.015978965908288956, 0.0026631606742739677, 0.0074568502604961395] imu_quat_wxyz=[0.045888859778642654, -0.019143393263220787, -0.026447923853993416, 0.9984128475189209] status=0x8003
joint_pos=[23.003999710083008, -39.45600128173828, -8.640000343322754, -1.403999924659729, -26.496000289916992, 27.827999114990234] joint_vel=[-0.0, 0.0, 0.0, 0.0, -0.09000000357627869, -0.0] imu_ang_vel=[0.017044229432940483, 0.0021305286791175604, 0.005858954042196274] imu_quat_wxyz=[0.04586084559559822, -0.019133880734443665, -0.026321543380618095, 0.9984177350997925] status=0x8003
joint_pos=[23.003999710083008, -39.45600128173828, -8.640000343322754, -1.403999924659729, -26.496000289916992, 27.827999114990234] joint_vel=[-0.0, 0.0, 0.0, 0.0, -0.09000000357627869, -0.0] imu_ang_vel=[0.015978965908288956, 0.004793689586222172, 0.0063915858045220375] imu_quat_wxyz=[0.04584049433469772, -0.01912577636539936, -0.02619163505733013, 0.9984222650527954] status=0x8003
joint_pos=[23.003999710083008, -39.45600128173828, -8.640000343322754, -1.403999924659729, -26.496000289916992, 27.827999114990234] joint_vel=[-0.0, 0.0, -0.09000000357627869, 0.0, -0.0, 0.18000000715255737] imu_ang_vel=[0.01810949295759201, 0.0031957929022610188, 0.0063915858045220375] imu_quat_wxyz=[0.04581845551729202, -0.019119197502732277, -0.02606963738799095, 0.9984265565872192] status=0x8003
joint_pos=[23.003999710083008, -39.45600128173828, -8.640000343322754, -1.403999924659729, -26.496000289916992, 27.827999114990234] joint_vel=[-0.0, -0.18000000715255737, 0.0, 0.0, -0.0, -0.27000001072883606] imu_ang_vel=[0.015978965908288956, 0.004793689586222172, 0.005326321814209223] imu_quat_wxyz=[0.045794058591127396, -0.019108276814222336, -0.025938669219613075, 0.9984312653541565] status=0x8003
joint_pos=[23.003999710083008, -39.45600128173828, -8.640000343322754, -1.403999924659729, -26.496000289916992, 27.827999114990234] joint_vel=[-0.0, 0.18000000715255737, 0.0, 0.0, -0.0, 0.09000000357627869] imu_ang_vel=[0.017044229432940483, 0.0037284251302480698, 0.0063915858045220375] imu_quat_wxyz=[0.045848142355680466, -0.019134407863020897, -0.026456071063876152, 0.9984146952629089] status=0x8003
joint_pos=[23.003999710083008, -39.45600128173828, -8.640000343322754, -1.403999924659729, -26.496000289916992, 27.827999114990234] joint_vel=[0.09000000357627869, -0.09000000357627869, 0.18000000715255737, 0.0, -0.0, -0.0] imu_ang_vel=[0.015978965908288956, 0.0031957929022610188, 0.0063915858045220375] imu_quat_wxyz=[0.045824188739061356, -0.01912853866815567, -0.026328906416893005, 0.9984192848205566] status=0x8003
joint_pos=[23.003999710083008, -39.45600128173828, -8.640000343322754, -1.403999924659729, -26.496000289916992, 27.827999114990234] joint_vel=[-0.18000000715255737, -0.09000000357627869, 0.0, 0.0, -0.0, -0.0] imu_ang_vel=[0.015978965908288956, 0.0037284251302480698, 0.0069242180325090885] imu_quat_wxyz=[0.04580357298254967, -0.019121259450912476, -0.026202073320746422, 0.99842369556427] status=0x8003
joint_pos=[23.003999710083008, -39.45600128173828, -8.640000343322754, -1.403999924659729, -26.496000289916992, 27.827999114990234] joint_vel=[0.09000000357627869, 0.0, 0.27000001072883606, 0.0, -0.0, -0.0] imu_ang_vel=[0.016511596739292145, 0.0031957929022610188, 0.005858954042196274] imu_quat_wxyz=[0.04577561467885971, -0.01911676675081253, -0.026078544557094574, 0.9984284043312073] status=0x8003
joint_pos=[23.003999710083008, -39.45600128173828, -8.640000343322754, -1.403999924659729, -26.496000289916992, 27.827999114990234] joint_vel=[0.27000001072883606, 0.0, -0.18000000715255737, 0.0, -0.0, -0.0] imu_ang_vel=[0.016334054991602898, 0.0031957931350916624, 0.006746673956513405] imu_quat_wxyz=[0.04575427249073982, -0.01910986937582493, -0.025954576209187508, 0.9984326362609863] status=0x8003
