Log file: /home/cx/robot_deploy/log/2026-07-23_17-26-11.txt
Loaded ONNX policy: /home/cx/mjlab-recovered/logs/rsl_rl/custom_biped_velocity_nolinvel/2026-07-20_17-02-11/2026-07-20_17-02-11.onnx
  input=obs[1,65] output=actions[1,6]
  velocity_command=[0.1, 0.0, 0.0]
  startup=move 4s + hold 1s
Connected to /dev/ttyACM0 at 921600 baud; loop rate 200 Hz.
joint_pos=[0.0, 0.0, 0.0, 0.0, 0.0, 0.0] joint_vel=[0.0, 0.0, 0.0, 0.0, 0.0, 0.0] imu_ang_vel=[0.015978965908288956, 0.0031957929022610188, 0.005858954042196274] imu_quat_wxyz=[0.8679570555686951, -0.033652327954769135, 0.004218351095914841, 0.4954799711704254] status=0x8403
ONNX startup: moving from measured joint positions to [10.0, -20.0, 10.0, 10.0, -20.0, 10.0] deg over 4 s.
joint_pos=[0.0, 0.0, 0.0, 0.0, 0.0, 0.0] joint_vel=[0.0, 0.0, 0.0, 0.0, 0.0, 0.0] imu_ang_vel=[0.015978965908288956, 0.0031957929022610188, 0.005326321814209223] imu_quat_wxyz=[0.8679514527320862, -0.03354351595044136, 0.004274460952728987, 0.4954967200756073] status=0x8003
joint_pos=[0.0, 0.0, 0.0, 0.0, 0.0, 0.0] joint_vel=[0.0, 0.0, 0.0, 0.0, 0.0, 0.0] imu_ang_vel=[0.01810949295759201, 0.0037284251302480698, 0.0069242180325090885] imu_quat_wxyz=[0.8679448962211609, -0.03343842178583145, 0.004334591794759035, 0.49551472067832947] status=0x8003
joint_pos=[0.0, 0.0, 0.0, 0.0, 0.0, 0.0] joint_vel=[0.0, 0.0, 0.0, 0.0, 0.0, 0.0] imu_ang_vel=[0.015446333214640617, 0.0037284251302480698, 0.005858954042196274] imu_quat_wxyz=[0.8679392337799072, -0.0333838053047657, 0.004369951318949461, 0.4955279529094696] status=0x8003
joint_pos=[0.0, 0.0, 0.0, 0.0, 0.0, 0.0] joint_vel=[0.0, 0.0, 0.0, 0.0, 0.0, 0.0] imu_ang_vel=[0.016511596739292145, 0.004793689586222172, 0.005858954042196274] imu_quat_wxyz=[0.8679261207580566, -0.03322206810116768, 0.0044516087509691715, 0.4955611526966095] status=0x8003
joint_pos=[0.0, 0.0, 0.0, 0.0, 0.0, 0.0] joint_vel=[0.0, 0.0, 0.0, 0.0, 0.0, 0.0] imu_ang_vel=[0.017044229432940483, 0.0037284251302480698, 0.0069242180325090885] imu_quat_wxyz=[0.8678950071334839, -0.03365598991513252, 0.004213568288832903, 0.4955883324146271] status=0x8003
joint_pos=[0.0, 0.0, 0.0, 0.0, 0.0, 0.0] joint_vel=[0.0, 0.0, 0.0, 0.0, 0.0, 0.0] imu_ang_vel=[0.01438106782734394, 0.004261057358235121, 0.005858954042196274] imu_quat_wxyz=[0.8678898215293884, -0.03354277089238167, 0.004276774358004332, 0.495604544878006] status=0x8003
joint_pos=[0.0, 0.0, 0.0, 0.0, 0.0, 0.0] joint_vel=[0.0, 0.0, 0.0, 0.0, 0.0, 0.0] imu_ang_vel=[0.01438106782734394, 0.0026631606742739677, 0.0069242180325090885] imu_quat_wxyz=[0.8678823113441467, -0.03343821316957474, 0.004336957354098558, 0.495624303817749] status=0x8003
joint_pos=[0.0, 0.0, 0.0, 0.0, 0.0, 0.0] joint_vel=[0.0, 0.0, 0.0, 0.0, 0.0, 0.0] imu_ang_vel=[0.015978965908288956, 0.0031957929022610188, 0.007989482954144478] imu_quat_wxyz=[0.8678696155548096, -0.03333482891321182, 0.004396533593535423, 0.495652973651886] status=0x8003
joint_pos=[0.0, 0.0, 0.0, 0.0, 0.0, 0.0] joint_vel=[0.0, 0.0, 0.0, 0.0, 0.0, 0.0] imu_ang_vel=[0.01757686212658882, 0.0037284251302480698, 0.0063915858045220375] imu_quat_wxyz=[0.8678594827651978, -0.033227767795324326, 0.004455746151506901, 0.49567750096321106] status=0x8003
joint_pos=[0.0, 0.0, 0.0, 0.0, 0.0, 0.0] joint_vel=[0.0, 0.0, 0.0, 0.0, 0.0, 0.0] imu_ang_vel=[0.016511596739292145, 0.0031957929022610188, 0.004261057358235121] imu_quat_wxyz=[0.8678004741668701, -0.03366744890809059, 0.004205669742077589, 0.49575310945510864] status=0x8003
joint_pos=[0.0, 0.0, 0.0, 0.0, 0.0, 0.0] joint_vel=[0.0, 0.0, 0.0, 0.0, 0.0, 0.0] imu_ang_vel=[0.016511596739292145, 0.004261057358235121, 0.005858954042196274] imu_quat_wxyz=[0.8677945137023926, -0.033558834344148636, 0.004265796393156052, 0.49577033519744873] status=0x8003
joint_pos=[0.0, 0.0, 0.0, 0.0, 0.0, 0.0] joint_vel=[0.0, 0.0, 0.0, 0.0, 0.0, 0.0] imu_ang_vel=[0.01810949295759201, 0.0037284251302480698, 0.0074568502604961395] imu_quat_wxyz=[0.8677838444709778, -0.033455297350883484, 0.004328948445618153, 0.49579569697380066] status=0x8003
joint_pos=[0.0, 0.0, 0.0, 0.0, 0.0, 0.0] joint_vel=[0.0, 0.0, 0.0, 0.0, 0.0, 0.0] imu_ang_vel=[0.017044229432940483, 0.0031957929022610188, 0.0063915858045220375] imu_quat_wxyz=[0.8677728772163391, -0.033346742391586304, 0.004393192008137703, 0.49582162499427795] status=0x8003
joint_pos=[0.0, 0.0, 0.0, 0.0, 0.0, 0.0] joint_vel=[0.0, 0.0, 0.0, 0.0, 0.0, 0.0] imu_ang_vel=[0.015978965908288956, 0.0015978964511305094, 0.005858954042196274] imu_quat_wxyz=[0.867764949798584, -0.03323511779308319, 0.004450836684554815, 0.49584221839904785] status=0x8003
joint_pos=[0.0, 0.0, 0.0, 0.0, 0.0, 0.0] joint_vel=[0.0, 0.0, 0.0, 0.0, 0.0, 0.0] imu_ang_vel=[0.016511596739292145, 0.004261057358235121, 0.0069242180325090885] imu_quat_wxyz=[0.8678169250488281, -0.033679164946079254, 0.004193052649497986, 0.49572375416755676] status=0x8003
joint_pos=[0.0, 0.0, 0.0, 0.0, 0.0, 0.0] joint_vel=[0.0, 0.0, 0.0, 0.0, 0.0, 0.0] imu_ang_vel=[0.014913700520992279, 0.004261057358235121, 0.0074568502604961395] imu_quat_wxyz=[0.8678082227706909, -0.033565450459718704, 0.0042588477954268456, 0.49574610590934753] status=0x8003
joint_pos=[0.0, 0.0, 0.0, 0.0, 0.0, 0.0] joint_vel=[0.0, 0.0, 0.0, 0.0, 0.0, 0.0] imu_ang_vel=[0.01810949295759201, 0.0031957929022610188, 0.0063915858045220375] imu_quat_wxyz=[0.8677974939346313, -0.03345607966184616, 0.004326119553297758, 0.4957716763019562] status=0x8003
joint_pos=[0.0, 0.0, 0.0, 0.0, 0.0, 0.0] joint_vel=[0.0, 0.0, 0.0, 0.0, 0.0, 0.0] imu_ang_vel=[0.015978965908288956, 0.0037284251302480698, 0.004793689586222172] imu_quat_wxyz=[0.8677903413772583, -0.033340536057949066, 0.004383670166134834, 0.49579155445098877] status=0x8003
joint_pos=[0.0, 0.0, 0.0, 0.0, 0.0, 0.0] joint_vel=[0.0, 0.0, 0.0, 0.0, 0.0, 0.0] imu_ang_vel=[0.01810949295759201, 0.004793689586222172, 0.0063915858045220375] imu_quat_wxyz=[0.867784857749939, -0.03323376551270485, 0.0044465698301792145, 0.4958077073097229] status=0x8003
joint_pos=[0.0, 0.0, 0.0, 0.0, 0.0, 0.0] joint_vel=[0.0, 0.0, 0.0, 0.0, 0.0, 0.0] imu_ang_vel=[0.017044229432940483, 0.004261057358235121, 0.0063915858045220375] imu_quat_wxyz=[0.8678229451179504, -0.0336284302175045, 0.004235118627548218, 0.49571627378463745] status=0x8003
joint_pos=[0.0, 0.0, 0.0, 0.0, 0.0, 0.0] joint_vel=[0.0, 0.0, 0.0, 0.0, 0.0, 0.0] imu_ang_vel=[0.014913700520992279, 0.0037284251302480698, 0.0063915858045220375] imu_quat_wxyz=[0.8678159117698669, -0.03352397680282593, 0.004302167799323797, 0.4957351088523865] status=0x8003
joint_pos=[0.0, 0.0, 0.0, 0.0, 0.0, 0.0] joint_vel=[0.0, 0.0, 0.0, 0.0, 0.0, 0.0] imu_ang_vel=[0.014913700520992279, 0.0026631606742739677, 0.005326321814209223] imu_quat_wxyz=[0.8678083419799805, -0.03340795636177063, 0.004359764978289604, 0.49575555324554443] status=0x8003
joint_pos=[0.0, 0.0, 0.0, 0.0, 0.0, 0.0] joint_vel=[0.0, 0.0, 0.0, 0.0, 0.0, 0.0] imu_ang_vel=[0.017044229432940483, 0.0021305286791175604, 0.0069242180325090885] imu_quat_wxyz=[0.8677984476089478, -0.03329811990261078, 0.004416285548359156, 0.4957799017429352] status=0x8003
joint_pos=[0.0, 0.0, 0.0, 0.0, 0.0, 0.0] joint_vel=[0.0, 0.0, 0.0, 0.0, 0.0, 0.0] imu_ang_vel=[0.016511596739292145, 0.0021305286791175604, 0.0069242180325090885] imu_quat_wxyz=[0.8677895069122314, -0.03318684548139572, 0.004480465780943632, 0.4958021938800812] status=0x8003
joint_pos=[0.0, 0.0, 0.0, 0.0, 0.0, 0.0] joint_vel=[0.0, 0.0, 0.0, 0.0, 0.0, 0.0] imu_ang_vel=[0.015978965908288956, 0.0037284251302480698, 0.007989482954144478] imu_quat_wxyz=[0.8677906394004822, -0.033603083342313766, 0.0042496235109865665, 0.49577438831329346] status=0x8003
joint_pos=[0.0, 0.0, 0.0, 0.0, 0.0, 0.0] joint_vel=[0.0, 0.0, 0.0, 0.0, 0.0, 0.0] imu_ang_vel=[0.016511596739292145, 0.0031957929022610188, 0.0063915858045220375] imu_quat_wxyz=[0.8677829504013062, -0.03349365293979645, 0.004309358540922403, 0.4957946836948395] status=0x8003
joint_pos=[0.0, 0.0, 0.0, 0.0, 0.0, 0.0] joint_vel=[0.0, 0.0, 0.0, 0.0, 0.0, 0.0] imu_ang_vel=[0.017044229432940483, 0.005326321814209223, 0.0063915858045220375] imu_quat_wxyz=[0.8677773475646973, -0.03343928977847099, 0.0043410672806203365, 0.4958080053329468] status=0x8003
joint_pos=[0.0, 0.0, 0.0, 0.0, 0.0, 0.0] joint_vel=[0.0, 0.0, 0.0, 0.0, 0.0, 0.0] imu_ang_vel=[0.01810949295759201, 0.0037284251302480698, 0.0074568502604961395] imu_quat_wxyz=[0.8677617311477661, -0.0332748219370842, 0.004439166281372309, 0.4958454668521881] status=0x8003
joint_pos=[0.0, 0.0, 0.0, 0.0, 0.0, 0.0] joint_vel=[0.0, 0.0, 0.0, 0.0, 0.0, 0.0] imu_ang_vel=[0.016511596739292145, 0.0021305286791175604, 0.0063915858045220375] imu_quat_wxyz=[0.8677510619163513, -0.03316322714090347, 0.004501619841903448, 0.4958711862564087] status=0x8003
joint_pos=[0.0, 0.0, 0.0, 0.0, 0.0, 0.0] joint_vel=[0.0, 0.0, 0.0, 0.0, 0.0, 0.0] imu_ang_vel=[0.017044229432940483, 0.0037284251302480698, 0.004793689586222172] imu_quat_wxyz=[0.8677482008934021, -0.03361332416534424, 0.004253586754202843, 0.49584802985191345] status=0x8003
joint_pos=[0.0, 0.0, 0.0, 0.0, 0.0, 0.0] joint_vel=[0.0, 0.0, 0.0, 0.0, 0.0, 0.0] imu_ang_vel=[0.017044229432940483, 0.0031957929022610188, 0.005858954042196274] imu_quat_wxyz=[0.8677419424057007, -0.03350234776735306, 0.004319006111472845, 0.4958658218383789] status=0x8003
joint_pos=[0.0, 0.0, 0.0, 0.0, 0.0, 0.0] joint_vel=[0.0, 0.0, 0.0, 0.0, 0.0, 0.0] imu_ang_vel=[0.016511596739292145, 0.0037284251302480698, 0.0074568502604961395] imu_quat_wxyz=[0.8677352070808411, -0.03338860720396042, 0.004376069642603397, 0.49588480591773987] status=0x8003
joint_pos=[0.0, 0.0, 0.0, 0.0, 0.0, 0.0] joint_vel=[0.0, 0.0, 0.0, 0.0, 0.0, 0.0] imu_ang_vel=[0.015978965908288956, 0.0037284251302480698, 0.0063915858045220375] imu_quat_wxyz=[0.8677236437797546, -0.03327912837266922, 0.004433296620845795, 0.4959118068218231] status=0x8003
joint_pos=[0.0, 0.0, 0.0, 0.0, 0.0, 0.0] joint_vel=[0.0, 0.0, 0.0, 0.0, 0.0, 0.0] imu_ang_vel=[0.015446333214640617, 0.0037284251302480698, 0.0063915858045220375] imu_quat_wxyz=[0.8677147626876831, -0.033172693103551865, 0.00448809377849102, 0.4959340989589691] status=0x8003
joint_pos=[0.0, 0.0, 0.0, 0.0, 0.0, 0.0] joint_vel=[0.0, 0.0, 0.0, 0.0, 0.0, 0.0] imu_ang_vel=[0.01757686212658882, 0.0026631606742739677, 0.0069242180325090885] imu_quat_wxyz=[0.8677558898925781, -0.03360665962100029, 0.004248041659593582, 0.4958351254463196] status=0x8003
joint_pos=[0.0, 0.0, 0.0, 0.0, 0.0, 0.0] joint_vel=[0.0, 0.0, 0.0, 0.0, 0.0, 0.0] imu_ang_vel=[0.017044229432940483, 0.0053263213485479355, 0.005326321814209223] imu_quat_wxyz=[0.8677493333816528, -0.033492714166641235, 0.0043100821785628796, 0.49585360288619995] status=0x8003
joint_pos=[0.0, 0.0, 0.0, 0.0, 0.0, 0.0] joint_vel=[0.0, 0.0, 0.0, 0.0, 0.0, 0.0] imu_ang_vel=[0.014913700520992279, 0.0021305286791175604, 0.005858954042196274] imu_quat_wxyz=[0.8677431344985962, -0.03338243067264557, 0.00437406450510025, 0.49587127566337585] status=0x8003
joint_pos=[0.0, 0.0, 0.0, 0.0, 0.0, 0.0] joint_vel=[0.0, 0.0, 0.0, 0.0, 0.0, 0.0] imu_ang_vel=[0.017044229432940483, 0.0031957929022610188, 0.0063915858045220375] imu_quat_wxyz=[0.8677356243133545, -0.03327776864171028, 0.004428279120475054, 0.49589115381240845] status=0x8003
joint_pos=[0.0, 0.0, 0.0, 0.0, 0.0, 0.0] joint_vel=[0.0, 0.0, 0.0, 0.0, 0.0, 0.0] imu_ang_vel=[0.017044229432940483, 0.0026631606742739677, 0.005326321814209223] imu_quat_wxyz=[0.8677265644073486, -0.033169183880090714, 0.004486897494643927, 0.4959135353565216] status=0x8003
joint_pos=[0.0, 0.0, 0.0, 0.0, 0.0, 0.0] joint_vel=[0.0, 0.0, 0.0, 0.0, 0.0, 0.0] imu_ang_vel=[0.014913700520992279, 0.0015978964511305094, 0.0063915858045220375] imu_quat_wxyz=[0.8677311539649963, -0.03357638791203499, 0.004257692024111748, 0.49588024616241455] status=0x8003
joint_pos=[0.0, 0.0, 0.0, 0.0, 0.0, 0.0] joint_vel=[0.0, 0.0, 0.0, 0.0, 0.0, 0.0] imu_ang_vel=[0.017044229432940483, 0.0031957929022610188, 0.0069242180325090885] imu_quat_wxyz=[0.8677242398262024, -0.03347135707736015, 0.004310798831284046, 0.4958989918231964] status=0x8003
joint_pos=[0.0, 0.0, 0.0, 0.0, 0.0, 0.0] joint_vel=[0.0, 0.0, 0.0, 0.0, 0.0, 0.0] imu_ang_vel=[0.015978965908288956, 0.005326321814209223, 0.007989482954144478] imu_quat_wxyz=[0.8677113056182861, -0.033360499888658524, 0.004369428381323814, 0.49592840671539307] status=0x8003
joint_pos=[0.0, 0.0, 0.0, 0.0, 0.0, 0.0] joint_vel=[0.0, 0.0, 0.0, 0.0, 0.0, 0.0] imu_ang_vel=[0.015978965908288956, 0.004261057358235121, 0.0063915858045220375] imu_quat_wxyz=[0.8676999807357788, -0.03325396031141281, 0.004433659836649895, 0.4959547817707062] status=0x8003
joint_pos=[0.0, 0.0, 0.0, 0.0, 0.0, 0.0] joint_vel=[0.0, 0.0, 0.0, 0.0, 0.0, 0.0] imu_ang_vel=[0.015623877756297588, 0.0035508808214217424, 0.004616145510226488] imu_quat_wxyz=[0.8676912784576416, -0.03314410522580147, 0.004498111084103584, 0.4959769546985626] status=0x8003
joint_pos=[0.0, 0.0, 0.0, 0.0, 0.0, 0.0] joint_vel=[0.0, 0.0, 0.0, 0.0, 0.0, 0.0] imu_ang_vel=[0.01757686212658882, 0.0031957929022610188, 0.005858954042196274] imu_quat_wxyz=[0.8676769137382507, -0.03358481079339981, 0.004247377626597881, 0.495974600315094] status=0x8003
joint_pos=[0.0, 0.0, 0.0, 0.0, 0.0, 0.0] joint_vel=[0.0, 0.0, 0.0, 0.0, 0.0, 0.0] imu_ang_vel=[0.017044229432940483, 0.005326321814209223, 0.0063915858045220375] imu_quat_wxyz=[0.867673397064209, -0.03352852165699005, 0.004280093591660261, 0.49598440527915955] status=0x8003
joint_pos=[0.0, 0.0, 0.0, 0.0, 0.0, 0.0] joint_vel=[0.0, 0.0, 0.0, 0.0, 0.0, 0.0] imu_ang_vel=[0.015978965908288956, 0.0031957929022610188, 0.0074568502604961395] imu_quat_wxyz=[0.8676601648330688, -0.03336045891046524, 0.004376621451228857, 0.49601802229881287] status=0x8003
joint_pos=[0.0, 0.0, 0.0, 0.0, 0.0, 0.0] joint_vel=[0.0, 0.0, 0.0, 0.0, 0.0, 0.0] imu_ang_vel=[0.015978965908288956, 0.0037284251302480698, 0.005326321814209223] imu_quat_wxyz=[0.8676504492759705, -0.03325800225138664, 0.004437141120433807, 0.49604126811027527] status=0x8003
joint_pos=[0.0, 0.0, 0.0, 0.0, 0.0, 0.0] joint_vel=[0.0, 0.0, 0.0, 0.0, 0.0, 0.0] imu_ang_vel=[0.01438106782734394, 0.004261057358235121, 0.0074568502604961395] imu_quat_wxyz=[0.8676440715789795, -0.03315121307969093, 0.004498688969761133, 0.49605900049209595] status=0x8003
joint_pos=[0.0, 0.0, 0.0, 0.0, 0.0, 0.0] joint_vel=[0.0, 0.0, 0.0, 0.0, 0.0, 0.0] imu_ang_vel=[0.015446333214640617, 0.004261057358235121, 0.0074568502604961395] imu_quat_wxyz=[0.8676131367683411, -0.03356417268514633, 0.004268269520252943, 0.49608737230300903] status=0x8003
joint_pos=[0.0, 0.0, 0.0, 0.0, 0.0, 0.0] joint_vel=[0.0, 0.0, 0.0, 0.0, 0.0, 0.0] imu_ang_vel=[0.017044229432940483, 0.0026631606742739677, 0.0063915858045220375] imu_quat_wxyz=[0.8676040172576904, -0.03345099091529846, 0.004328305367380381, 0.49611055850982666] status=0x8003
joint_pos=[0.0, 0.0, 0.0, 0.0, 0.0, 0.0] joint_vel=[0.0, 0.0, 0.0, 0.0, 0.0, 0.0] imu_ang_vel=[0.017044229432940483, 0.0031957929022610188, 0.0074568502604961395] imu_quat_wxyz=[0.8675944805145264, -0.03334152325987816, 0.004390812944620848, 0.49613383412361145] status=0x8003
joint_pos=[0.0, 0.0, 0.0, 0.0, 0.0, 0.0] joint_vel=[0.0, 0.0, 0.0, 0.0, 0.0, 0.0] imu_ang_vel=[0.016511596739292145, 0.0026631606742739677, 0.005858954042196274] imu_quat_wxyz=[0.8675852417945862, -0.033230267465114594, 0.00445153284817934, 0.496157169342041] status=0x8003
joint_pos=[0.0, 0.0, 0.0, 0.0, 0.0, 0.0] joint_vel=[0.0, 0.0, 0.0, 0.0, 0.0, 0.0] imu_ang_vel=[0.01757686212658882, 0.0021305286791175604, 0.0063915858045220375] imu_quat_wxyz=[0.8675761818885803, -0.03311927989125252, 0.004510015249252319, 0.4961799383163452] status=0x8003
joint_pos=[0.0, 0.0, 0.0, 0.0, 0.0, 0.0] joint_vel=[0.0, 0.0, 0.0, 0.0, 0.0, 0.0] imu_ang_vel=[0.017044229432940483, 0.0031957929022610188, 0.0069242180325090885] imu_quat_wxyz=[0.8675380945205688, -0.03352317214012146, 0.00427691824734211, 0.4962213933467865] status=0x8003
joint_pos=[0.0, 0.0, 0.0, 0.0, 0.0, 0.0] joint_vel=[0.0, 0.0, 0.0, 0.0, 0.0, 0.0] imu_ang_vel=[0.015446333214640617, 0.0026631606742739677, 0.0063915858045220375] imu_quat_wxyz=[0.8675283789634705, -0.033417269587516785, 0.004339450038969517, 0.49624499678611755] status=0x8003
joint_pos=[0.0, 0.0, 0.0, 0.0, 0.0, 0.0] joint_vel=[0.0, 0.0, 0.0, 0.0, 0.0, 0.0] imu_ang_vel=[0.01757686212658882, 0.0037284251302480698, 0.0063915858045220375] imu_quat_wxyz=[0.8675200343132019, -0.0333082415163517, 0.0044021704234182835, 0.49626633524894714] status=0x8003
joint_pos=[0.0, 0.0, 0.0, 0.0, 0.0, 0.0] joint_vel=[0.0, 0.0, 0.0, 0.0, 0.0, 0.0] imu_ang_vel=[0.017044229432940483, 0.0037284251302480698, 0.005326321814209223] imu_quat_wxyz=[0.8675102591514587, -0.033197809010744095, 0.004463480319827795, 0.49629032611846924] status=0x8003
joint_pos=[0.0, 0.0, 0.0, 0.0, 0.0, 0.0] joint_vel=[0.0, 0.0, 0.0, 0.0, 0.0, 0.0] imu_ang_vel=[0.01864212565124035, 0.004261057358235121, 0.005858954042196274] imu_quat_wxyz=[0.8675025701522827, -0.03308504447340965, 0.004521891474723816, 0.4963105618953705] status=0x8003
joint_pos=[0.0, 0.0, 0.0, 0.0, 0.0, 0.0] joint_vel=[0.0, 0.0, 0.0, 0.0, 0.0, 0.0] imu_ang_vel=[0.016511596739292145, 0.0031957929022610188, 0.0074568502604961395] imu_quat_wxyz=[0.8674516081809998, -0.03350450098514557, 0.004280822817236185, 0.4963738024234772] status=0x8003
joint_pos=[0.0, 0.0, 0.0, 0.0, 0.0, 0.0] joint_vel=[0.0, 0.0, 0.0, 0.0, 0.0, 0.0] imu_ang_vel=[0.016511596739292145, 0.0037284251302480698, 0.005858954042196274] imu_quat_wxyz=[0.8674418926239014, -0.03339679539203644, 0.004342882428318262, 0.49639758467674255] status=0x8003
joint_pos=[0.0, 0.0, 0.0, 0.0, 0.0, 0.0] joint_vel=[0.0, 0.0, 0.0, 0.0, 0.0, 0.0] imu_ang_vel=[0.015978965908288956, 0.0037284251302480698, 0.0063915858045220375] imu_quat_wxyz=[0.8674317002296448, -0.03329070657491684, 0.004399680998176336, 0.49642184376716614] status=0x8003
joint_pos=[0.0, 0.0, 0.0, 0.0, 0.0, 0.0] joint_vel=[0.0, 0.0, 0.0, 0.0, 0.0, 0.0] imu_ang_vel=[0.014913700520992279, 0.004261057358235121, 0.0063915858045220375] imu_quat_wxyz=[0.867423415184021, -0.03318279609084129, 0.004457168281078339, 0.4964430630207062] status=0x8003
joint_pos=[0.0, 0.0, 0.0, 0.0, 0.0, 0.0] joint_vel=[0.0, 0.0, 0.0, 0.0, 0.0, 0.0] imu_ang_vel=[0.016511596739292145, 0.004793689586222172, 0.005326321814209223] imu_quat_wxyz=[0.8674201965332031, -0.03313038870692253, 0.0044876523315906525, 0.4964519739151001] status=0x8003
joint_pos=[0.0, 0.0, 0.0, 0.0, 0.0, 0.0] joint_vel=[0.0, 0.0, 0.0, 0.0, 0.0, 0.0] imu_ang_vel=[0.017044229432940483, 0.004261057358235121, 0.0069242180325090885] imu_quat_wxyz=[0.8673897385597229, -0.033509641885757446, 0.004279359243810177, 0.49648159742355347] status=0x8003
joint_pos=[0.0, 0.0, 0.0, 0.0, 0.0, 0.0] joint_vel=[0.0, 0.0, 0.0, 0.0, 0.0, 0.0] imu_ang_vel=[0.01757686212658882, 0.004261057358235121, 0.005858954042196274] imu_quat_wxyz=[0.867379903793335, -0.033401601016521454, 0.00434930669143796, 0.4965054392814636] status=0x8003
joint_pos=[0.0, 0.0, 0.0, 0.0, 0.0, 0.0] joint_vel=[0.0, 0.0, 0.0, 0.0, 0.0, 0.0] imu_ang_vel=[0.015978965908288956, 0.0031957929022610188, 0.005858954042196274] imu_quat_wxyz=[0.8673704266548157, -0.03328981623053551, 0.004410413093864918, 0.4965289831161499] status=0x8003
joint_pos=[0.0, 0.0, 0.0, 0.0, 0.0, 0.0] joint_vel=[0.0, 0.0, 0.0, 0.0, 0.0, 0.0] imu_ang_vel=[0.017044229432940483, 0.004261057358235121, 0.0063915858045220375] imu_quat_wxyz=[0.8673650622367859, -0.03318487107753754, 0.00447113486006856, 0.49654465913772583] status=0x8003
joint_pos=[0.0, 0.0, 0.0, 0.0, 0.0, 0.0] joint_vel=[0.0, 0.0, 0.0, 0.0, 0.0, 0.0] imu_ang_vel=[0.017044229432940483, 0.0037284251302480698, 0.0063915858045220375] imu_quat_wxyz=[0.8673558831214905, -0.03307241201400757, 0.0045297760516405106, 0.4965677559375763] status=0x8003
joint_pos=[0.0, 0.0, 0.0, 0.0, 0.0, 0.0] joint_vel=[0.0, 0.0, 0.0, 0.0, 0.0, 0.0] imu_ang_vel=[0.016511596739292145, 0.0026631606742739677, 0.008522114716470242] imu_quat_wxyz=[0.867396354675293, -0.03352350741624832, 0.00428001070395112, 0.4964689612388611] status=0x8003
joint_pos=[0.0, 0.0, 0.0, 0.0, 0.0, 0.0] joint_vel=[0.0, 0.0, 0.0, 0.0, 0.0, 0.0] imu_ang_vel=[0.017044229432940483, 0.0031957929022610188, 0.0063915858045220375] imu_quat_wxyz=[0.8673866987228394, -0.03341517969965935, 0.004343234933912754, 0.49649274349212646] status=0x8003
joint_pos=[0.0, 0.0, 0.0, 0.0, 0.0, 0.0] joint_vel=[0.0, 0.0, 0.0, 0.0, 0.0, 0.0] imu_ang_vel=[0.015978965908288956, 0.004261057358235121, 0.0069242180325090885] imu_quat_wxyz=[0.8673801422119141, -0.03330691158771515, 0.004411112517118454, 0.49651071429252625] status=0x8003
joint_pos=[0.0, 0.0, 0.0, 0.0, 0.0, 0.0] joint_vel=[0.0, 0.0, 0.0, 0.0, 0.0, 0.0] imu_ang_vel=[0.01810949295759201, 0.004793689586222172, 0.0063915858045220375] imu_quat_wxyz=[0.8673728704452515, -0.03319839388132095, 0.004470202140510082, 0.4965301752090454] status=0x8003
joint_pos=[0.0, 0.0, 0.0, 0.0, 0.0, 0.0] joint_vel=[0.0, 0.0, 0.0, 0.0, 0.0, 0.0] imu_ang_vel=[0.016511596739292145, 0.0021305286791175604, 0.005326321814209223] imu_quat_wxyz=[0.8673655390739441, -0.033087871968746185, 0.004527125973254442, 0.4965498447418213] status=0x8003
joint_pos=[0.0, 0.0, 0.0, 0.0, 0.0, 0.0] joint_vel=[0.0, 0.0, 0.0, 0.0, 0.0, 0.0] imu_ang_vel=[0.01757686212658882, 0.0031957929022610188, 0.0063915858045220375] imu_quat_wxyz=[0.8673930764198303, -0.03351829946041107, 0.004280806519091129, 0.49647513031959534] status=0x8003
joint_pos=[0.0, 0.0, 0.0, 0.0, 0.0, 0.0] joint_vel=[0.0, 0.0, 0.0, 0.0, 0.0, 0.0] imu_ang_vel=[0.016511596739292145, 0.004261057358235121, 0.005858954042196274] imu_quat_wxyz=[0.8673855662345886, -0.03340955078601837, 0.0043444205075502396, 0.4964948892593384] status=0x8003
joint_pos=[0.0, 0.0, 0.0, 0.0, 0.0, 0.0] joint_vel=[0.0, 0.0, 0.0, 0.0, 0.0, 0.0] imu_ang_vel=[0.017044229432940483, 0.0037284251302480698, 0.005858954042196274] imu_quat_wxyz=[0.86738121509552, -0.03330210968852043, 0.0044037532061338425, 0.49650925397872925] status=0x8003
joint_pos=[0.0, 0.0, 0.0, 0.0, 0.0, 0.0] joint_vel=[0.0, 0.0, 0.0, 0.0, 0.0, 0.0] imu_ang_vel=[0.017044229432940483, 0.0026631606742739677, 0.0063915858045220375] imu_quat_wxyz=[0.8673778176307678, -0.0332467146217823, 0.004435738082975149, 0.49651867151260376] status=0x8003
joint_pos=[0.0, 0.0, 0.0, 0.0, 0.0, 0.0] joint_vel=[0.0, 0.0, 0.0, 0.0, 0.0, 0.0] imu_ang_vel=[0.015446333214640617, 0.0031957929022610188, 0.0063915858045220375] imu_quat_wxyz=[0.8673660755157471, -0.03308183699846268, 0.004522060509771109, 0.4965493381023407] status=0x8003
joint_pos=[0.0, 0.0, 0.0, 0.0, 0.0, 0.0] joint_vel=[0.0, 0.0, 0.0, 0.0, 0.0, 0.0] imu_ang_vel=[0.014913700520992279, 0.004261057358235121, 0.005858954042196274] imu_quat_wxyz=[0.867361843585968, -0.033515818417072296, 0.0042753019370138645, 0.4965297281742096] status=0x8003
joint_pos=[0.0, 0.0, 0.0, 0.0, 0.0, 0.0] joint_vel=[0.0, 0.0, 0.0, 0.0, 0.0, 0.0] imu_ang_vel=[0.015978965908288956, 0.0031957929022610188, 0.0063915858045220375] imu_quat_wxyz=[0.8673552870750427, -0.03340587764978409, 0.004340337123721838, 0.4965481758117676] status=0x8003
joint_pos=[0.0, 0.0, 0.0, 0.0, 0.0, 0.0] joint_vel=[0.0, 0.0, 0.0, 0.0, 0.0, 0.0] imu_ang_vel=[0.016511596739292145, 0.004261057358235121, 0.005326321814209223] imu_quat_wxyz=[0.8673458695411682, -0.0332978330552578, 0.004400854464620352, 0.49657121300697327] status=0x8003
joint_pos=[0.0, 0.0, 0.0, 0.0, 0.0, 0.0] joint_vel=[0.0, 0.0, 0.0, 0.0, 0.0, 0.0] imu_ang_vel=[0.017044229432940483, 0.0021305286791175604, 0.0074568502604961395] imu_quat_wxyz=[0.8673389554023743, -0.03319063410162926, 0.004459962714463472, 0.4965900182723999] status=0x8003
joint_pos=[0.0, 0.0, 0.0, 0.0, 0.0, 0.0] joint_vel=[0.0, 0.0, 0.0, 0.0, 0.0, 0.0] imu_ang_vel=[0.017044229432940483, 0.004793689586222172, 0.0074568502604961395] imu_quat_wxyz=[0.8673275709152222, -0.03308255970478058, 0.004518822766840458, 0.4966166317462921] status=0x8003
joint_pos=[0.0, 0.0, 0.0, 0.0, 0.0, 0.0] joint_vel=[0.0, 0.0, 0.0, 0.0, 0.0, 0.0] imu_ang_vel=[0.017044229432940483, 0.0031957929022610188, 0.0063915858045220375] imu_quat_wxyz=[0.8673228621482849, -0.0335037037730217, 0.004289820324629545, 0.49659866094589233] status=0x8003
joint_pos=[0.0, 0.0, 0.0, 0.0, 0.0, 0.0] joint_vel=[0.0, 0.0, 0.0, 0.0, 0.0, 0.0] imu_ang_vel=[0.017044229432940483, 0.0037284251302480698, 0.005326321814209223] imu_quat_wxyz=[0.8673160672187805, -0.03339525684714317, 0.00434812530875206, 0.4966174066066742] status=0x8003
joint_pos=[0.0, 0.0, 0.0, 0.0, 0.0, 0.0] joint_vel=[0.0, 0.0, 0.0, 0.0, 0.0, 0.0] imu_ang_vel=[0.015978965908288956, 0.0031957929022610188, 0.005858954042196274] imu_quat_wxyz=[0.8673099279403687, -0.03329097479581833, 0.00440783379599452, 0.4966345727443695] status=0x8003
joint_pos=[0.0, 0.0, 0.0, 0.0, 0.0, 0.0] joint_vel=[0.0, 0.0, 0.0, 0.0, 0.0, 0.0] imu_ang_vel=[0.01438106782734394, 0.0037284251302480698, 0.0074568502604961395] imu_quat_wxyz=[0.8673024773597717, -0.033184800297021866, 0.004473293665796518, 0.4966539442539215] status=0x8003
joint_pos=[0.0, 0.0, 0.0, 0.0, 0.0, 0.0] joint_vel=[0.0, 0.0, 0.0, 0.0, 0.0, 0.0] imu_ang_vel=[0.016511596739292145, 0.0031957929022610188, 0.0074568502604961395] imu_quat_wxyz=[0.8672928810119629, -0.03308568522334099, 0.0045320275239646435, 0.49667689204216003] status=0x8003
joint_pos=[0.0, 0.0, 0.0, 0.0, 0.0, 0.0] joint_vel=[0.0, 0.0, 0.0, 0.0, 0.0, 0.0] imu_ang_vel=[0.017044229432940483, 0.0037284251302480698, 0.005858954042196274] imu_quat_wxyz=[0.8673019409179688, -0.03352683410048485, 0.004278129432350397, 0.4966335892677307] status=0x8003
joint_pos=[0.0, 0.0, 0.0, 0.0, 0.0, 0.0] joint_vel=[0.0, 0.0, 0.0, 0.0, 0.0, 0.0] imu_ang_vel=[0.014913700520992279, 0.004793689586222172, 0.0063915858045220375] imu_quat_wxyz=[0.8672964572906494, -0.03341992199420929, 0.004334976430982351, 0.4966501295566559] status=0x8003
joint_pos=[0.0, 0.0, 0.0, 0.0, 0.0, 0.0] joint_vel=[0.0, 0.0, 0.0, 0.0, 0.0, 0.0] imu_ang_vel=[0.015446333214640617, 0.004793689586222172, 0.0074568502604961395] imu_quat_wxyz=[0.8672854900360107, -0.03331397473812103, 0.004402346443384886, 0.4966757893562317] status=0x8003
joint_pos=[0.0, 0.0, 0.0, 0.0, 0.0, 0.0] joint_vel=[0.0, 0.0, 0.0, 0.0, 0.0, 0.0] imu_ang_vel=[0.01757686212658882, 0.0037284251302480698, 0.005858954042196274] imu_quat_wxyz=[0.8672771453857422, -0.03320981189608574, 0.004471339285373688, 0.49669671058654785] status=0x8003
joint_pos=[0.0, 0.0, 0.0, 0.0, 0.0, 0.0] joint_vel=[0.0, 0.0, 0.0, 0.0, 0.0, 0.0] imu_ang_vel=[0.01810949295759201, 0.004261057358235121, 0.005858954042196274] imu_quat_wxyz=[0.8672717809677124, -0.03309541568160057, 0.004532474558800459, 0.49671298265457153] status=0x8003
joint_pos=[0.0, 0.0, 0.0, 0.0, 0.0, 0.0] joint_vel=[0.0, 0.0, 0.0, 0.0, 0.0, 0.0] imu_ang_vel=[0.01757686212658882, 0.004261057358235121, 0.0074568502604961395] imu_quat_wxyz=[0.8672447800636292, -0.03358723223209381, 0.004255033563822508, 0.4967297315597534] status=0x8003
joint_pos=[0.0, 0.0, 0.0, 0.0, 0.0, 0.0] joint_vel=[0.0, 0.0, 0.0, 0.0, 0.0, 0.0] imu_ang_vel=[0.014913700520992279, 0.0037284251302480698, 0.0074568502604961395] imu_quat_wxyz=[0.8672385811805725, -0.033530548214912415, 0.004290787037461996, 0.49674397706985474] status=0x8003
joint_pos=[0.0, 0.0, 0.0, 0.0, 0.0, 0.0] joint_vel=[0.0, 0.0, 0.0, 0.0, 0.0, 0.0] imu_ang_vel=[0.014913700520992279, 0.004261057358235121, 0.005858954042196274] imu_quat_wxyz=[0.8672236204147339, -0.03337264060974121, 0.0043846783228218555, 0.4967799484729767] status=0x8003
joint_pos=[0.0, 0.0, 0.0, 0.0, 0.0, 0.0] joint_vel=[0.0, 0.0, 0.0, 0.0, 0.0, 0.0] imu_ang_vel=[0.017044229432940483, 0.0021305286791175604, 0.0069242180325090885] imu_quat_wxyz=[0.867218017578125, -0.033263687044382095, 0.0044437311589717865, 0.49679654836654663] status=0x8003
joint_pos=[0.0, 0.0, 0.0, 0.0, 0.0, 0.0] joint_vel=[0.0, 0.0, 0.0, 0.0, 0.0, 0.0] imu_ang_vel=[0.01757686212658882, 0.0026631606742739677, 0.0074568502604961395] imu_quat_wxyz=[0.8672106862068176, -0.03315301612019539, 0.0045008184388279915, 0.4968162477016449] status=0x8003
joint_pos=[0.0, 0.0, 0.0, 0.0, 0.0, 0.0] joint_vel=[0.0, 0.0, 0.0, 0.0, 0.0, 0.0] imu_ang_vel=[0.015446333214640617, 0.005326321814209223, 0.005326321814209223] imu_quat_wxyz=[0.8671788573265076, -0.033579494804143906, 0.004253154620528221, 0.49684515595436096] status=0x8003
joint_pos=[0.0, 0.0, 0.0, 0.0, 0.0, 0.0] joint_vel=[0.0, 0.0, 0.0, 0.0, 0.0, 0.0] imu_ang_vel=[0.016511596739292145, 0.0037284251302480698, 0.005326321814209223] imu_quat_wxyz=[0.8671716451644897, -0.03347384184598923, 0.0043234797194600105, 0.49686434864997864] status=0x8003
joint_pos=[0.0, 0.0, 0.0, 0.0, 0.0, 0.0] joint_vel=[0.0, 0.0, 0.0, 0.0, 0.0, 0.0] imu_ang_vel=[0.015978965908288956, 0.004261057358235121, 0.005858954042196274] imu_quat_wxyz=[0.8671637177467346, -0.03336019441485405, 0.00437950761988759, 0.49688541889190674] status=0x8003
joint_pos=[0.0, 0.0, 0.0, 0.0, 0.0, 0.0] joint_vel=[0.0, 0.0, 0.0, 0.0, 0.0, 0.0] imu_ang_vel=[0.015978965908288956, 0.0037284251302480698, 0.007989482954144478] imu_quat_wxyz=[0.8671572804450989, -0.03325498476624489, 0.004438015632331371, 0.49690309166908264] status=0x8003
joint_pos=[0.0, 0.0, 0.0, 0.0, 0.0, 0.0] joint_vel=[0.0, 0.0, 0.0, 0.0, 0.0, 0.0] imu_ang_vel=[0.015446333214640617, 0.004793689586222172, 0.0069242180325090885] imu_quat_wxyz=[0.8671449422836304, -0.03314821422100067, 0.004507246892899275, 0.4969310164451599] status=0x8003
joint_pos=[0.0, 0.0, 0.0, 0.0, 0.0, 0.0] joint_vel=[0.0, 0.0, 0.0, 0.0, 0.0, 0.0] imu_ang_vel=[0.01810949295759201, 0.0031957929022610188, 0.004793689586222172] imu_quat_wxyz=[0.867070734500885, -0.03353758528828621, 0.004286868032068014, 0.4970363676548004] status=0x8003
joint_pos=[0.0, 0.0, 0.0, 0.0, 0.0, 0.0] joint_vel=[0.0, 0.0, 0.0, 0.0, 0.0, 0.0] imu_ang_vel=[0.015623877756297588, 0.0035508808214217424, 0.007101761642843485] imu_quat_wxyz=[0.8670664429664612, -0.033426132053136826, 0.004343233536928892, 0.4970509111881256] status=0x8003
joint_pos=[0.0, 0.0, 0.0, 0.0, 0.0, 0.0] joint_vel=[0.0, 0.0, 0.0, 0.0, 0.0, 0.0] imu_ang_vel=[0.016511596739292145, 0.0031957929022610188, 0.0063915858045220375] imu_quat_wxyz=[0.8670589327812195, -0.033320505172014236, 0.004403839353471994, 0.49707069993019104] status=0x8003
joint_pos=[0.0, 0.0, 0.0, 0.0, 0.0, 0.0] joint_vel=[0.0, 0.0, 0.0, 0.0, 0.0, 0.0] imu_ang_vel=[0.017044229432940483, 0.0037284251302480698, 0.005326321814209223] imu_quat_wxyz=[0.8670488595962524, -0.03321407362818718, 0.0044645690359175205, 0.49709486961364746] status=0x8003
joint_pos=[0.0, 0.0, 0.0, 0.0, 0.0, 0.0] joint_vel=[0.0, 0.0, 0.0, 0.0, 0.0, 0.0] imu_ang_vel=[0.017044229432940483, 0.0015978964511305094, 0.0063915858045220375] imu_quat_wxyz=[0.867041289806366, -0.03309790790081024, 0.004524596501141787, 0.49711528420448303] status=0x8003
joint_pos=[0.0, 0.0, 0.0, 0.0, 0.0, 0.0] joint_vel=[0.0, 0.0, 0.0, 0.0, 0.0, 0.0] imu_ang_vel=[0.01810949295759201, 0.0037284251302480698, 0.0063915858045220375] imu_quat_wxyz=[0.8669703602790833, -0.03356269374489784, 0.004246179945766926, 0.497210294008255] status=0x8003
joint_pos=[0.0, 0.0, 0.0, 0.0, 0.0, 0.0] joint_vel=[0.0, 0.0, 0.0, 0.0, 0.0, 0.0] imu_ang_vel=[0.017044229432940483, 0.0021305286791175604, 0.0074568502604961395] imu_quat_wxyz=[0.8669624924659729, -0.03345136344432831, 0.0043075489811599255, 0.4972309172153473] status=0x8003
joint_pos=[0.0, 0.0, 0.0, 0.0, 0.0, 0.0] joint_vel=[0.0, 0.0, 0.0, 0.0, 0.0, 0.0] imu_ang_vel=[0.01757686212658882, 0.0037284251302480698, 0.0063915858045220375] imu_quat_wxyz=[0.8669513463973999, -0.03333854675292969, 0.0043679168447852135, 0.4972572326660156] status=0x8003
joint_pos=[0.0, 0.0, 0.0, 0.0, 0.0, 0.0] joint_vel=[0.0, 0.0, 0.0, 0.0, 0.0, 0.0] imu_ang_vel=[0.015446333214640617, 0.0037284251302480698, 0.005858954042196274] imu_quat_wxyz=[0.866942822933197, -0.03323100134730339, 0.004429703578352928, 0.49727892875671387] status=0x8003
joint_pos=[0.0, 0.0, 0.0, 0.0, 0.0, 0.0] joint_vel=[0.0, 0.0, 0.0, 0.0, 0.0, 0.0] imu_ang_vel=[0.01757686212658882, 0.004261057358235121, 0.0069242180325090885] imu_quat_wxyz=[0.8669404983520508, -0.033180080354213715, 0.004457814618945122, 0.4972861111164093] status=0x8003
joint_pos=[0.0, 0.0, 0.0, 0.0, 0.0, 0.0] joint_vel=[0.0, 0.0, 0.0, 0.0, 0.0, 0.0] imu_ang_vel=[0.015978965908288956, 0.004261057358235121, 0.0063915858045220375] imu_quat_wxyz=[0.8668400049209595, -0.03359190747141838, 0.0042175487615168095, 0.49743571877479553] status=0x8003
joint_pos=[0.0, 0.0, 0.0, 0.0, 0.0, 0.0] joint_vel=[0.0, 0.0, 0.0, 0.0, 0.0, 0.0] imu_ang_vel=[0.015446333214640617, 0.004793689586222172, 0.0063915858045220375] imu_quat_wxyz=[0.8668235540390015, -0.03343106433749199, 0.004319406114518642, 0.49747434258461] status=0x8003
joint_pos=[0.0, 0.0, 0.0, 0.0, 0.0, 0.0] joint_vel=[0.0, 0.0, 0.0, 0.0, 0.0, 0.0] imu_ang_vel=[0.016511596739292145, 0.0031957929022610188, 0.0063915858045220375] imu_quat_wxyz=[0.8668155670166016, -0.0333290696144104, 0.004383629187941551, 0.4974946677684784] status=0x8003
joint_pos=[0.0, 0.0, 0.0, 0.0, 0.0, 0.0] joint_vel=[0.0, 0.0, 0.0, 0.0, 0.0, 0.0] imu_ang_vel=[0.017044229432940483, 0.0037284251302480698, 0.0069242180325090885] imu_quat_wxyz=[0.8668086528778076, -0.033217061311006546, 0.004446866922080517, 0.4975133240222931] status=0x8003
joint_pos=[0.0, 0.0, 0.0, 0.0, 0.0, 0.0] joint_vel=[0.0, 0.0, 0.0, 0.0, 0.0, 0.0] imu_ang_vel=[0.01810949295759201, 0.0037284251302480698, 0.0069242180325090885] imu_quat_wxyz=[0.86680006980896, -0.03311150148510933, 0.004509841091930866, 0.4975349009037018] status=0x8003
joint_pos=[0.0, 0.0, 0.0, 0.0, 0.0, 0.0] joint_vel=[0.0, 0.0, 0.0, 0.0, 0.0, 0.0] imu_ang_vel=[0.01757686212658882, 0.0015978964511305094, 0.005326321814209223] imu_quat_wxyz=[0.8667372465133667, -0.03351152688264847, 0.004282474052160978, 0.49761953949928284] status=0x8003
joint_pos=[0.0, 0.0, 0.0, 0.0, 0.0, 0.0] joint_vel=[0.0, 0.0, 0.0, 0.0, 0.0, 0.0] imu_ang_vel=[0.017044229432940483, 0.004261057358235121, 0.0063915858045220375] imu_quat_wxyz=[0.8667313456535339, -0.0333920456469059, 0.0043379697017371655, 0.49763742089271545] status=0x8003
joint_pos=[0.0, 0.0, 0.0, 0.0, 0.0, 0.0] joint_vel=[0.0, 0.0, 0.0, 0.0, 0.0, 0.0] imu_ang_vel=[0.015446333214640617, 0.0021305286791175604, 0.0063915858045220375] imu_quat_wxyz=[0.8667240738868713, -0.03328314796090126, 0.004396393429487944, 0.49765685200691223] status=0x8003
joint_pos=[0.0, 0.0, 0.0, 0.0, 0.0, 0.0] joint_vel=[0.0, 0.0, 0.0, 0.0, 0.0, 0.0] imu_ang_vel=[0.015978965908288956, 0.004793689586222172, 0.0069242180325090885] imu_quat_wxyz=[0.8667129874229431, -0.03317492827773094, 0.004454921931028366, 0.4976827800273895] status=0x8003
joint_pos=[0.0, 0.0, 0.0, 0.0, 0.0, 0.0] joint_vel=[0.0, 0.0, 0.0, 0.0, 0.0, 0.0] imu_ang_vel=[0.015446333214640617, 0.0031957929022610188, 0.005858954042196274] imu_quat_wxyz=[0.8667023181915283, -0.03306994587182999, 0.004509760998189449, 0.4977080225944519] status=0x8003
joint_pos=[0.0, 0.0, 0.0, 0.0, 0.0, 0.0] joint_vel=[0.0, 0.0, 0.0, 0.0, 0.0, 0.0] imu_ang_vel=[0.016511596739292145, 0.004793689586222172, 0.0069242180325090885] imu_quat_wxyz=[0.8666359186172485, -0.03350341320037842, 0.004258984699845314, 0.49779680371284485] status=0x8003
joint_pos=[0.0, 0.0, 0.0, 0.0, 0.0, 0.0] joint_vel=[0.0, 0.0, 0.0, 0.0, 0.0, 0.0] imu_ang_vel=[0.015446333214640617, 0.0031957929022610188, 0.0063915858045220375] imu_quat_wxyz=[0.8666277527809143, -0.03338717296719551, 0.004315837752074003, 0.497818261384964] status=0x8003
joint_pos=[0.0, 0.0, 0.0, 0.0, 0.0, 0.0] joint_vel=[0.0, 0.0, 0.0, 0.0, 0.0, 0.0] imu_ang_vel=[0.015978965908288956, 0.004261057358235121, 0.005858954042196274] imu_quat_wxyz=[0.8666172623634338, -0.03327834606170654, 0.0043777842074632645, 0.49784326553344727] status=0x8003
joint_pos=[0.0, 0.0, 0.0, 0.0, 0.0, 0.0] joint_vel=[0.0, 0.0, 0.0, 0.0, 0.0, 0.0] imu_ang_vel=[0.017044229432940483, 0.0021305286791175604, 0.0063915858045220375] imu_quat_wxyz=[0.8666093349456787, -0.03317231684923172, 0.004440758842974901, 0.49786362051963806] status=0x8003
joint_pos=[0.0, 0.0, 0.0, 0.0, 0.0, 0.0] joint_vel=[0.0, 0.0, 0.0, 0.0, 0.0, 0.0] imu_ang_vel=[0.015446333214640617, 0.0037284251302480698, 0.0069242180325090885] imu_quat_wxyz=[0.8666041493415833, -0.03306272253394127, 0.0044969129376113415, 0.49787941575050354] status=0x8003
joint_pos=[0.0, 0.0, 0.0, 0.0, 0.0, 0.0] joint_vel=[0.0, 0.0, 0.0, 0.0, 0.0, 0.0] imu_ang_vel=[0.017044229432940483, 0.0021305286791175604, 0.007989482954144478] imu_quat_wxyz=[0.8665671944618225, -0.03351764753460884, 0.0042375074699521065, 0.497915655374527] status=0x8003
joint_pos=[0.0, 0.0, 0.0, 0.0, 0.0, 0.0] joint_vel=[0.0, 0.0, 0.0, 0.0, 0.0, 0.0] imu_ang_vel=[0.01757686212658882, 0.0031957929022610188, 0.0074568502604961395] imu_quat_wxyz=[0.86655592918396, -0.033400680869817734, 0.004296015948057175, 0.4979424774646759] status=0x8003
joint_pos=[0.0, 0.0, 0.0, 0.0, 0.0, 0.0] joint_vel=[0.0, 0.0, 0.0, 0.0, 0.0, 0.0] imu_ang_vel=[0.014913700520992279, 0.0031957929022610188, 0.005326321814209223] imu_quat_wxyz=[0.866550862789154, -0.0333462618291378, 0.0043258341029286385, 0.49795472621917725] status=0x8003
joint_pos=[0.0, 0.0, 0.0, 0.0, 0.0, 0.0] joint_vel=[0.0, 0.0, 0.0, 0.0, 0.0, 0.0] imu_ang_vel=[0.015978965908288956, 0.0031957929022610188, 0.005858954042196274] imu_quat_wxyz=[0.8665391802787781, -0.03318604826927185, 0.004417136311531067, 0.49798497557640076] status=0x8003
joint_pos=[0.0, 0.0, 0.0, 0.0, 0.0, 0.0] joint_vel=[0.0, 0.0, 0.0, 0.0, 0.0, 0.0] imu_ang_vel=[0.014913700520992279, 0.004261057358235121, 0.0063915858045220375] imu_quat_wxyz=[0.866531252861023, -0.03308134526014328, 0.004475772846490145, 0.49800533056259155] status=0x8003
joint_pos=[0.0, 0.0, 0.0, 0.0, 0.0, 0.0] joint_vel=[0.0, 0.0, 0.0, 0.0, 0.0, 0.0] imu_ang_vel=[0.015978965908288956, 0.004261057358235121, 0.0069242180325090885] imu_quat_wxyz=[0.8664805293083191, -0.03350185602903366, 0.004231905564665794, 0.4980677366256714] status=0x8003
joint_pos=[0.0, 0.0, 0.0, 0.0, 0.0, 0.0] joint_vel=[0.0, 0.0, 0.0, 0.0, 0.0, 0.0] imu_ang_vel=[0.015446333214640617, 0.004793689586222172, 0.0074568502604961395] imu_quat_wxyz=[0.8664729595184326, -0.03339000046253204, 0.00429544597864151, 0.49808773398399353] status=0x8003
joint_pos=[0.0, 0.0, 0.0, 0.0, 0.0, 0.0] joint_vel=[0.0, 0.0, 0.0, 0.0, 0.0, 0.0] imu_ang_vel=[0.01810949295759201, 0.0031957929022610188, 0.0069242180325090885] imu_quat_wxyz=[0.866466760635376, -0.033281855285167694, 0.004354194737970829, 0.4981051981449127] status=0x8003
joint_pos=[0.0, 0.0, 0.0, 0.0, 0.0, 0.0] joint_vel=[0.0, 0.0, 0.0, 0.0, 0.0, 0.0] imu_ang_vel=[0.015446333214640617, 0.004261057358235121, 0.005858954042196274] imu_quat_wxyz=[0.8664594292640686, -0.03316987678408623, 0.004419294651597738, 0.4981246590614319] status=0x8003
joint_pos=[0.0, 0.0, 0.0, 0.0, 0.0, 0.0] joint_vel=[0.0, 0.0, 0.0, 0.0, 0.0, 0.0] imu_ang_vel=[0.017044229432940483, 0.004261057358235121, 0.0074568502604961395] imu_quat_wxyz=[0.8664506077766418, -0.033063340932130814, 0.004482387565076351, 0.49814677238464355] status=0x8003
joint_pos=[0.0, 0.0, 0.0, 0.0, 0.0, 0.0] joint_vel=[0.0, 0.0, 0.0, 0.0, 0.0, 0.0] imu_ang_vel=[0.015978965908288956, 0.004793689586222172, 0.0074568502604961395] imu_quat_wxyz=[0.8663750886917114, -0.03345793858170509, 0.004256035201251507, 0.4982536733150482] status=0x8003
joint_pos=[0.0, 0.0, 0.0, 0.0, 0.0, 0.0] joint_vel=[0.0, 0.0, 0.0, 0.0, 0.0, 0.0] imu_ang_vel=[0.015978965908288956, 0.004261057358235121, 0.0074568502604961395] imu_quat_wxyz=[0.866366982460022, -0.03334829956293106, 0.0043172952719032764, 0.4982745051383972] status=0x8003
joint_pos=[0.0, 0.0, 0.0, 0.0, 0.0, 0.0] joint_vel=[0.0, 0.0, 0.0, 0.0, 0.0, 0.0] imu_ang_vel=[0.01810949295759201, 0.0026631606742739677, 0.005858954042196274] imu_quat_wxyz=[0.8663579225540161, -0.03324180468916893, 0.00437912717461586, 0.49829691648483276] status=0x8003
joint_pos=[0.0, 0.0, 0.0, 0.0, 0.0, 0.0] joint_vel=[0.0, 0.0, 0.0, 0.0, 0.0, 0.0] imu_ang_vel=[0.014913700520992279, 0.004793689586222172, 0.0063915858045220375] imu_quat_wxyz=[0.8663505911827087, -0.033130861818790436, 0.004445170052349567, 0.49831634759902954] status=0x8003
joint_pos=[0.0, 0.0, 0.0, 0.0, 0.0, 0.0] joint_vel=[0.0, 0.0, 0.0, 0.0, 0.0, 0.0] imu_ang_vel=[0.017044229432940483, 0.0031957929022610188, 0.0063915858045220375] imu_quat_wxyz=[0.8663397431373596, -0.03302231431007385, 0.004506238270550966, 0.4983418881893158] status=0x8003
joint_pos=[0.0, 0.0, 0.0, 0.0, 0.0, 0.0] joint_vel=[0.0, 0.0, 0.0, 0.0, 0.0, 0.0] imu_ang_vel=[0.015446333214640617, 0.0037284251302480698, 0.0069242180325090885] imu_quat_wxyz=[0.8662473559379578, -0.03345261514186859, 0.0042609600350260735, 0.4984759986400604] status=0x8003
joint_pos=[0.0, 0.0, 0.0, 0.0, 0.0, 0.0] joint_vel=[0.0, 0.0, 0.0, 0.0, 0.0, 0.0] imu_ang_vel=[0.016511596739292145, 0.0031957929022610188, 0.0063915858045220375] imu_quat_wxyz=[0.8662411570549011, -0.03334454819560051, 0.004315852653235197, 0.4984934628009796] status=0x8003
joint_pos=[0.0, 0.0, 0.0, 0.0, 0.0, 0.0] joint_vel=[0.0, 0.0, 0.0, 0.0, 0.0, 0.0] imu_ang_vel=[0.017044229432940483, 0.0031957929022610188, 0.005326321814209223] imu_quat_wxyz=[0.866235613822937, -0.03329022228717804, 0.0043436274863779545, 0.4985065162181854] status=0x8003
joint_pos=[0.0, 0.0, 0.0, 0.0, 0.0, 0.0] joint_vel=[0.0, 0.0, 0.0, 0.0, 0.0, 0.0] imu_ang_vel=[0.014913700520992279, 0.0031957929022610188, 0.0063915858045220375] imu_quat_wxyz=[0.8662222027778625, -0.0331302247941494, 0.004430629312992096, 0.49853992462158203] status=0x8003
joint_pos=[0.0, 0.0, 0.0, 0.0, 0.0, 0.0] joint_vel=[0.0, 0.0, 0.0, 0.0, 0.0, 0.0] imu_ang_vel=[0.016511596739292145, 0.0037284251302480698, 0.005858954042196274] imu_quat_wxyz=[0.866213858127594, -0.03301990032196045, 0.004492851439863443, 0.4985610842704773] status=0x8003
joint_pos=[0.0, 0.0, 0.0, 0.0, 0.0, 0.0] joint_vel=[0.0, 0.0, 0.0, 0.0, 0.0, 0.0] imu_ang_vel=[0.01810949295759201, 0.0037284251302480698, 0.005326321814209223] imu_quat_wxyz=[0.8662028908729553, -0.03345406800508499, 0.0042485943995416164, 0.49855321645736694] status=0x8003
joint_pos=[0.0, 0.0, 0.0, 0.0, 0.0, 0.0] joint_vel=[0.0, 0.0, 0.0, 0.0, 0.0, 0.0] imu_ang_vel=[0.01757686212658882, 0.0031957929022610188, 0.0074568502604961395] imu_quat_wxyz=[0.8661958575248718, -0.03334211930632591, 0.004311956465244293, 0.4985726475715637] status=0x8003
joint_pos=[0.0, 0.0, 0.0, 0.0, 0.0, 0.0] joint_vel=[0.0, 0.0, 0.0, 0.0, 0.0, 0.0] imu_ang_vel=[0.015978965908288956, 0.004793689586222172, 0.0069242180325090885] imu_quat_wxyz=[0.8661864995956421, -0.033228691667318344, 0.004379626829177141, 0.4985957443714142] status=0x8003
joint_pos=[0.0, 0.0, 0.0, 0.0, 0.0, 0.0] joint_vel=[0.0, 0.0, 0.0, 0.0, 0.0, 0.0] imu_ang_vel=[0.015978965908288956, 0.0031957929022610188, 0.005326321814209223] imu_quat_wxyz=[0.8661788702011108, -0.03312167525291443, 0.004442197270691395, 0.4986155331134796] status=0x8003
joint_pos=[0.0, 0.0, 0.0, 0.0, 0.0, 0.0] joint_vel=[0.0, 0.0, 0.0, 0.0, 0.0, 0.0] imu_ang_vel=[0.016511596739292145, 0.0031957929022610188, 0.0069242180325090885] imu_quat_wxyz=[0.8661709427833557, -0.033019471913576126, 0.004506890662014484, 0.49863550066947937] status=0x8003
joint_pos=[0.0, 0.0, 0.0, 0.0, 0.0, 0.0] joint_vel=[0.0, 0.0, 0.0, 0.0, 0.0, 0.0] imu_ang_vel=[0.015978965908288956, 0.0031957929022610188, 0.0063915858045220375] imu_quat_wxyz=[0.8662017583847046, -0.03345580771565437, 0.0042561800219118595, 0.4985550343990326] status=0x8003
joint_pos=[0.0, 0.0, 0.0, 0.0, 0.0, 0.0] joint_vel=[0.0, 0.0, 0.0, 0.0, 0.0, 0.0] imu_ang_vel=[0.016511596739292145, 0.004261057358235121, 0.005858954042196274] imu_quat_wxyz=[0.8661907911300659, -0.03334546834230423, 0.004316816106438637, 0.4985809922218323] status=0x8003
joint_pos=[0.0, 0.0, 0.0, 0.0, 0.0, 0.0] joint_vel=[0.0, 0.0, 0.0, 0.0, 0.0, 0.0] imu_ang_vel=[0.015446333214640617, 0.0037284251302480698, 0.005858954042196274] imu_quat_wxyz=[0.8661836981773376, -0.03323836997151375, 0.004376598168164492, 0.498600035905838] status=0x8003
joint_pos=[0.0, 0.0, 0.0, 0.0, 0.0, 0.0] joint_vel=[0.0, 0.0, 0.0, 0.0, 0.0, 0.0] imu_ang_vel=[0.017044229432940483, 0.005326321814209223, 0.0063915858045220375] imu_quat_wxyz=[0.8661760091781616, -0.033129047602415085, 0.004430760629475117, 0.4986199736595154] status=0x8003
joint_pos=[0.0, 0.0, 0.0, 0.0, 0.0, 0.0] joint_vel=[0.0, 0.0, 0.0, 0.0, 0.0, 0.0] imu_ang_vel=[0.017044229432940483, 0.004261057358235121, 0.0069242180325090885] imu_quat_wxyz=[0.8661670684814453, -0.033026713877916336, 0.004492266569286585, 0.49864184856414795] status=0x8003
joint_pos=[0.0, 0.0, 0.0, 0.0, 0.0, 0.0] joint_vel=[0.0, 0.0, 0.0, 0.0, 0.0, 0.0] imu_ang_vel=[0.015978965908288956, 0.004793689586222172, 0.007989482954144478] imu_quat_wxyz=[0.8661118745803833, -0.033439721912145615, 0.0042533730156719685, 0.49871230125427246] status=0x8003
joint_pos=[0.0, 0.0, 0.0, 0.0, 0.0, 0.0] joint_vel=[0.0, 0.0, 0.0, 0.0, 0.0, 0.0] imu_ang_vel=[0.016511596739292145, 0.0021305286791175604, 0.005326321814209223] imu_quat_wxyz=[0.8661035299301147, -0.03333328291773796, 0.004313902463763952, 0.4987332820892334] status=0x8003
joint_pos=[0.0, 0.0, 0.0, 0.0, 0.0, 0.0] joint_vel=[0.0, 0.0, 0.0, 0.0, 0.0, 0.0] imu_ang_vel=[0.016511596739292145, 0.0015978964511305094, 0.0063915858045220375] imu_quat_wxyz=[0.8660996556282043, -0.03322075679898262, 0.004366647452116013, 0.4987472593784332] status=0x8003
joint_pos=[0.0, 0.0, 0.0, 0.0, 0.0, 0.0] joint_vel=[0.0, 0.0, 0.0, 0.0, 0.0, 0.0] imu_ang_vel=[0.017044229432940483, 0.0031957929022610188, 0.007989482954144478] imu_quat_wxyz=[0.8660951256752014, -0.03316432610154152, 0.004395572934299707, 0.49875858426094055] status=0x8003
joint_pos=[0.0, 0.0, 0.0, 0.0, 0.0, 0.0] joint_vel=[0.0, 0.0, 0.0, 0.0, 0.0, 0.0] imu_ang_vel=[0.015446333214640617, 0.0037284251302480698, 0.0069242180325090885] imu_quat_wxyz=[0.8660743236541748, -0.03300432860851288, 0.004490240011364222, 0.4988044798374176] status=0x8003
joint_pos=[0.0, 0.0, 0.0, 0.0, 0.0, 0.0] joint_vel=[0.0, 0.0, 0.0, 0.0, 0.0, 0.0] imu_ang_vel=[0.013848436065018177, 0.0026631606742739677, 0.005858954042196274] imu_quat_wxyz=[0.8660309314727783, -0.033420875668525696, 0.004245487041771412, 0.4988541305065155] status=0x8003
joint_pos=[0.0, 0.0, 0.0, 0.0, 0.0, 0.0] joint_vel=[0.0, 0.0, 0.0, 0.0, 0.0, 0.0] imu_ang_vel=[0.015446333214640617, 0.0026631606742739677, 0.0063915858045220375] imu_quat_wxyz=[0.8660265803337097, -0.033313825726509094, 0.004300232976675034, 0.49886852502822876] status=0x8003
joint_pos=[0.0, 0.0, 0.0, 0.0, 0.0, 0.0] joint_vel=[0.0, 0.0, 0.0, 0.0, 0.0, 0.0] imu_ang_vel=[0.015978965908288956, 0.004261057358235121, 0.0063915858045220375] imu_quat_wxyz=[0.8660165071487427, -0.03320533037185669, 0.004347973503172398, 0.4988926947116852] status=0x8003
joint_pos=[0.0, 0.0, 0.0, 0.0, 0.0, 0.0] joint_vel=[0.0, 0.0, 0.0, 0.0, 0.0, 0.0] imu_ang_vel=[0.015978965908288956, 0.004261057358235121, 0.008522114716470242] imu_quat_wxyz=[0.866004467010498, -0.033099543303251266, 0.00441298633813858, 0.4989200830459595] status=0x8003
joint_pos=[0.0, 0.0, 0.0, 0.0, 0.0, 0.0] joint_vel=[0.0, 0.0, 0.0, 0.0, 0.0, 0.0] imu_ang_vel=[0.01668914221227169, 0.0024856168311089277, 0.006746673956513405] imu_quat_wxyz=[0.8659930229187012, -0.03299202769994736, 0.00447458028793335, 0.49894648790359497] status=0x8003
joint_pos=[0.0, 0.0, 0.0, 0.0, 0.0, 0.0] joint_vel=[0.0, 0.0, 0.0, 0.0, 0.0, 0.0] imu_ang_vel=[0.016511596739292145, 0.0031957929022610188, 0.005326321814209223] imu_quat_wxyz=[0.8659297227859497, -0.03342251479625702, 0.00422584917396307, 0.4990299344062805] status=0x8003
joint_pos=[0.0, 0.0, 0.0, 0.0, 0.0, 0.0] joint_vel=[0.0, 0.0, 0.0, 0.0, 0.0, 0.0] imu_ang_vel=[0.015978965908288956, 0.004793689586222172, 0.0069242180325090885] imu_quat_wxyz=[0.865922749042511, -0.033314816653728485, 0.0042867884039878845, 0.49904870986938477] status=0x8003
joint_pos=[0.0, 0.0, 0.0, 0.0, 0.0, 0.0] joint_vel=[0.0, 0.0, 0.0, 0.0, 0.0, 0.0] imu_ang_vel=[0.016511596739292145, 0.0031957929022610188, 0.0074568502604961395] imu_quat_wxyz=[0.8659112453460693, -0.03320268169045448, 0.0043523600324988365, 0.49907541275024414] status=0x8003
joint_pos=[0.0, 0.0, 0.0, 0.0, 0.0, 0.0] joint_vel=[0.0, 0.0, 0.0, 0.0, 0.0, 0.0] imu_ang_vel=[0.016511596739292145, 0.004793689586222172, 0.0063915858045220375] imu_quat_wxyz=[0.8659029006958008, -0.033084604889154434, 0.004414535593241453, 0.49909740686416626] status=0x8003
joint_pos=[0.0, 0.0, 0.0, 0.0, 0.0, 0.0] joint_vel=[0.0, 0.0, 0.0, 0.0, 0.0, 0.0] imu_ang_vel=[0.014913700520992279, 0.0031957929022610188, 0.0074568502604961395] imu_quat_wxyz=[0.8658957481384277, -0.03297486901283264, 0.004477689974009991, 0.4991164207458496] status=0x8003
joint_pos=[0.0, 0.0, 0.0, 0.0, 0.0, 0.0] joint_vel=[0.0, 0.0, 0.0, 0.0, 0.0, 0.0] imu_ang_vel=[0.015978965908288956, 0.004261057358235121, 0.007989482954144478] imu_quat_wxyz=[0.8658671379089355, -0.033412765711545944, 0.0042287386022508144, 0.4991391599178314] status=0x8003
joint_pos=[0.0, 0.0, 0.0, 0.0, 0.0, 0.0] joint_vel=[0.0, 0.0, 0.0, 0.0, 0.0, 0.0] imu_ang_vel=[0.017044229432940483, 0.0037284251302480698, 0.0063915858045220375] imu_quat_wxyz=[0.8658565282821655, -0.033301692456007004, 0.0042867581360042095, 0.49916455149650574] status=0x8003
joint_pos=[0.0, 0.0, 0.0, 0.0, 0.0, 0.0] joint_vel=[0.0, 0.0, 0.0, 0.0, 0.0, 0.0] imu_ang_vel=[0.015978965908288956, 0.0026631606742739677, 0.0063915858045220375] imu_quat_wxyz=[0.8658484816551208, -0.03319095820188522, 0.004345175344496965, 0.4991852939128876] status=0x8003
joint_pos=[0.0, 0.0, 0.0, 0.0, 0.0, 0.0] joint_vel=[0.0, 0.0, 0.0, 0.0, 0.0, 0.0] imu_ang_vel=[0.016511596739292145, 0.004793689586222172, 0.005326321814209223] imu_quat_wxyz=[0.8658396601676941, -0.03307805955410004, 0.004402078688144684, 0.49920764565467834] status=0x8003
joint_pos=[0.0, 0.0, 0.0, 0.0, 0.0, 0.0] joint_vel=[0.0, 0.0, 0.0, 0.0, 0.0, 0.0] imu_ang_vel=[0.016511596739292145, 0.0031957929022610188, 0.005326321814209223] imu_quat_wxyz=[0.8658300638198853, -0.032975438982248306, 0.004472025204449892, 0.4992303252220154] status=0x8003
joint_pos=[0.0, 0.0, 0.0, 0.0, 0.0, 0.0] joint_vel=[0.0, 0.0, 0.0, 0.0, 0.0, 0.0] imu_ang_vel=[0.017044229432940483, 0.005326321814209223, 0.005858954042196274] imu_quat_wxyz=[0.8658400177955627, -0.033448152244091034, 0.0042076315730810165, 0.4991840422153473] status=0x8003
joint_pos=[0.0, 0.0, 0.0, 0.0, 0.0, 0.0] joint_vel=[0.0, 0.0, 0.0, 0.0, 0.0, 0.0] imu_ang_vel=[0.016511596739292145, 0.0037284251302480698, 0.0069242180325090885] imu_quat_wxyz=[0.8658295273780823, -0.033289242535829544, 0.004304719623178244, 0.49921196699142456] status=0x8003
joint_pos=[0.0, 0.0, 0.0, 0.0, 0.0, 0.0] joint_vel=[0.0, 0.0, 0.0, 0.0, 0.0, 0.0] imu_ang_vel=[0.01810949295759201, 0.0037284251302480698, 0.0069242180325090885] imu_quat_wxyz=[0.8658169507980347, -0.033179011195898056, 0.004365711938589811, 0.49924060702323914] status=0x8003
joint_pos=[0.0, 0.0, 0.0, 0.0, 0.0, 0.0] joint_vel=[0.0, 0.0, 0.0, 0.0, 0.0, 0.0] imu_ang_vel=[0.01810949295759201, 0.004261057358235121, 0.0063915858045220375] imu_quat_wxyz=[0.8658062815666199, -0.033074624836444855, 0.004433169029653072, 0.4992654025554657] status=0x8003
joint_pos=[0.0, 0.0, 0.0, 0.0, 0.0, 0.0] joint_vel=[0.0, 0.0, 0.0, 0.0, 0.0, 0.0] imu_ang_vel=[0.014913700520992279, 0.0026631606742739677, 0.005326321814209223] imu_quat_wxyz=[0.865800678730011, -0.03296419978141785, 0.004494593478739262, 0.4992818832397461] status=0x8003
joint_pos=[0.0, 0.0, 0.0, 0.0, 0.0, 0.0] joint_vel=[0.0, 0.0, 0.0, 0.0, 0.0, 0.0] imu_ang_vel=[0.016511596739292145, 0.0015978964511305094, 0.0069242180325090885] imu_quat_wxyz=[0.8657957911491394, -0.03341619670391083, 0.004238330293446779, 0.49926257133483887] status=0x8003
joint_pos=[0.0, 0.0, 0.0, 0.0, 0.0, 0.0] joint_vel=[0.0, 0.0, 0.0, 0.0, 0.0, 0.0] imu_ang_vel=[0.014913700520992279, 0.0026631606742739677, 0.005858954042196274] imu_quat_wxyz=[0.8657858967781067, -0.033304136246442795, 0.004298180807381868, 0.49928662180900574] status=0x8003
joint_pos=[0.0, 0.0, 0.0, 0.0, 0.0, 0.0] joint_vel=[0.0, 0.0, 0.0, 0.0, 0.0, 0.0] imu_ang_vel=[0.015978965908288956, 0.004261057358235121, 0.005858954042196274] imu_quat_wxyz=[0.8657775521278381, -0.033198174089193344, 0.00435775239020586, 0.49930763244628906] status=0x8003
joint_pos=[0.0, 0.0, 0.0, 0.0, 0.0, 0.0] joint_vel=[0.0, 0.0, 0.0, 0.0, 0.0, 0.0] imu_ang_vel=[0.016511596739292145, 0.0026631606742739677, 0.0069242180325090885] imu_quat_wxyz=[0.8657721281051636, -0.03308781981468201, 0.0044196899980306625, 0.49932384490966797] status=0x8003
joint_pos=[0.0, 0.0, 0.0, 0.0, 0.0, 0.0] joint_vel=[0.0, 0.0, 0.0, 0.0, 0.0, 0.0] imu_ang_vel=[0.016511596739292145, 0.0037284251302480698, 0.005326321814209223] imu_quat_wxyz=[0.8657656908035278, -0.03297523036599159, 0.004476054571568966, 0.49934205412864685] status=0x8003
joint_pos=[0.0, 0.0, 0.0, 0.0, 0.0, 0.0] joint_vel=[0.0, 0.0, 0.0, 0.0, 0.0, 0.0] imu_ang_vel=[0.017044229432940483, 0.004261057358235121, 0.0069242180325090885] imu_quat_wxyz=[0.8658190965652466, -0.033408023416996, 0.0042418246157467365, 0.49922263622283936] status=0x8003
joint_pos=[0.0, 0.0, 0.0, 0.0, 0.0, 0.0] joint_vel=[0.0, 0.0, 0.0, 0.0, 0.0, 0.0] imu_ang_vel=[0.015978965908288956, 0.0015978964511305094, 0.005858954042196274] imu_quat_wxyz=[0.865807831287384, -0.03330301120877266, 0.004305133130401373, 0.4992487132549286] status=0x8003
joint_pos=[0.0, 0.0, 0.0, 0.0, 0.0, 0.0] joint_vel=[0.0, 0.0, 0.0, 0.0, 0.0, 0.0] imu_ang_vel=[0.01757686212658882, 0.0031957929022610188, 0.005858954042196274] imu_quat_wxyz=[0.8658002614974976, -0.033190954476594925, 0.004360766615718603, 0.4992688000202179] status=0x8003
joint_pos=[0.0, 0.0, 0.0, 0.0, 0.0, 0.0] joint_vel=[0.0, 0.0, 0.0, 0.0, 0.0, 0.0] imu_ang_vel=[0.017044229432940483, 0.004261057358235121, 0.0074568502604961395] imu_quat_wxyz=[0.865794837474823, -0.03307643532752991, 0.004423079080879688, 0.4992853105068207] status=0x8003
joint_pos=[0.0, 0.0, 0.0, 0.0, 0.0, 0.0] joint_vel=[0.0, 0.0, 0.0, 0.0, 0.0, 0.0] imu_ang_vel=[0.015446333214640617, 0.0026631606742739677, 0.0063915858045220375] imu_quat_wxyz=[0.8657844662666321, -0.03296729549765587, 0.004491543862968683, 0.4993100166320801] status=0x8003
joint_pos=[0.0, 0.0, 0.0, 0.0, 0.0, 0.0] joint_vel=[0.0, 0.0, 0.0, 0.0, 0.0, 0.0] imu_ang_vel=[0.017044229432940483, 0.0021305286791175604, 0.005858954042196274] imu_quat_wxyz=[0.8658574819564819, -0.03340934216976166, 0.0042483145371079445, 0.4991559088230133] status=0x8003
joint_pos=[0.0, 0.0, 0.0, 0.0, 0.0, 0.0] joint_vel=[0.0, 0.0, 0.0, 0.0, 0.0, 0.0] imu_ang_vel=[0.014913700520992279, 0.004261057358235121, 0.0063915858045220375] imu_quat_wxyz=[0.8658520579338074, -0.033297717571258545, 0.004305876791477203, 0.49917224049568176] status=0x8003
joint_pos=[0.0, 0.0, 0.0, 0.0, 0.0, 0.0] joint_vel=[0.0, 0.0, 0.0, 0.0, 0.0, 0.0] imu_ang_vel=[0.01757686212658882, 0.0026631606742739677, 0.0069242180325090885] imu_quat_wxyz=[0.8658477067947388, -0.03324469178915024, 0.004336733836680651, 0.4991830587387085] status=0x8003
joint_pos=[0.0, 0.0, 0.0, 0.0, 0.0, 0.0] joint_vel=[0.0, 0.0, 0.0, 0.0, 0.0, 0.0] imu_ang_vel=[0.015446333214640617, 0.0031957929022610188, 0.005858954042196274] imu_quat_wxyz=[0.8658372759819031, -0.03307655081152916, 0.004426206462085247, 0.4992116391658783] status=0x8003
joint_pos=[0.0, 0.0, 0.0, 0.0, 0.0, 0.0] joint_vel=[0.0, 0.0, 0.0, 0.0, 0.0, 0.0] imu_ang_vel=[0.017044229432940483, 0.0037284251302480698, 0.0063915858045220375] imu_quat_wxyz=[0.8658292293548584, -0.032966967672109604, 0.004481229931116104, 0.49923235177993774] status=0x8003
joint_pos=[0.0, 0.0, 0.0, 0.0, 0.0, 0.0] joint_vel=[0.0, 0.0, 0.0, 0.0, 0.0, 0.0] imu_ang_vel=[0.016511596739292145, 0.0021305286791175604, 0.0069242180325090885] imu_quat_wxyz=[0.8658750653266907, -0.03339621052145958, 0.004238240886479616, 0.4991264343261719] status=0x8003
ONNX startup: move command complete; waiting for measured joints to enter +/-2 deg.
joint_pos=[0.0, 0.0, 0.0, 0.0, 0.0, 0.0] joint_vel=[0.0, 0.0, 0.0, 0.0, 0.0, 0.0] imu_ang_vel=[0.016511596739292145, 0.004261057358235121, 0.0074568502604961395] imu_quat_wxyz=[0.8658644556999207, -0.03328638896346092, 0.004303799010813236, 0.49915167689323425] status=0x8003
joint_pos=[0.0, 0.0, 0.0, 0.0, 0.0, 0.0] joint_vel=[0.0, 0.0, 0.0, 0.0, 0.0, 0.0] imu_ang_vel=[0.015978965908288956, 0.0031957929022610188, 0.004793689586222172] imu_quat_wxyz=[0.8658567070960999, -0.03317887708544731, 0.00437040813267231, 0.49917158484458923] status=0x8003
joint_pos=[0.0, 0.0, 0.0, 0.0, 0.0, 0.0] joint_vel=[0.0, 0.0, 0.0, 0.0, 0.0, 0.0] imu_ang_vel=[0.015446333214640617, 0.0037284251302480698, 0.0063915858045220375] imu_quat_wxyz=[0.8658500909805298, -0.033078815788030624, 0.00442675082013011, 0.49918922781944275] status=0x8003
joint_pos=[0.0, 0.0, 0.0, 0.0, 0.0, 0.0] joint_vel=[0.0, 0.0, 0.0, 0.0, 0.0, 0.0] imu_ang_vel=[0.016511596739292145, 0.004793689586222172, 0.0074568502604961395] imu_quat_wxyz=[0.8658398389816284, -0.032972145825624466, 0.004484830889850855, 0.49921345710754395] status=0x8003
joint_pos=[0.0, 0.0, 0.0, 0.0, 0.0, 0.0] joint_vel=[0.0, 0.0, 0.0, 0.0, 0.0, 0.0] imu_ang_vel=[0.016511596739292145, 0.0026631606742739677, 0.007989482954144478] imu_quat_wxyz=[0.8658127784729004, -0.03338125720620155, 0.00426529161632061, 0.4992353618144989] status=0x8003
joint_pos=[0.0, 0.0, 0.0, 0.0, 0.0, 0.0] joint_vel=[0.0, 0.0, 0.0, 0.0, 0.0, 0.0] imu_ang_vel=[0.014913700520992279, 0.0015978964511305094, 0.005326321814209223] imu_quat_wxyz=[0.8658047318458557, -0.033271562308073044, 0.004326813854277134, 0.49925604462623596] status=0x8003
joint_pos=[0.0, 0.0, 0.0, 0.0, 0.0, 0.0] joint_vel=[0.0, 0.0, 0.0, 0.0, 0.0, 0.0] imu_ang_vel=[0.017044229432940483, 0.0026631606742739677, 0.005326321814209223] imu_quat_wxyz=[0.8657999634742737, -0.033158451318740845, 0.004383957479149103, 0.4992712736129761] status=0x8003
joint_pos=[0.0, 0.0, 0.0, 0.0, 0.0, 0.0] joint_vel=[0.0, 0.0, 0.0, 0.0, 0.0, 0.0] imu_ang_vel=[0.014913700520992279, 0.0026631606742739677, 0.0069242180325090885] imu_quat_wxyz=[0.8657912611961365, -0.03304649889469147, 0.004446043167263269, 0.49929311871528625] status=0x8003
joint_pos=[0.0, 0.0, 0.0, 0.0, 0.0, 0.0] joint_vel=[0.0, 0.0, 0.0, 0.0, 0.0, 0.0] imu_ang_vel=[0.017044229432940483, 0.0021305286791175604, 0.0074568502604961395] imu_quat_wxyz=[0.8657790422439575, -0.032940831035375595, 0.004507775884121656, 0.49932074546813965] status=0x8003
joint_pos=[0.0, 0.0, 0.0, 0.0, 0.0, 0.0] joint_vel=[0.0, 0.0, 0.0, 0.0, 0.0, 0.0] imu_ang_vel=[0.016511596739292145, 0.0037284251302480698, 0.0063915858045220375] imu_quat_wxyz=[0.8658101558685303, -0.03335719555616379, 0.004268830642104149, 0.49924132227897644] status=0x8003
joint_pos=[0.0, 0.0, 0.0, 0.0, 0.0, 0.0] joint_vel=[0.0, 0.0, 0.0, 0.0, 0.0, 0.0] imu_ang_vel=[0.016511596739292145, 0.0021305286791175604, 0.005858954042196274] imu_quat_wxyz=[0.865805983543396, -0.033246830105781555, 0.0043284697458148, 0.49925559759140015] status=0x8003
joint_pos=[0.0, 0.0, 0.0, 0.0, 0.0, 0.0] joint_vel=[0.0, 0.0, 0.0, 0.0, 0.0, 0.0] imu_ang_vel=[0.01757686212658882, 0.0026631606742739677, 0.0063915858045220375] imu_quat_wxyz=[0.8657976984977722, -0.033138174563646317, 0.00439094565808773, 0.4992765188217163] status=0x8003
joint_pos=[0.0, 0.0, 0.0, 0.0, 0.0, 0.0] joint_vel=[0.0, 0.0, 0.0, 0.0, 0.0, 0.0] imu_ang_vel=[0.015446333214640617, 0.0037284251302480698, 0.0063915858045220375] imu_quat_wxyz=[0.8657934069633484, -0.03308162838220596, 0.004424120765179396, 0.49928736686706543] status=0x8003
joint_pos=[0.0, 0.0, 0.0, 0.0, 0.0, 0.0] joint_vel=[0.0, 0.0, 0.0, 0.0, 0.0, 0.0] imu_ang_vel=[0.016511596739292145, 0.0037284251302480698, 0.0063915858045220375] imu_quat_wxyz=[0.8657826781272888, -0.03291939198970795, 0.004515386652201414, 0.49931591749191284] status=0x8003
joint_pos=[0.0, 0.0, 0.0, 0.0, 0.0, 0.0] joint_vel=[0.0, 0.0, 0.0, 0.0, 0.0, 0.0] imu_ang_vel=[0.01757686212658882, 0.0031957929022610188, 0.005326321814209223] imu_quat_wxyz=[0.8658106923103333, -0.03335580229759216, 0.0042658476158976555, 0.499240517616272] status=0x8003
joint_pos=[0.0, 0.0, 0.0, 0.0, 0.0, 0.0] joint_vel=[0.0, 0.0, 0.0, 0.0, 0.0, 0.0] imu_ang_vel=[0.016511596739292145, 0.0037284251302480698, 0.005326321814209223] imu_quat_wxyz=[0.8658020496368408, -0.03324189782142639, 0.004325008485466242, 0.49926263093948364] status=0x8003
joint_pos=[0.0, 0.0, 0.0, 0.0, 0.0, 0.0] joint_vel=[0.0, 0.0, 0.0, 0.0, 0.0, 0.0] imu_ang_vel=[0.01757686212658882, 0.0026631606742739677, 0.0063915858045220375] imu_quat_wxyz=[0.8657930493354797, -0.033131323754787445, 0.004395331721752882, 0.49928492307662964] status=0x8003
joint_pos=[0.0, 0.0, 0.0, 0.0, 0.0, 0.0] joint_vel=[0.0, 0.0, 0.0, 0.0, 0.0, 0.0] imu_ang_vel=[0.01757686212658882, 0.0037284251302480698, 0.0063915858045220375] imu_quat_wxyz=[0.8657827973365784, -0.033024150878190994, 0.004456064198166132, 0.4993092119693756] status=0x8003
joint_pos=[0.0, 0.0, 0.0, 0.0, 0.0, 0.0] joint_vel=[0.0, 0.0, 0.0, 0.0, 0.0, 0.0] imu_ang_vel=[0.01757686212658882, 0.004261057358235121, 0.0069242180325090885] imu_quat_wxyz=[0.8657756447792053, -0.032908275723457336, 0.004515735898166895, 0.49932873249053955] status=0x8003
joint_pos=[0.0, 0.0, 0.0, 0.0, 0.0, 0.0] joint_vel=[0.0, 0.0, 0.0, 0.0, 0.0, 0.0] imu_ang_vel=[0.016511596739292145, 0.0031957929022610188, 0.0069242180325090885] imu_quat_wxyz=[0.8658007383346558, -0.033351507037878036, 0.004266882315278053, 0.4992581307888031] status=0x8003
joint_pos=[0.0, 0.0, 0.0, 0.0, 0.0, 0.0] joint_vel=[0.0, 0.0, 0.0, 0.0, 0.0, 0.0] imu_ang_vel=[0.017044229432940483, 0.004793689586222172, 0.0063915858045220375] imu_quat_wxyz=[0.8657913208007812, -0.03324749320745468, 0.0043321698904037476, 0.49928078055381775] status=0x8003
joint_pos=[0.0, 0.0, 0.0, 0.0, 0.0, 0.0] joint_vel=[0.0, 0.0, 0.0, 0.0, 0.0, 0.0] imu_ang_vel=[0.015978965908288956, 0.0015978964511305094, 0.0063915858045220375] imu_quat_wxyz=[0.8657845854759216, -0.033142123371362686, 0.0043873256072402, 0.4992990791797638] status=0x8003
joint_pos=[0.0, 0.0, 0.0, 0.0, 0.0, 0.0] joint_vel=[0.0, 0.0, 0.0, 0.0, 0.0, 0.0] imu_ang_vel=[0.015446333214640617, 0.004261057358235121, 0.0074568502604961395] imu_quat_wxyz=[0.8657754063606262, -0.0330345444381237, 0.004442863166332245, 0.4993216097354889] status=0x8003
joint_pos=[0.0, 0.0, 0.0, 0.0, 0.0, 0.0] joint_vel=[0.0, 0.0, 0.0, 0.0, 0.0, 0.0] imu_ang_vel=[0.019174758344888687, 0.004261057358235121, 0.0074568502604961395] imu_quat_wxyz=[0.8657650351524353, -0.032924506813287735, 0.004513742867857218, 0.49934616684913635] status=0x8003
joint_pos=[0.0, 0.0, 0.0, 0.0, 0.0, 0.0] joint_vel=[0.0, 0.0, 0.0, 0.0, 0.0, 0.0] imu_ang_vel=[0.016511596739292145, 0.0031957929022610188, 0.0069242180325090885] imu_quat_wxyz=[0.865813136100769, -0.03339257463812828, 0.004253556951880455, 0.4992339313030243] status=0x8003
joint_pos=[0.0, 0.0, 0.0, 0.0, 0.0, 0.0] joint_vel=[0.0, 0.0, 0.0, 0.0, 0.0, 0.0] imu_ang_vel=[0.017044229432940483, 0.0031957929022610188, 0.005858954042196274] imu_quat_wxyz=[0.8658033609390259, -0.03328242152929306, 0.004309614188969135, 0.4992576539516449] status=0x8003
joint_pos=[0.0, 0.0, 0.0, 0.0, 0.0, 0.0] joint_vel=[0.0, 0.0, 0.0, 0.0, 0.0, 0.0] imu_ang_vel=[0.01757686212658882, 0.0026631606742739677, 0.0069242180325090885] imu_quat_wxyz=[0.8657938241958618, -0.03316958248615265, 0.0043733795173466206, 0.4992813169956207] status=0x8003
joint_pos=[0.0, 0.0, 0.0, 0.0, 0.0, 0.0] joint_vel=[0.0, 0.0, 0.0, 0.0, 0.0, 0.0] imu_ang_vel=[0.015446333214640617, 0.004793689586222172, 0.005858954042196274] imu_quat_wxyz=[0.8657856583595276, -0.03305763378739357, 0.004435007926076651, 0.4993024468421936] status=0x8003
joint_pos=[0.0, 0.0, 0.0, 0.0, 0.0, 0.0] joint_vel=[0.0, 0.0, 0.0, 0.0, 0.0, 0.0] imu_ang_vel=[0.015978965908288956, 0.0031957929022610188, 0.0063915858045220375] imu_quat_wxyz=[0.8657808303833008, -0.03294532373547554, 0.00450022891163826, 0.4993175268173218] status=0x8003
joint_pos=[0.0, 0.0, 0.0, 0.0, 0.0, 0.0] joint_vel=[0.0, 0.0, 0.0, 0.0, 0.0, 0.0] imu_ang_vel=[0.015978965908288956, 0.0021305286791175604, 0.005858954042196274] imu_quat_wxyz=[0.8658647537231445, -0.03345092013478279, 0.004213395994156599, 0.49914076924324036] status=0x8003
joint_pos=[0.0, 0.0, 0.0, 0.0, 0.0, 0.0] joint_vel=[0.0, 0.0, 0.0, 0.0, 0.0, 0.0] imu_ang_vel=[0.015446333214640617, 0.004793689586222172, 0.0063915858045220375] imu_quat_wxyz=[0.8658542633056641, -0.03334180638194084, 0.0042681582272052765, 0.4991658627986908] status=0x8003
joint_pos=[0.0, 0.0, 0.0, 0.0, 0.0, 0.0] joint_vel=[0.0, 0.0, 0.0, 0.0, 0.0, 0.0] imu_ang_vel=[0.016511596739292145, 0.0037284251302480698, 0.009054746478796005] imu_quat_wxyz=[0.865842878818512, -0.03324117138981819, 0.004337281920015812, 0.49919167160987854] status=0x8003
joint_pos=[0.0, 0.0, 0.0, 0.0, 0.0, 0.0] joint_vel=[0.0, 0.0, 0.0, 0.0, 0.0, 0.0] imu_ang_vel=[0.015978965908288956, 0.0014203524915501475, 0.00603649765253067] imu_quat_wxyz=[0.8658332824707031, -0.033130943775177, 0.004401599057018757, 0.49921509623527527] status=0x8003
joint_pos=[0.0, 0.0, 0.0, 0.0, 0.0, 0.0] joint_vel=[0.0, 0.0, 0.0, 0.0, 0.0, 0.0] imu_ang_vel=[0.017044229432940483, 0.004261057358235121, 0.005858954042196274] imu_quat_wxyz=[0.865829586982727, -0.03301544114947319, 0.004457605537027121, 0.4992288053035736] status=0x8003
joint_pos=[0.0, 0.0, 0.0, 0.0, 0.0, 0.0] joint_vel=[0.0, 0.0, 0.0, 0.0, 0.0, 0.0] imu_ang_vel=[0.015978965908288956, 0.004261057358235121, 0.008522114716470242] imu_quat_wxyz=[0.8658493757247925, -0.033516377210617065, 0.004171659704297781, 0.499163419008255] status=0x8003
joint_pos=[0.0, 0.0, 0.0, 0.0, 0.0, 0.0] joint_vel=[0.0, 0.0, 0.0, 0.0, 0.0, 0.0] imu_ang_vel=[0.015446333214640617, 0.0026631606742739677, 0.0069242180325090885] imu_quat_wxyz=[0.8658294677734375, -0.03335840255022049, 0.004268075805157423, 0.4992077350616455] status=0x8003
joint_pos=[0.0, 0.0, 0.0, 0.0, 0.0, 0.0] joint_vel=[0.0, 0.0, 0.0, 0.0, 0.0, 0.0] imu_ang_vel=[0.016511596739292145, 0.004793689586222172, 0.005858954042196274] imu_quat_wxyz=[0.8658193945884705, -0.03325248882174492, 0.004329686984419823, 0.4992316961288452] status=0x8003
joint_pos=[0.0, 0.0, 0.0, 0.0, 0.0, 0.0] joint_vel=[0.0, 0.0, 0.0, 0.0, 0.0, 0.0] imu_ang_vel=[0.016511596739292145, 0.0021305286791175604, 0.005326321814209223] imu_quat_wxyz=[0.8658139109611511, -0.033145613968372345, 0.004388758912682533, 0.49924784898757935] status=0x8003
joint_pos=[0.0, 0.0, 0.0, 0.0, 0.0, 0.0] joint_vel=[0.0, 0.0, 0.0, 0.0, 0.0, 0.0] imu_ang_vel=[0.016511596739292145, 0.004261057358235121, 0.0063915858045220375] imu_quat_wxyz=[0.8658043146133423, -0.03303920477628708, 0.004449083004146814, 0.49927112460136414] status=0x8003
joint_pos=[0.0, 0.0, 0.0, 0.0, 0.0, 0.0] joint_vel=[0.0, 0.0, 0.0, 0.0, 0.0, 0.0] imu_ang_vel=[0.015446333214640617, 0.005326321814209223, 0.0074568502604961395] imu_quat_wxyz=[0.8658039569854736, -0.03345577046275139, 0.004222481977194548, 0.49924585223197937] status=0x8003
joint_pos=[0.0, 0.0, 0.0, 0.0, 0.0, 0.0] joint_vel=[0.0, 0.0, 0.0, 0.0, 0.0, 0.0] imu_ang_vel=[0.017044229432940483, 0.004793689586222172, 0.0063915858045220375] imu_quat_wxyz=[0.8657966256141663, -0.0333523266017437, 0.004286347888410091, 0.4992651343345642] status=0x8003
joint_pos=[0.0, 0.0, 0.0, 0.0, 0.0, 0.0] joint_vel=[0.0, 0.0, 0.0, 0.0, 0.0, 0.0] imu_ang_vel=[0.015446333214640617, 0.0031957929022610188, 0.0069242180325090885] imu_quat_wxyz=[0.865790069103241, -0.03324642404913902, 0.004341857507824898, 0.49928292632102966] status=0x8003
joint_pos=[0.0, 0.0, 0.0, 0.0, 0.0, 0.0] joint_vel=[0.0, 0.0, 0.0, 0.0, 0.0, 0.0] imu_ang_vel=[0.01438106782734394, 0.0031957929022610188, 0.005326321814209223] imu_quat_wxyz=[0.8657785654067993, -0.033140167593955994, 0.004401189740747213, 0.4993092715740204] status=0x8003
joint_pos=[0.0, 0.0, 0.0, 0.0, 0.0, 0.0] joint_vel=[0.0, 0.0, 0.0, 0.0, 0.0, 0.0] imu_ang_vel=[0.017044229432940483, 0.0037284251302480698, 0.0074568502604961395] imu_quat_wxyz=[0.8657692670822144, -0.03303349390625954, 0.004461420234292746, 0.4993320405483246] status=0x8003
joint_pos=[0.0, 0.0, 0.0, 0.0, 0.0, 0.0] joint_vel=[0.0, 0.0, 0.0, 0.0, 0.0, 0.0] imu_ang_vel=[0.016511596739292145, 0.004261057358235121, 0.0063915858045220375] imu_quat_wxyz=[0.8656785488128662, -0.03345891833305359, 0.004225604236125946, 0.49946320056915283] status=0x8003
joint_pos=[0.0, 0.0, 0.0, 0.0, 0.0, 0.0] joint_vel=[0.0, 0.0, 0.0, 0.0, 0.0, 0.0] imu_ang_vel=[0.016511596739292145, 0.0037284251302480698, 0.0063915858045220375] imu_quat_wxyz=[0.8656721115112305, -0.03335035964846611, 0.004293426405638456, 0.4994809031486511] status=0x8003
joint_pos=[0.0, 0.0, 0.0, 0.0, 0.0, 0.0] joint_vel=[0.0, 0.0, 0.0, 0.0, 0.0, 0.0] imu_ang_vel=[0.016511596739292145, 0.0031957929022610188, 0.0069242180325090885] imu_quat_wxyz=[0.8656670451164246, -0.033294856548309326, 0.004325351677834988, 0.49949318170547485] status=0x8003
joint_pos=[0.0, 0.0, 0.0, 0.0, 0.0, 0.0] joint_vel=[0.0, 0.0, 0.0, 0.0, 0.0, 0.0] imu_ang_vel=[0.015978965908288956, 0.0026631606742739677, 0.005326321814209223] imu_quat_wxyz=[0.8656501173973083, -0.03312951698899269, 0.00441975612193346, 0.49953269958496094] status=0x8003
joint_pos=[0.0, 0.0, 0.0, 0.0, 0.0, 0.0] joint_vel=[0.0, 0.0, 0.0, 0.0, 0.0, 0.0] imu_ang_vel=[0.015978965908288956, 0.0031957929022610188, 0.0063915858045220375] imu_quat_wxyz=[0.8656428456306458, -0.03301575407385826, 0.0044821822084486485, 0.4995523691177368] status=0x8003
joint_pos=[0.0, 0.0, 0.0, 0.0, 0.0, 0.0] joint_vel=[0.0, 0.0, 0.0, 0.0, 0.0, 0.0] imu_ang_vel=[0.017044229432940483, 0.0037284251302480698, 0.0069242180325090885] imu_quat_wxyz=[0.8656656742095947, -0.03350852057337761, 0.00420129019767046, 0.499482125043869] status=0x8003
joint_pos=[0.0, 0.0, 0.0, 0.0, 0.0, 0.0] joint_vel=[0.0, 0.0, 0.0, 0.0, 0.0, 0.0] imu_ang_vel=[0.016511596739292145, 0.004261057358235121, 0.0063915858045220375] imu_quat_wxyz=[0.8656542301177979, -0.03340079262852669, 0.004266919568181038, 0.4995088577270508] status=0x8003
joint_pos=[0.0, 0.0, 0.0, 0.0, 0.0, 0.0] joint_vel=[0.0, 0.0, 0.0, 0.0, 0.0, 0.0] imu_ang_vel=[0.016511596739292145, 0.0037284251302480698, 0.0069242180325090885] imu_quat_wxyz=[0.8656461238861084, -0.033293452113866806, 0.004334398079663515, 0.4995293915271759] status=0x8003
joint_pos=[0.0, 0.0, 0.0, 0.0, 0.0, 0.0] joint_vel=[0.0, 0.0, 0.0, 0.0, 0.0, 0.0] imu_ang_vel=[0.015978965908288956, 0.0021305286791175604, 0.005326321814209223] imu_quat_wxyz=[0.8656390905380249, -0.033183518797159195, 0.0043976884335279465, 0.4995485246181488] status=0x8003
joint_pos=[0.0, 0.0, 0.0, 0.0, 0.0, 0.0] joint_vel=[0.0, 0.0, 0.0, 0.0, 0.0, 0.0] imu_ang_vel=[0.015978965908288956, 0.0026631606742739677, 0.005858954042196274] imu_quat_wxyz=[0.8656319975852966, -0.03307713195681572, 0.004456871654838324, 0.4995671808719635] status=0x8003
joint_pos=[0.0, 0.0, 0.0, 0.0, 0.0, 0.0] joint_vel=[0.0, 0.0, 0.0, 0.0, 0.0, 0.0] imu_ang_vel=[0.01810949295759201, 0.004793689586222172, 0.0063915858045220375] imu_quat_wxyz=[0.8656083941459656, -0.03353890776634216, 0.004193373955786228, 0.4995795786380768] status=0x8003
joint_pos=[0.0, 0.0, 0.0, 0.0, 0.0, 0.0] joint_vel=[0.0, 0.0, 0.0, 0.0, 0.0, 0.0] imu_ang_vel=[0.017044229432940483, 0.005326321814209223, 0.0063915858045220375] imu_quat_wxyz=[0.8655975461006165, -0.03342936187982559, 0.0042625777423381805, 0.499605268239975] status=0x8003
joint_pos=[0.0, 0.0, 0.0, 0.0, 0.0, 0.0] joint_vel=[0.0, 0.0, 0.0, 0.0, 0.0, 0.0] imu_ang_vel=[0.016511596739292145, 0.0037284251302480698, 0.005858954042196274] imu_quat_wxyz=[0.8655921816825867, -0.03331945091485977, 0.004327552858740091, 0.49962118268013] status=0x8003
joint_pos=[0.0, 0.0, 0.0, 0.0, 0.0, 0.0] joint_vel=[0.0, 0.0, 0.0, 0.0, 0.0, 0.0] imu_ang_vel=[0.015978965908288956, 0.004261057358235121, 0.0063915858045220375] imu_quat_wxyz=[0.8655872344970703, -0.033220067620277405, 0.004380533937364817, 0.4996360242366791] status=0x8003
joint_pos=[0.0, 0.0, 0.0, 0.0, 0.0, 0.0] joint_vel=[0.0, 0.0, 0.0, 0.0, 0.0, 0.0] imu_ang_vel=[0.016511596739292145, 0.005326321814209223, 0.005858954042196274] imu_quat_wxyz=[0.8655752539634705, -0.03311655670404434, 0.004447346553206444, 0.4996628761291504] status=0x8003
joint_pos=[0.0, 0.0, 0.0, 0.0, 0.0, 0.0] joint_vel=[0.0, 0.0, 0.0, 0.0, 0.0, 0.0] imu_ang_vel=[0.015978965908288956, 0.0037284251302480698, 0.0063915858045220375] imu_quat_wxyz=[0.8656327724456787, -0.033553630113601685, 0.004204438999295235, 0.4995362162590027] status=0x8003
joint_pos=[0.0, 0.0, 0.0, 0.0, 0.0, 0.0] joint_vel=[0.0, 0.0, 0.0, 0.0, 0.0, 0.0] imu_ang_vel=[0.016511596739292145, 0.0037284251302480698, 0.004261057358235121] imu_quat_wxyz=[0.8656253218650818, -0.03344818204641342, 0.0042644161731004715, 0.4995557367801666] status=0x8003
joint_pos=[0.0, 0.0, 0.0, 0.0, 0.0, 0.0] joint_vel=[0.0, 0.0, 0.0, 0.0, 0.0, 0.0] imu_ang_vel=[0.017044229432940483, 0.0037284251302480698, 0.005326321814209223] imu_quat_wxyz=[0.8656208515167236, -0.03334035351872444, 0.004322254564613104, 0.4995702803134918] status=0x8003
joint_pos=[0.0, 0.0, 0.0, 0.0, 0.0, 0.0] joint_vel=[0.0, 0.0, 0.0, 0.0, 0.0, 0.0] imu_ang_vel=[0.017044229432940483, 0.0031957929022610188, 0.0063915858045220375] imu_quat_wxyz=[0.8656147122383118, -0.033236145973205566, 0.004381157457828522, 0.49958711862564087] status=0x8003
joint_pos=[0.0, 0.0, 0.0, 0.0, 0.0, 0.0] joint_vel=[0.0, 0.0, 0.0, 0.0, 0.0, 0.0] imu_ang_vel=[0.017044229432940483, 0.004261057358235121, 0.0069242180325090885] imu_quat_wxyz=[0.865604043006897, -0.033127885311841965, 0.004444517195224762, 0.4996124505996704] status=0x8003
joint_pos=[0.0, 0.0, 0.0, 0.0, 0.0, 0.0] joint_vel=[0.0, 0.0, 0.0, 0.0, 0.0, 0.0] imu_ang_vel=[0.014913700520992279, 0.0026631606742739677, 0.005326321814209223] imu_quat_wxyz=[0.8654932379722595, -0.03357638418674469, 0.004179270938038826, 0.4997766613960266] status=0x8003
joint_pos=[0.0, 0.0, 0.0, 0.0, 0.0, 0.0] joint_vel=[0.0, 0.0, 0.0, 0.0, 0.0, 0.0] imu_ang_vel=[0.016511596739292145, 0.004793689586222172, 0.0074568502604961395] imu_quat_wxyz=[0.8654877543449402, -0.03347472846508026, 0.0042372047901153564, 0.49979260563850403] status=0x8003
joint_pos=[0.0, 0.0, 0.0, 0.0, 0.0, 0.0] joint_vel=[0.0, 0.0, 0.0, 0.0, 0.0, 0.0] imu_ang_vel=[0.016511596739292145, 0.0031957929022610188, 0.005326321814209223] imu_quat_wxyz=[0.8654793500900269, -0.03336390480399132, 0.004299079068005085, 0.49981391429901123] status=0x8003
joint_pos=[0.0, 0.0, 0.0, 0.0, 0.0, 0.0] joint_vel=[0.0, 0.0, 0.0, 0.0, 0.0, 0.0] imu_ang_vel=[0.017044229432940483, 0.0026631606742739677, 0.005326321814209223] imu_quat_wxyz=[0.8654710650444031, -0.03325521945953369, 0.004363300744444132, 0.49983489513397217] status=0x8003
joint_pos=[0.0, 0.0, 0.0, 0.0, 0.0, 0.0] joint_vel=[0.0, 0.0, 0.0, 0.0, 0.0, 0.0] imu_ang_vel=[0.01757686212658882, 0.004793689586222172, 0.0063915858045220375] imu_quat_wxyz=[0.8654641509056091, -0.03314359486103058, 0.004422732628881931, 0.4998537600040436] status=0x8003
joint_pos=[0.0, 0.0, 0.0, 0.0, 0.0, 0.0] joint_vel=[0.0, 0.0, 0.0, 0.0, 0.0, 0.0] imu_ang_vel=[0.01810949295759201, 0.0026631606742739677, 0.0069242180325090885] imu_quat_wxyz=[0.8654630780220032, -0.03362416848540306, 0.004144445993006229, 0.4998261034488678] status=0x8003
joint_pos=[0.0, 0.0, 0.0, 0.0, 0.0, 0.0] joint_vel=[0.0, 0.0, 0.0, 0.0, 0.0, 0.0] imu_ang_vel=[0.015978965908288956, 0.005326321814209223, 0.0063915858045220375] imu_quat_wxyz=[0.8654513359069824, -0.03351443260908127, 0.004204377997666597, 0.4998531639575958] status=0x8003
joint_pos=[0.0, 0.0, 0.0, 0.0, 0.0, 0.0] joint_vel=[0.0, 0.0, 0.0, 0.0, 0.0, 0.0] imu_ang_vel=[0.017044229432940483, 0.004793689586222172, 0.0069242180325090885] imu_quat_wxyz=[0.8654414415359497, -0.033413875848054886, 0.004269895609468222, 0.4998762905597687] status=0x8003
joint_pos=[0.0, 0.0, 0.0, 0.0, 0.0, 0.0] joint_vel=[0.0, 0.0, 0.0, 0.0, 0.0, 0.0] imu_ang_vel=[0.015446333214640617, 0.0031957929022610188, 0.005326321814209223] imu_quat_wxyz=[0.8654345870018005, -0.03330371901392937, 0.004332342650741339, 0.49989521503448486] status=0x8003
joint_pos=[0.0, 0.0, 0.0, 0.0, 0.0, 0.0] joint_vel=[0.0, 0.0, 0.0, 0.0, 0.0, 0.0] imu_ang_vel=[0.017044229432940483, 0.004793689586222172, 0.0074568502604961395] imu_quat_wxyz=[0.8654292225837708, -0.03319820389151573, 0.004390699323266745, 0.49991098046302795] status=0x8003
joint_pos=[0.0, 0.0, 0.0, 0.0, 0.0, 0.0] joint_vel=[0.0, 0.0, 0.0, 0.0, 0.0, 0.0] imu_ang_vel=[0.017044229432940483, 0.004793689586222172, 0.0063915858045220375] imu_quat_wxyz=[0.8652983903884888, -0.033628612756729126, 0.004141700454056263, 0.5001107454299927] status=0x8003
joint_pos=[0.0, 0.0, 0.0, 0.0, 0.0, 0.0] joint_vel=[0.0, 0.0, 0.0, 0.0, 0.0, 0.0] imu_ang_vel=[0.016511596739292145, 0.0037284251302480698, 0.0074568502604961395] imu_quat_wxyz=[0.8652911186218262, -0.0335250049829483, 0.004205753095448017, 0.5001296997070312] status=0x8003
joint_pos=[0.0, 0.0, 0.0, 0.0, 0.0, 0.0] joint_vel=[0.0, 0.0, 0.0, 0.0, 0.0, 0.0] imu_ang_vel=[0.016511596739292145, 0.0015978964511305094, 0.007989482954144478] imu_quat_wxyz=[0.8652852773666382, -0.033417459577322006, 0.00426021171733737, 0.5001466274261475] status=0x8003
joint_pos=[0.0, 0.0, 0.0, 0.0, 0.0, 0.0] joint_vel=[0.0, 0.0, 0.0, 0.0, 0.0, 0.0] imu_ang_vel=[0.016511596739292145, 0.004261057358235121, 0.005858954042196274] imu_quat_wxyz=[0.8652747869491577, -0.033308882266283035, 0.004323479253798723, 0.5001713037490845] status=0x8003
joint_pos=[0.0, 0.0, 0.0, 0.0, 0.0, 0.0] joint_vel=[0.0, 0.0, 0.0, 0.0, 0.0, 0.0] imu_ang_vel=[0.015978965908288956, 0.004793689586222172, 0.0069242180325090885] imu_quat_wxyz=[0.8652653098106384, -0.03320709988474846, 0.004389948211610317, 0.5001940727233887] status=0x8003
joint_pos=[0.0, 0.0, 0.0, 0.0, 0.0, 0.0] joint_vel=[0.0, 0.0, 0.0, 0.0, 0.0, 0.0] imu_ang_vel=[0.015978965908288956, 0.005326321814209223, 0.0074568502604961395] imu_quat_wxyz=[0.8651317954063416, -0.03363203629851341, 0.004142859485000372, 0.5003986954689026] status=0x8003
joint_pos=[0.0, 0.0, 0.0, 0.0, 0.0, 0.0] joint_vel=[0.0, 0.0, 0.0, 0.0, 0.0, 0.0] imu_ang_vel=[0.016511596739292145, 0.0021305286791175604, 0.0063915858045220375] imu_quat_wxyz=[0.8651244640350342, -0.03352508321404457, 0.004204242490231991, 0.5004178881645203] status=0x8003
joint_pos=[0.0, 0.0, 0.0, 0.0, 0.0, 0.0] joint_vel=[0.0, 0.0, 0.0, 0.0, 0.0, 0.0] imu_ang_vel=[0.01810949295759201, 0.0037284251302480698, 0.007989482954144478] imu_quat_wxyz=[0.8651147484779358, -0.0334169827401638, 0.004263369366526604, 0.5004414916038513] status=0x8003
joint_pos=[0.0, 0.0, 0.0, 0.0, 0.0, 0.0] joint_vel=[0.0, 0.0, 0.0, 0.0, 0.0, 0.0] imu_ang_vel=[0.015446333214640617, 0.0037284251302480698, 0.0069242180325090885] imu_quat_wxyz=[0.8651030659675598, -0.03330555185675621, 0.0043301996774971485, 0.5004684925079346] status=0x8003
joint_pos=[0.0, 0.0, 0.0, 0.0, 0.0, 0.0] joint_vel=[0.0, 0.0, 0.0, 0.0, 0.0, 0.0] imu_ang_vel=[0.016511596739292145, 0.0031957929022610188, 0.005858954042196274] imu_quat_wxyz=[0.865095317363739, -0.0332011803984642, 0.004391151946038008, 0.5004882216453552] status=0x8003
joint_pos=[0.0, 0.0, 0.0, 0.0, 0.0, 0.0] joint_vel=[0.0, 0.0, 0.0, 0.0, 0.0, 0.0] imu_ang_vel=[0.016511596739292145, 0.004793689586222172, 0.0069242180325090885] imu_quat_wxyz=[0.864913821220398, -0.03366054967045784, 0.00411409605294466, 0.5007736086845398] status=0x8003
joint_pos=[0.0, 0.0, 0.0, 0.0, 0.0, 0.0] joint_vel=[0.0, 0.0, 0.0, 0.0, 0.0, 0.0] imu_ang_vel=[0.015978965908288956, 0.0021305286791175604, 0.0063915858045220375] imu_quat_wxyz=[0.8649048805236816, -0.033548131585121155, 0.004178543575108051, 0.5007960796356201] status=0x8003
joint_pos=[0.0, 0.0, 0.0, 0.0, 0.0, 0.0] joint_vel=[0.0, 0.0, 0.0, 0.0, 0.0, 0.0] imu_ang_vel=[0.01757686212658882, 0.0021305286791175604, 0.007989482954144478] imu_quat_wxyz=[0.864895224571228, -0.03343496471643448, 0.0042360201478004456, 0.500819742679596] status=0x8003
joint_pos=[0.0, 0.0, 0.0, 0.0, 0.0, 0.0] joint_vel=[0.0, 0.0, 0.0, 0.0, 0.0, 0.0] imu_ang_vel=[0.015446333214640617, 0.0031957929022610188, 0.005326321814209223] imu_quat_wxyz=[0.8648864030838013, -0.03331753611564636, 0.004299783147871494, 0.500842273235321] status=0x8003
joint_pos=[0.0, 0.0, 0.0, 0.0, 0.0, 0.0] joint_vel=[0.0, 0.0, 0.0, 0.0, 0.0, 0.0] imu_ang_vel=[0.015978965908288956, 0.0021305286791175604, 0.005858954042196274] imu_quat_wxyz=[0.8648804426193237, -0.033205546438694, 0.0043594385497272015, 0.5008595585823059] status=0x8003
joint_pos=[0.0, 0.0, 0.0, 0.0, 0.0, 0.0] joint_vel=[0.0, 0.0, 0.0, 0.0, 0.0, 0.0] imu_ang_vel=[0.01757686212658882, 0.0031957929022610188, 0.0074568502604961395] imu_quat_wxyz=[0.8648890256881714, -0.03367026150226593, 0.004082791041582823, 0.5008159279823303] status=0x8003
joint_pos=[0.0, 0.0, 0.0, 0.0, 0.0, 0.0] joint_vel=[0.0, 0.0, 0.0, 0.0, 0.0, 0.0] imu_ang_vel=[0.015446333214640617, 0.0026631606742739677, 0.0063915858045220375] imu_quat_wxyz=[0.8648760318756104, -0.033564243465662, 0.004148904699832201, 0.5008448958396912] status=0x8003
