Log file: /home/cx/robot_deploy/log/2026-07-23_17-36-11.txt
Loaded ONNX policy: /home/cx/mjlab-recovered/logs/rsl_rl/custom_biped_velocity_nolinvel/2026-07-20_17-02-11/2026-07-20_17-02-11.onnx
  input=obs[1,65] output=actions[1,6]
  velocity_command=[0.1, 0.0, 0.0]
  startup=move 4s + hold 1s
Connected to /dev/ttyACM0 at 921600 baud; loop rate 200 Hz.
joint_pos=[0.0, 0.0, 0.0, 0.0, 0.0, 0.0] joint_vel=[0.0, 0.0, 0.0, 0.0, 0.0, 0.0] imu_ang_vel=[0.015978965908288956, 0.0031957929022610188, 0.0069242180325090885] imu_quat_wxyz=[0.4219648838043213, -0.029049593955278397, -0.01623195968568325, 0.9060013294219971] status=0x8603
ONNX startup: moving from measured joint positions to [10.0, -20.0, 10.0, 10.0, -20.0, 10.0] deg over 4 s.
joint_pos=[0.0, 0.0, 0.0, 0.0, 0.0, 0.0] joint_vel=[0.0, 0.0, 0.0, 0.0, 0.0, 0.0] imu_ang_vel=[0.017044229432940483, 0.0026631606742739677, 0.0069242180325090885] imu_quat_wxyz=[0.4219442903995514, -0.02899421937763691, -0.01612337864935398, 0.9060145616531372] status=0x8203
joint_pos=[0.0, 0.0, 0.0, 0.0, 0.0, 0.0] joint_vel=[0.0, 0.0, 0.0, 0.0, 0.0, 0.0] imu_ang_vel=[0.015978965908288956, 0.0026631606742739677, 0.005326321814209223] imu_quat_wxyz=[0.42192429304122925, -0.028941785916686058, -0.016009535640478134, 0.9060275554656982] status=0x8203
joint_pos=[0.0, 0.0, 0.0, 0.0, 0.0, 0.0] joint_vel=[0.0, 0.0, 0.0, 0.0, 0.0, 0.0] imu_ang_vel=[0.017044229432940483, 0.0021305286791175604, 0.0063915858045220375] imu_quat_wxyz=[0.42190274596214294, -0.02888783998787403, -0.015901269391179085, 0.9060412049293518] status=0x8203
joint_pos=[0.0, 0.0, 0.0, 0.0, 0.0, 0.0] joint_vel=[0.0, 0.0, 0.0, 0.0, 0.0, 0.0] imu_ang_vel=[0.016511596739292145, 0.0031957929022610188, 0.0069242180325090885] imu_quat_wxyz=[0.42189425230026245, -0.02885982021689415, -0.01584448106586933, 0.9060470461845398] status=0x8203
joint_pos=[0.0, 0.0, 0.0, 0.0, 0.0, 0.0] joint_vel=[0.0, 0.0, 0.0, 0.0, 0.0, 0.0] imu_ang_vel=[0.015978965908288956, 0.004793689586222172, 0.0074568502604961395] imu_quat_wxyz=[0.4217972755432129, -0.029047060757875443, -0.016231384128332138, 0.9060794115066528] status=0x8203
joint_pos=[0.0, 0.0, 0.0, 0.0, 0.0, 0.0] joint_vel=[0.0, 0.0, 0.0, 0.0, 0.0, 0.0] imu_ang_vel=[0.015446333214640617, 0.0026631606742739677, 0.005858954042196274] imu_quat_wxyz=[0.42177456617355347, -0.028998440131545067, -0.016115469858050346, 0.9060936570167542] status=0x8203
joint_pos=[0.0, 0.0, 0.0, 0.0, 0.0, 0.0] joint_vel=[0.0, 0.0, 0.0, 0.0, 0.0, 0.0] imu_ang_vel=[0.015978965908288956, 0.004261057358235121, 0.0063915858045220375] imu_quat_wxyz=[0.4217560291290283, -0.028945907950401306, -0.016004644334316254, 0.9061059355735779] status=0x8203
joint_pos=[0.0, 0.0, 0.0, 0.0, 0.0, 0.0] joint_vel=[0.0, 0.0, 0.0, 0.0, 0.0, 0.0] imu_ang_vel=[0.014913700520992279, 0.0035508808214217424, 0.007101761642843485] imu_quat_wxyz=[0.42173686623573303, -0.028891194611787796, -0.01589483954012394, 0.9061184525489807] status=0x8203
joint_pos=[0.0, 0.0, 0.0, 0.0, 0.0, 0.0] joint_vel=[0.0, 0.0, 0.0, 0.0, 0.0, 0.0] imu_ang_vel=[0.016511596739292145, 0.0021305286791175604, 0.008522114716470242] imu_quat_wxyz=[0.4217465817928314, -0.029120221734046936, -0.016377663239836693, 0.9060980081558228] status=0x8203
joint_pos=[0.0, 0.0, 0.0, 0.0, 0.0, 0.0] joint_vel=[0.0, 0.0, 0.0, 0.0, 0.0, 0.0] imu_ang_vel=[0.015978965908288956, 0.004261057358235121, 0.005858954042196274] imu_quat_wxyz=[0.4217255413532257, -0.02906506136059761, -0.016261901706457138, 0.9061116576194763] status=0x8203
joint_pos=[0.0, 0.0, 0.0, 0.0, 0.0, 0.0] joint_vel=[0.0, 0.0, 0.0, 0.0, 0.0, 0.0] imu_ang_vel=[0.01757686212658882, 0.0037284251302480698, 0.0063915858045220375] imu_quat_wxyz=[0.42170801758766174, -0.029006944969296455, -0.016152234748005867, 0.9061237573623657] status=0x8203
joint_pos=[0.0, 0.0, 0.0, 0.0, 0.0, 0.0] joint_vel=[0.0, 0.0, 0.0, 0.0, 0.0, 0.0] imu_ang_vel=[0.015978965908288956, 0.0037284251302480698, 0.0074568502604961395] imu_quat_wxyz=[0.42168572545051575, -0.028952080756425858, -0.01604141853749752, 0.9061377644538879] status=0x8203
joint_pos=[0.0, 0.0, 0.0, 0.0, 0.0, 0.0] joint_vel=[0.0, 0.0, 0.0, 0.0, 0.0, 0.0] imu_ang_vel=[0.015978965908288956, 0.0037284251302480698, 0.007989482954144478] imu_quat_wxyz=[0.4216613173484802, -0.028897346928715706, -0.015924375504255295, 0.9061529040336609] status=0x8203
joint_pos=[0.0, 0.0, 0.0, 0.0, 0.0, 0.0] joint_vel=[0.0, 0.0, 0.0, 0.0, 0.0, 0.0] imu_ang_vel=[0.017044229432940483, 0.0031957929022610188, 0.005326321814209223] imu_quat_wxyz=[0.4216800332069397, -0.029114803299307823, -0.01638348214328289, 0.9061291217803955] status=0x8203
joint_pos=[0.0, 0.0, 0.0, 0.0, 0.0, 0.0] joint_vel=[0.0, 0.0, 0.0, 0.0, 0.0, 0.0] imu_ang_vel=[0.017044229432940483, 0.0021305286791175604, 0.0069242180325090885] imu_quat_wxyz=[0.4216656982898712, -0.029059555381536484, -0.016269121319055557, 0.906139612197876] status=0x8203
joint_pos=[0.0, 0.0, 0.0, 0.0, 0.0, 0.0] joint_vel=[0.0, 0.0, 0.0, 0.0, 0.0, 0.0] imu_ang_vel=[0.015978965908288956, 0.0031957929022610188, 0.0063915858045220375] imu_quat_wxyz=[0.4216478168964386, -0.029003825038671494, -0.016151947900652885, 0.9061517715454102] status=0x8203
joint_pos=[0.0, 0.0, 0.0, 0.0, 0.0, 0.0] joint_vel=[0.0, 0.0, 0.0, 0.0, 0.0, 0.0] imu_ang_vel=[0.015446333214640617, 0.0037284251302480698, 0.0069242180325090885] imu_quat_wxyz=[0.4216296672821045, -0.028953127562999725, -0.01604394242167473, 0.90616375207901] status=0x8203
joint_pos=[0.0, 0.0, 0.0, 0.0, 0.0, 0.0] joint_vel=[0.0, 0.0, 0.0, 0.0, 0.0, 0.0] imu_ang_vel=[0.017044229432940483, 0.0021305286791175604, 0.0069242180325090885] imu_quat_wxyz=[0.4216154217720032, -0.028930973261594772, -0.015987731516361237, 0.9061721563339233] status=0x8203
joint_pos=[0.0, 0.0, 0.0, 0.0, 0.0, 0.0] joint_vel=[0.0, 0.0, 0.0, 0.0, 0.0, 0.0] imu_ang_vel=[0.016511596739292145, 0.0021305286791175604, 0.005326321814209223] imu_quat_wxyz=[0.42160072922706604, -0.029104555025696754, -0.016357889398932457, 0.9061667919158936] status=0x8203
joint_pos=[0.0, 0.0, 0.0, 0.0, 0.0, 0.0] joint_vel=[0.0, 0.0, 0.0, 0.0, 0.0, 0.0] imu_ang_vel=[0.015978965908288956, 0.004261057358235121, 0.0063915858045220375] imu_quat_wxyz=[0.42158567905426025, -0.029044579714536667, -0.016242267563939095, 0.9061778783798218] status=0x8203
joint_pos=[0.0, 0.0, 0.0, 0.0, 0.0, 0.0] joint_vel=[0.0, 0.0, 0.0, 0.0, 0.0, 0.0] imu_ang_vel=[0.015978965908288956, 0.0031957929022610188, 0.0069242180325090885] imu_quat_wxyz=[0.42156481742858887, -0.02899450995028019, -0.01612704247236252, 0.9061911106109619] status=0x8203
joint_pos=[0.0, 0.0, 0.0, 0.0, 0.0, 0.0] joint_vel=[0.0, 0.0, 0.0, 0.0, 0.0, 0.0] imu_ang_vel=[0.015978965908288956, 0.0021305286791175604, 0.0069242180325090885] imu_quat_wxyz=[0.42154401540756226, -0.028941866010427475, -0.016018420457839966, 0.9062045216560364] status=0x8203
joint_pos=[0.0, 0.0, 0.0, 0.0, 0.0, 0.0] joint_vel=[0.0, 0.0, 0.0, 0.0, 0.0, 0.0] imu_ang_vel=[0.017044229432940483, 0.0031957929022610188, 0.0063915858045220375] imu_quat_wxyz=[0.4215211868286133, -0.028886159881949425, -0.015904568135738373, 0.9062188863754272] status=0x8203
joint_pos=[0.0, 0.0, 0.0, 0.0, 0.0, 0.0] joint_vel=[0.0, 0.0, 0.0, 0.0, 0.0, 0.0] imu_ang_vel=[0.017044229432940483, 0.0037284251302480698, 0.0063915858045220375] imu_quat_wxyz=[0.4214566648006439, -0.02909255027770996, -0.01634158007800579, 0.9062345027923584] status=0x8203
joint_pos=[0.0, 0.0, 0.0, 0.0, 0.0, 0.0] joint_vel=[0.0, 0.0, 0.0, 0.0, 0.0, 0.0] imu_ang_vel=[0.016511596739292145, 0.0026631606742739677, 0.005858954042196274] imu_quat_wxyz=[0.42143723368644714, -0.02903691492974758, -0.0162211824208498, 0.9062473773956299] status=0x8203
joint_pos=[0.0, 0.0, 0.0, 0.0, 0.0, 0.0] joint_vel=[0.0, 0.0, 0.0, 0.0, 0.0, 0.0] imu_ang_vel=[0.017044229432940483, 0.0026631606742739677, 0.0063915858045220375] imu_quat_wxyz=[0.42142462730407715, -0.028973238542675972, -0.016106639057397842, 0.9062573313713074] status=0x8203
joint_pos=[0.0, 0.0, 0.0, 0.0, 0.0, 0.0] joint_vel=[0.0, 0.0, 0.0, 0.0, 0.0, 0.0] imu_ang_vel=[0.015978965908288956, 0.0037284251302480698, 0.0074568502604961395] imu_quat_wxyz=[0.42140600085258484, -0.028916921466588974, -0.015995364636182785, 0.9062697887420654] status=0x8203
joint_pos=[0.0, 0.0, 0.0, 0.0, 0.0, 0.0] joint_vel=[0.0, 0.0, 0.0, 0.0, 0.0, 0.0] imu_ang_vel=[0.016511596739292145, 0.0031957929022610188, 0.0069242180325090885] imu_quat_wxyz=[0.42137986421585083, -0.028868447989225388, -0.015884699299931526, 0.9062854051589966] status=0x8203
joint_pos=[0.0, 0.0, 0.0, 0.0, 0.0, 0.0] joint_vel=[0.0, 0.0, 0.0, 0.0, 0.0, 0.0] imu_ang_vel=[0.016511596739292145, 0.0026631606742739677, 0.007989482954144478] imu_quat_wxyz=[0.42140454053878784, -0.02906261384487152, -0.016302118077874184, 0.9062604308128357] status=0x8203
joint_pos=[0.0, 0.0, 0.0, 0.0, 0.0, 0.0] joint_vel=[0.0, 0.0, 0.0, 0.0, 0.0, 0.0] imu_ang_vel=[0.016511596739292145, 0.0031957929022610188, 0.005326321814209223] imu_quat_wxyz=[0.42138397693634033, -0.02900475077331066, -0.01618637517094612, 0.9062739610671997] status=0x8203
joint_pos=[0.0, 0.0, 0.0, 0.0, 0.0, 0.0] joint_vel=[0.0, 0.0, 0.0, 0.0, 0.0, 0.0] imu_ang_vel=[0.015978965908288956, 0.0031957929022610188, 0.0063915858045220375] imu_quat_wxyz=[0.4213712215423584, -0.028949055820703506, -0.01608108915388584, 0.9062834978103638] status=0x8203
joint_pos=[0.0, 0.0, 0.0, 0.0, 0.0, 0.0] joint_vel=[0.0, 0.0, 0.0, 0.0, 0.0, 0.0] imu_ang_vel=[0.016511596739292145, 0.0037284251302480698, 0.0063915858045220375] imu_quat_wxyz=[0.4213496148586273, -0.028895527124404907, -0.015966713428497314, 0.9062972664833069] status=0x8203
joint_pos=[0.0, 0.0, 0.0, 0.0, 0.0, 0.0] joint_vel=[0.0, 0.0, 0.0, 0.0, 0.0, 0.0] imu_ang_vel=[0.015978965908288956, 0.0031957929022610188, 0.0074568502604961395] imu_quat_wxyz=[0.4213390052318573, -0.02886994555592537, -0.015909720212221146, 0.9063039422035217] status=0x8203
joint_pos=[0.0, 0.0, 0.0, 0.0, 0.0, 0.0] joint_vel=[0.0, 0.0, 0.0, 0.0, 0.0, 0.0] imu_ang_vel=[0.016511596739292145, 0.0031957929022610188, 0.005326321814209223] imu_quat_wxyz=[0.42131659388542175, -0.028822265565395355, -0.015793627128005028, 0.9063180088996887] status=0x8203
joint_pos=[0.0, 0.0, 0.0, 0.0, 0.0, 0.0] joint_vel=[0.0, 0.0, 0.0, 0.0, 0.0, 0.0] imu_ang_vel=[0.015978964045643806, 0.0024856168311089277, 0.006746673956513405] imu_quat_wxyz=[0.42127418518066406, -0.029019804671406746, -0.016232840716838837, 0.9063236117362976] status=0x8203
joint_pos=[0.0, 0.0, 0.0, 0.0, 0.0, 0.0] joint_vel=[0.0, 0.0, 0.0, 0.0, 0.0, 0.0] imu_ang_vel=[0.016511596739292145, 0.004261057358235121, 0.007989482954144478] imu_quat_wxyz=[0.42124783992767334, -0.0289685670286417, -0.016118768602609634, 0.9063395857810974] status=0x8203
joint_pos=[0.0, 0.0, 0.0, 0.0, 0.0, 0.0] joint_vel=[0.0, 0.0, 0.0, 0.0, 0.0, 0.0] imu_ang_vel=[0.015978965908288956, 0.0037284251302480698, 0.0069242180325090885] imu_quat_wxyz=[0.42122146487236023, -0.028919566422700882, -0.016008563339710236, 0.9063553214073181] status=0x8203
joint_pos=[0.0, 0.0, 0.0, 0.0, 0.0, 0.0] joint_vel=[0.0, 0.0, 0.0, 0.0, 0.0, 0.0] imu_ang_vel=[0.015446333214640617, 0.004793689586222172, 0.0063915858045220375] imu_quat_wxyz=[0.4212038516998291, -0.028875188902020454, -0.015895163640379906, 0.9063669443130493] status=0x8203
joint_pos=[0.0, 0.0, 0.0, 0.0, 0.0, 0.0] joint_vel=[0.0, 0.0, 0.0, 0.0, 0.0, 0.0] imu_ang_vel=[0.015978965908288956, 0.0031957929022610188, 0.0063915858045220375] imu_quat_wxyz=[0.4211149513721466, -0.029102547094225883, -0.016373030841350555, 0.9063923954963684] status=0x8203
joint_pos=[0.0, 0.0, 0.0, 0.0, 0.0, 0.0] joint_vel=[0.0, 0.0, 0.0, 0.0, 0.0, 0.0] imu_ang_vel=[0.01757686212658882, 0.004261057358235121, 0.007989482954144478] imu_quat_wxyz=[0.4210963249206543, -0.02904912456870079, -0.016265811398625374, 0.9064046740531921] status=0x8203
joint_pos=[0.0, 0.0, 0.0, 0.0, 0.0, 0.0] joint_vel=[0.0, 0.0, 0.0, 0.0, 0.0, 0.0] imu_ang_vel=[0.015978965908288956, 0.0031957929022610188, 0.0074568502604961395] imu_quat_wxyz=[0.421068400144577, -0.028996171429753304, -0.016150539740920067, 0.9064215421676636] status=0x8203
joint_pos=[0.0, 0.0, 0.0, 0.0, 0.0, 0.0] joint_vel=[0.0, 0.0, 0.0, 0.0, 0.0, 0.0] imu_ang_vel=[0.016511596739292145, 0.0037284251302480698, 0.005858954042196274] imu_quat_wxyz=[0.4210481643676758, -0.02893957309424877, -0.016037430614233017, 0.9064346551895142] status=0x8203
joint_pos=[0.0, 0.0, 0.0, 0.0, 0.0, 0.0] joint_vel=[0.0, 0.0, 0.0, 0.0, 0.0, 0.0] imu_ang_vel=[0.015978965908288956, 0.004261057358235121, 0.005858954042196274] imu_quat_wxyz=[0.421030193567276, -0.02888375148177147, -0.015927687287330627, 0.9064467549324036] status=0x8203
joint_pos=[0.0, 0.0, 0.0, 0.0, 0.0, 0.0] joint_vel=[0.0, 0.0, 0.0, 0.0, 0.0, 0.0] imu_ang_vel=[0.015978965908288956, 0.004261057358235121, 0.0063915858045220375] imu_quat_wxyz=[0.421021044254303, -0.028860414400696754, -0.01587190106511116, 0.9064526557922363] status=0x8203
joint_pos=[0.0, 0.0, 0.0, 0.0, 0.0, 0.0] joint_vel=[0.0, 0.0, 0.0, 0.0, 0.0, 0.0] imu_ang_vel=[0.016511596739292145, 0.0037284251302480698, 0.0069242180325090885] imu_quat_wxyz=[0.4209882915019989, -0.02905319258570671, -0.016277611255645752, 0.9064545631408691] status=0x8203
joint_pos=[0.0, 0.0, 0.0, 0.0, 0.0, 0.0] joint_vel=[0.0, 0.0, 0.0, 0.0, 0.0, 0.0] imu_ang_vel=[0.015978965908288956, 0.004261057358235121, 0.0074568502604961395] imu_quat_wxyz=[0.42096593976020813, -0.028998594731092453, -0.016164960339665413, 0.9064686894416809] status=0x8203
joint_pos=[0.0, 0.0, 0.0, 0.0, 0.0, 0.0] joint_vel=[0.0, 0.0, 0.0, 0.0, 0.0, 0.0] imu_ang_vel=[0.016511596739292145, 0.004261057358235121, 0.005326321814209223] imu_quat_wxyz=[0.4209458827972412, -0.02894449606537819, -0.016051895916461945, 0.9064817428588867] status=0x8203
joint_pos=[0.0, 0.0, 0.0, 0.0, 0.0, 0.0] joint_vel=[0.0, 0.0, 0.0, 0.0, 0.0, 0.0] imu_ang_vel=[0.016511596739292145, 0.004261057358235121, 0.0063915858045220375] imu_quat_wxyz=[0.4209274351596832, -0.02889283001422882, -0.015940647572278976, 0.9064939618110657] status=0x8203
joint_pos=[0.0, 0.0, 0.0, 0.0, 0.0, 0.0] joint_vel=[0.0, 0.0, 0.0, 0.0, 0.0, 0.0] imu_ang_vel=[0.01810949295759201, 0.0037284251302480698, 0.005858954042196274] imu_quat_wxyz=[0.42097562551498413, -0.029106052592396736, -0.016396135091781616, 0.9064566493034363] status=0x8203
joint_pos=[0.0, 0.0, 0.0, 0.0, 0.0, 0.0] joint_vel=[0.0, 0.0, 0.0, 0.0, 0.0, 0.0] imu_ang_vel=[0.017044229432940483, 0.0031957929022610188, 0.0074568502604961395] imu_quat_wxyz=[0.4209541082382202, -0.029046814888715744, -0.016282489523291588, 0.9064705967903137] status=0x8203
joint_pos=[0.0, 0.0, 0.0, 0.0, 0.0, 0.0] joint_vel=[0.0, 0.0, 0.0, 0.0, 0.0, 0.0] imu_ang_vel=[0.017044229432940483, 0.004261057358235121, 0.005858954042196274] imu_quat_wxyz=[0.42093077301979065, -0.028991445899009705, -0.016174860298633575, 0.9064850807189941] status=0x8203
joint_pos=[0.0, 0.0, 0.0, 0.0, 0.0, 0.0] joint_vel=[0.0, 0.0, 0.0, 0.0, 0.0, 0.0] imu_ang_vel=[0.014913700520992279, 0.004793689586222172, 0.005326321814209223] imu_quat_wxyz=[0.42091384530067444, -0.028937239199876785, -0.016062377020716667, 0.9064966440200806] status=0x8203
joint_pos=[0.0, 0.0, 0.0, 0.0, 0.0, 0.0] joint_vel=[0.0, 0.0, 0.0, 0.0, 0.0, 0.0] imu_ang_vel=[0.015978965908288956, 0.0026631606742739677, 0.005858954042196274] imu_quat_wxyz=[0.4208969175815582, -0.028883909806609154, -0.015952227637171745, 0.906508207321167] status=0x8203
joint_pos=[0.0, 0.0, 0.0, 0.0, 0.0, 0.0] joint_vel=[0.0, 0.0, 0.0, 0.0, 0.0, 0.0] imu_ang_vel=[0.016511596739292145, 0.0031957929022610188, 0.0069242180325090885] imu_quat_wxyz=[0.42088425159454346, -0.029104875400662422, -0.016409754753112793, 0.9064988493919373] status=0x8203
joint_pos=[0.0, 0.0, 0.0, 0.0, 0.0, 0.0] joint_vel=[0.0, 0.0, 0.0, 0.0, 0.0, 0.0] imu_ang_vel=[0.015978965908288956, 0.0037284251302480698, 0.0069242180325090885] imu_quat_wxyz=[0.4208732843399048, -0.029078029096126556, -0.01635308749973774, 0.906505823135376] status=0x8203
joint_pos=[0.0, 0.0, 0.0, 0.0, 0.0, 0.0] joint_vel=[0.0, 0.0, 0.0, 0.0, 0.0, 0.0] imu_ang_vel=[0.015978965908288956, 0.0037284251302480698, 0.0069242180325090885] imu_quat_wxyz=[0.4208427965641022, -0.028998976573348045, -0.016182739287614822, 0.9065255522727966] status=0x8203
joint_pos=[0.0, 0.0, 0.0, 0.0, 0.0, 0.0] joint_vel=[0.0, 0.0, 0.0, 0.0, 0.0, 0.0] imu_ang_vel=[0.015978965908288956, 0.005326321814209223, 0.0063915858045220375] imu_quat_wxyz=[0.4208243489265442, -0.02894308976829052, -0.01606491021811962, 0.9065380096435547] status=0x8203
joint_pos=[0.0, 0.0, 0.0, 0.0, 0.0, 0.0] joint_vel=[0.0, 0.0, 0.0, 0.0, 0.0, 0.0] imu_ang_vel=[0.014913700520992279, 0.0035508808214217424, 0.005326321814209223] imu_quat_wxyz=[0.4208032190799713, -0.02888980694115162, -0.015953605994582176, 0.9065514802932739] status=0x8203
joint_pos=[0.0, 0.0, 0.0, 0.0, 0.0, 0.0] joint_vel=[0.0, 0.0, 0.0, 0.0, 0.0, 0.0] imu_ang_vel=[0.017044229432940483, 0.0031957929022610188, 0.0069242180325090885] imu_quat_wxyz=[0.4208802580833435, -0.029109857976436615, -0.016414225101470947, 0.906500518321991] status=0x8203
joint_pos=[0.0, 0.0, 0.0, 0.0, 0.0, 0.0] joint_vel=[0.0, 0.0, 0.0, 0.0, 0.0, 0.0] imu_ang_vel=[0.015978965908288956, 0.0026631606742739677, 0.0069242180325090885] imu_quat_wxyz=[0.42085859179496765, -0.029057702049613, -0.016300959512591362, 0.9065142273902893] status=0x8203
joint_pos=[0.0, 0.0, 0.0, 0.0, 0.0, 0.0] joint_vel=[0.0, 0.0, 0.0, 0.0, 0.0, 0.0] imu_ang_vel=[0.015978965908288956, 0.0037284251302480698, 0.007989482954144478] imu_quat_wxyz=[0.42083922028541565, -0.029004134237766266, -0.016194282099604607, 0.9065268635749817] status=0x8203
joint_pos=[0.0, 0.0, 0.0, 0.0, 0.0, 0.0] joint_vel=[0.0, 0.0, 0.0, 0.0, 0.0, 0.0] imu_ang_vel=[0.017044229432940483, 0.004793689586222172, 0.005858954042196274] imu_quat_wxyz=[0.4208146631717682, -0.028951222077012062, -0.01607663370668888, 0.9065420627593994] status=0x8203
joint_pos=[0.0, 0.0, 0.0, 0.0, 0.0, 0.0] joint_vel=[0.0, 0.0, 0.0, 0.0, 0.0, 0.0] imu_ang_vel=[0.016511596739292145, 0.0037284251302480698, 0.0074568502604961395] imu_quat_wxyz=[0.4208000600337982, -0.02890026941895485, -0.01596224494278431, 0.9065524935722351] status=0x8203
joint_pos=[0.0, 0.0, 0.0, 0.0, 0.0, 0.0] joint_vel=[0.0, 0.0, 0.0, 0.0, 0.0, 0.0] imu_ang_vel=[0.017044229432940483, 0.0037284251302480698, 0.0074568502604961395] imu_quat_wxyz=[0.4208334684371948, -0.029151495546102524, -0.016483161598443985, 0.9065195918083191] status=0x8203
joint_pos=[0.0, 0.0, 0.0, 0.0, 0.0, 0.0] joint_vel=[0.0, 0.0, 0.0, 0.0, 0.0, 0.0] imu_ang_vel=[0.015446333214640617, 0.0031957929022610188, 0.005326321814209223] imu_quat_wxyz=[0.4208233654499054, -0.029122915118932724, -0.016428548842668533, 0.9065261483192444] status=0x8203
joint_pos=[0.0, 0.0, 0.0, 0.0, 0.0, 0.0] joint_vel=[0.0, 0.0, 0.0, 0.0, 0.0, 0.0] imu_ang_vel=[0.015978965908288956, 0.0031957929022610188, 0.0063915858045220375] imu_quat_wxyz=[0.420806884765625, -0.029071176424622536, -0.016321318224072456, 0.9065374732017517] status=0x8203
joint_pos=[0.0, 0.0, 0.0, 0.0, 0.0, 0.0] joint_vel=[0.0, 0.0, 0.0, 0.0, 0.0, 0.0] imu_ang_vel=[0.015978965908288956, 0.0037284251302480698, 0.005858954042196274] imu_quat_wxyz=[0.42077261209487915, -0.02898877114057541, -0.01614704728126526, 0.9065591096878052] status=0x8203
joint_pos=[0.0, 0.0, 0.0, 0.0, 0.0, 0.0] joint_vel=[0.0, 0.0, 0.0, 0.0, 0.0, 0.0] imu_ang_vel=[0.015978965908288956, 0.004261057358235121, 0.0069242180325090885] imu_quat_wxyz=[0.42075198888778687, -0.028930243104696274, -0.016033314168453217, 0.9065725207328796] status=0x8203
joint_pos=[0.0, 0.0, 0.0, 0.0, 0.0, 0.0] joint_vel=[0.0, 0.0, 0.0, 0.0, 0.0, 0.0] imu_ang_vel=[0.016511596739292145, 0.0026631606742739677, 0.0069242180325090885] imu_quat_wxyz=[0.4208342134952545, -0.029144112020730972, -0.01648816652595997, 0.90651935338974] status=0x8203
joint_pos=[0.0, 0.0, 0.0, 0.0, 0.0, 0.0] joint_vel=[0.0, 0.0, 0.0, 0.0, 0.0, 0.0] imu_ang_vel=[0.01810949295759201, 0.0037284251302480698, 0.005326321814209223] imu_quat_wxyz=[0.42081722617149353, -0.029086438938975334, -0.01637755148112774, 0.906531035900116] status=0x8203
joint_pos=[0.0, 0.0, 0.0, 0.0, 0.0, 0.0] joint_vel=[0.0, 0.0, 0.0, 0.0, 0.0, 0.0] imu_ang_vel=[0.016511596739292145, 0.0026631606742739677, 0.0063915858045220375] imu_quat_wxyz=[0.4208013713359833, -0.02903101034462452, -0.01626177318394184, 0.9065424203872681] status=0x8203
joint_pos=[0.0, 0.0, 0.0, 0.0, 0.0, 0.0] joint_vel=[0.0, 0.0, 0.0, 0.0, 0.0, 0.0] imu_ang_vel=[0.015446333214640617, 0.0037284251302480698, 0.0063915858045220375] imu_quat_wxyz=[0.42078110575675964, -0.028974812477827072, -0.016149915754795074, 0.9065555334091187] status=0x8203
joint_pos=[0.0, 0.0, 0.0, 0.0, 0.0, 0.0] joint_vel=[0.0, 0.0, 0.0, 0.0, 0.0, 0.0] imu_ang_vel=[0.017044229432940483, 0.0021305286791175604, 0.0063915858045220375] imu_quat_wxyz=[0.4207714796066284, -0.028945891186594963, -0.016093537211418152, 0.9065619707107544] status=0x8203
joint_pos=[0.0, 0.0, 0.0, 0.0, 0.0, 0.0] joint_vel=[0.0, 0.0, 0.0, 0.0, 0.0, 0.0] imu_ang_vel=[0.01864212565124035, 0.0026631606742739677, 0.0063915858045220375] imu_quat_wxyz=[0.4207921028137207, -0.029121529310941696, -0.016498051583766937, 0.9065394401550293] status=0x8203
joint_pos=[0.0, 0.0, 0.0, 0.0, 0.0, 0.0] joint_vel=[0.0, 0.0, 0.0, 0.0, 0.0, 0.0] imu_ang_vel=[0.016511596739292145, 0.0037284251302480698, 0.0069242180325090885] imu_quat_wxyz=[0.42076611518859863, -0.02906242199242115, -0.01637735590338707, 0.9065556526184082] status=0x8203
joint_pos=[0.0, 0.0, 0.0, 0.0, 0.0, 0.0] joint_vel=[0.0, 0.0, 0.0, 0.0, 0.0, 0.0] imu_ang_vel=[0.014913700520992279, 0.0037284251302480698, 0.0069242180325090885] imu_quat_wxyz=[0.4207429885864258, -0.02900099940598011, -0.016266630962491035, 0.9065703749656677] status=0x8203
joint_pos=[0.0, 0.0, 0.0, 0.0, 0.0, 0.0] joint_vel=[0.0, 0.0, 0.0, 0.0, 0.0, 0.0] imu_ang_vel=[0.016511596739292145, 0.004793689586222172, 0.0069242180325090885] imu_quat_wxyz=[0.42072463035583496, -0.028946828097105026, -0.016155095770955086, 0.9065825343132019] status=0x8203
joint_pos=[0.0, 0.0, 0.0, 0.0, 0.0, 0.0] joint_vel=[0.0, 0.0, 0.0, 0.0, 0.0, 0.0] imu_ang_vel=[0.015978965908288956, 0.004261057358235121, 0.005858954042196274] imu_quat_wxyz=[0.42070040106773376, -0.028895337134599686, -0.016037775203585625, 0.9065975546836853] status=0x8203
joint_pos=[0.0, 0.0, 0.0, 0.0, 0.0, 0.0] joint_vel=[0.0, 0.0, 0.0, 0.0, 0.0, 0.0] imu_ang_vel=[0.014913700520992279, 0.0031957929022610188, 0.004793689586222172] imu_quat_wxyz=[0.42059338092803955, -0.02911277674138546, -0.01649925298988819, 0.9066319465637207] status=0x8203
joint_pos=[0.0, 0.0, 0.0, 0.0, 0.0, 0.0] joint_vel=[0.0, 0.0, 0.0, 0.0, 0.0, 0.0] imu_ang_vel=[0.016511596739292145, 0.004793689586222172, 0.0063915858045220375] imu_quat_wxyz=[0.4205731153488159, -0.029059160500764847, -0.016388144344091415, 0.9066450595855713] status=0x8203
