Log file: /home/cx/robot_deploy/log/2026-07-23_17-26-27.txt
Loaded ONNX policy: /home/cx/mjlab-recovered/logs/rsl_rl/custom_biped_velocity_nolinvel/2026-07-20_17-02-11/2026-07-20_17-02-11.onnx
  input=obs[1,65] output=actions[1,6]
  velocity_command=[0.1, 0.0, 0.0]
  startup=move 4s + hold 1s
Connected to /dev/ttyACM0 at 921600 baud; loop rate 200 Hz.
joint_pos=[0.0, 0.0, 0.0, 0.0, 0.0, 0.0] joint_vel=[0.0, 0.0, 0.0, 0.0, 0.0, 0.0] imu_ang_vel=[0.015978965908288956, 0.0037284251302480698, 0.0074568502604961395] imu_quat_wxyz=[0.8592634201049805, -0.03346683084964752, 0.003811317728832364, 0.5104231238365173] status=0x8403
ONNX startup: moving from measured joint positions to [10.0, -20.0, 10.0, 10.0, -20.0, 10.0] deg over 4 s.
joint_pos=[0.0, 0.0, 0.0, 0.0, 0.0, 0.0] joint_vel=[0.0, 0.0, 0.0, 0.0, 0.0, 0.0] imu_ang_vel=[0.015978965908288956, 0.004793689586222172, 0.007989482954144478] imu_quat_wxyz=[0.85930997133255, -0.03391875699162483, 0.003543724538758397, 0.5103169083595276] status=0x8003
joint_pos=[0.0, 0.0, 0.0, 0.0, 0.0, 0.0] joint_vel=[0.0, 0.0, 0.0, 0.0, 0.0, 0.0] imu_ang_vel=[0.016511596739292145, 0.0031957929022610188, 0.0069242180325090885] imu_quat_wxyz=[0.8592966794967651, -0.03381705656647682, 0.0036130701191723347, 0.5103455185890198] status=0x8003
joint_pos=[0.0, 0.0, 0.0, 0.0, 0.0, 0.0] joint_vel=[0.0, 0.0, 0.0, 0.0, 0.0, 0.0] imu_ang_vel=[0.014913700520992279, 0.0021305286791175604, 0.005858954042196274] imu_quat_wxyz=[0.8592925071716309, -0.033761922270059586, 0.0036460096016526222, 0.5103559494018555] status=0x8003
joint_pos=[0.0, 0.0, 0.0, 0.0, 0.0, 0.0] joint_vel=[0.0, 0.0, 0.0, 0.0, 0.0, 0.0] imu_ang_vel=[0.016511596739292145, 0.0031957929022610188, 0.0069242180325090885] imu_quat_wxyz=[0.8592830896377563, -0.03360404074192047, 0.0037298330571502447, 0.5103816986083984] status=0x8003
joint_pos=[0.0, 0.0, 0.0, 0.0, 0.0, 0.0] joint_vel=[0.0, 0.0, 0.0, 0.0, 0.0, 0.0] imu_ang_vel=[0.015623877756297588, 0.0031957931350916624, 0.007811938878148794] imu_quat_wxyz=[0.859270453453064, -0.03349773585796356, 0.0037943897768855095, 0.5104092955589294] status=0x8003
joint_pos=[0.0, 0.0, 0.0, 0.0, 0.0, 0.0] joint_vel=[0.0, 0.0, 0.0, 0.0, 0.0, 0.0] imu_ang_vel=[0.015978965908288956, 0.0021305286791175604, 0.0074568502604961395] imu_quat_wxyz=[0.8591945171356201, -0.03389411419630051, 0.003562481375411153, 0.5105127692222595] status=0x8003
joint_pos=[0.0, 0.0, 0.0, 0.0, 0.0, 0.0] joint_vel=[0.0, 0.0, 0.0, 0.0, 0.0, 0.0] imu_ang_vel=[0.016511596739292145, 0.0015978964511305094, 0.0063915858045220375] imu_quat_wxyz=[0.859184980392456, -0.0337875597178936, 0.0036156366113573313, 0.5105355381965637] status=0x8003
joint_pos=[0.0, 0.0, 0.0, 0.0, 0.0, 0.0] joint_vel=[0.0, 0.0, 0.0, 0.0, 0.0, 0.0] imu_ang_vel=[0.017044229432940483, 0.0026631606742739677, 0.0074568502604961395] imu_quat_wxyz=[0.8591760396957397, -0.03367746248841286, 0.003673981176689267, 0.5105574727058411] status=0x8003
joint_pos=[0.0, 0.0, 0.0, 0.0, 0.0, 0.0] joint_vel=[0.0, 0.0, 0.0, 0.0, 0.0, 0.0] imu_ang_vel=[0.015978965908288956, 0.0031957929022610188, 0.0063915858045220375] imu_quat_wxyz=[0.8591673374176025, -0.033567752689123154, 0.0037434417754411697, 0.5105788111686707] status=0x8003
joint_pos=[0.0, 0.0, 0.0, 0.0, 0.0, 0.0] joint_vel=[0.0, 0.0, 0.0, 0.0, 0.0, 0.0] imu_ang_vel=[0.016511596739292145, 0.0031957929022610188, 0.0063915858045220375] imu_quat_wxyz=[0.8591599464416504, -0.033461641520261765, 0.003805769607424736, 0.5105977654457092] status=0x8003
joint_pos=[0.0, 0.0, 0.0, 0.0, 0.0, 0.0] joint_vel=[0.0, 0.0, 0.0, 0.0, 0.0, 0.0] imu_ang_vel=[0.017044229432940483, 0.0037284251302480698, 0.005858954042196274] imu_quat_wxyz=[0.8590965270996094, -0.0339076891541481, 0.003538030432537198, 0.5106769800186157] status=0x8003
joint_pos=[0.0, 0.0, 0.0, 0.0, 0.0, 0.0] joint_vel=[0.0, 0.0, 0.0, 0.0, 0.0, 0.0] imu_ang_vel=[0.016511596739292145, 0.0026631606742739677, 0.0069242180325090885] imu_quat_wxyz=[0.859086811542511, -0.03380066528916359, 0.0036046700552105904, 0.5106998682022095] status=0x8003
joint_pos=[0.0, 0.0, 0.0, 0.0, 0.0, 0.0] joint_vel=[0.0, 0.0, 0.0, 0.0, 0.0, 0.0] imu_ang_vel=[0.01757686212658882, 0.0037284251302480698, 0.0069242180325090885] imu_quat_wxyz=[0.8590772151947021, -0.033689528703689575, 0.003672228194773197, 0.5107230544090271] status=0x8003
joint_pos=[0.0, 0.0, 0.0, 0.0, 0.0, 0.0] joint_vel=[0.0, 0.0, 0.0, 0.0, 0.0, 0.0] imu_ang_vel=[0.016511596739292145, 0.0031957929022610188, 0.005858954042196274] imu_quat_wxyz=[0.8590701818466187, -0.03358015790581703, 0.003735992358997464, 0.5107415914535522] status=0x8003
joint_pos=[0.0, 0.0, 0.0, 0.0, 0.0, 0.0] joint_vel=[0.0, 0.0, 0.0, 0.0, 0.0, 0.0] imu_ang_vel=[0.014913700520992279, 0.004261057358235121, 0.0069242180325090885] imu_quat_wxyz=[0.8590604066848755, -0.03347183018922806, 0.0037987648975104094, 0.5107645988464355] status=0x8003
joint_pos=[0.0, 0.0, 0.0, 0.0, 0.0, 0.0] joint_vel=[0.0, 0.0, 0.0, 0.0, 0.0, 0.0] imu_ang_vel=[0.01757686212658882, 0.0037284251302480698, 0.0063915858045220375] imu_quat_wxyz=[0.8590243458747864, -0.03389941155910492, 0.0035535155329853296, 0.5107988119125366] status=0x8003
joint_pos=[0.0, 0.0, 0.0, 0.0, 0.0, 0.0] joint_vel=[0.0, 0.0, 0.0, 0.0, 0.0, 0.0] imu_ang_vel=[0.016511596739292145, 0.004793689586222172, 0.0063915858045220375] imu_quat_wxyz=[0.8590137958526611, -0.03379030153155327, 0.0036201858893036842, 0.5108233094215393] status=0x8003
joint_pos=[0.0, 0.0, 0.0, 0.0, 0.0, 0.0] joint_vel=[0.0, 0.0, 0.0, 0.0, 0.0, 0.0] imu_ang_vel=[0.015978965908288956, 0.0037284251302480698, 0.005326321814209223] imu_quat_wxyz=[0.8590059876441956, -0.0336858332157135, 0.0036818617954850197, 0.5108429789543152] status=0x8003
joint_pos=[0.0, 0.0, 0.0, 0.0, 0.0, 0.0] joint_vel=[0.0, 0.0, 0.0, 0.0, 0.0, 0.0] imu_ang_vel=[0.016511596739292145, 0.0031957929022610188, 0.0069242180325090885] imu_quat_wxyz=[0.8590002655982971, -0.03357651084661484, 0.003743450390174985, 0.5108593106269836] status=0x8003
joint_pos=[0.0, 0.0, 0.0, 0.0, 0.0, 0.0] joint_vel=[0.0, 0.0, 0.0, 0.0, 0.0, 0.0] imu_ang_vel=[0.017044229432940483, 0.0037284251302480698, 0.0063915858045220375] imu_quat_wxyz=[0.8589884042739868, -0.033469684422016144, 0.0038070513401180506, 0.5108857750892639] status=0x8003
joint_pos=[0.0, 0.0, 0.0, 0.0, 0.0, 0.0] joint_vel=[0.0, 0.0, 0.0, 0.0, 0.0, 0.0] imu_ang_vel=[0.016511596739292145, 0.004261057358235121, 0.0063915858045220375] imu_quat_wxyz=[0.8590085506439209, -0.03388078138232231, 0.0035688967909663916, 0.5108265280723572] status=0x8003
joint_pos=[0.0, 0.0, 0.0, 0.0, 0.0, 0.0] joint_vel=[0.0, 0.0, 0.0, 0.0, 0.0, 0.0] imu_ang_vel=[0.015446333214640617, 0.0031957929022610188, 0.0069242180325090885] imu_quat_wxyz=[0.8590021729469299, -0.03377492353320122, 0.003637256333604455, 0.5108437538146973] status=0x8003
joint_pos=[0.0, 0.0, 0.0, 0.0, 0.0, 0.0] joint_vel=[0.0, 0.0, 0.0, 0.0, 0.0, 0.0] imu_ang_vel=[0.015978965908288956, 0.0037284251302480698, 0.005858954042196274] imu_quat_wxyz=[0.8589974045753479, -0.03366733342409134, 0.003702156711369753, 0.5108584761619568] status=0x8003
joint_pos=[0.0, 0.0, 0.0, 0.0, 0.0, 0.0] joint_vel=[0.0, 0.0, 0.0, 0.0, 0.0, 0.0] imu_ang_vel=[0.016511596739292145, 0.004261057358235121, 0.0063915858045220375] imu_quat_wxyz=[0.858989953994751, -0.033565372228622437, 0.0037684987764805555, 0.5108771324157715] status=0x8003
joint_pos=[0.0, 0.0, 0.0, 0.0, 0.0, 0.0] joint_vel=[0.0, 0.0, 0.0, 0.0, 0.0, 0.0] imu_ang_vel=[0.017044229432940483, 0.0026631606742739677, 0.0069242180325090885] imu_quat_wxyz=[0.8589841723442078, -0.03351082280278206, 0.0038025151006877422, 0.5108901858329773] status=0x8003
joint_pos=[0.0, 0.0, 0.0, 0.0, 0.0, 0.0] joint_vel=[0.0, 0.0, 0.0, 0.0, 0.0, 0.0] imu_ang_vel=[0.016511596739292145, 0.0031957929022610188, 0.005858954042196274] imu_quat_wxyz=[0.8589600920677185, -0.033887024968862534, 0.0035832137800753117, 0.5109074115753174] status=0x8003
joint_pos=[0.0, 0.0, 0.0, 0.0, 0.0, 0.0] joint_vel=[0.0, 0.0, 0.0, 0.0, 0.0, 0.0] imu_ang_vel=[0.017044229432940483, 0.0031957929022610188, 0.0069242180325090885] imu_quat_wxyz=[0.8589535355567932, -0.033778514713048935, 0.003646217053756118, 0.5109252333641052] status=0x8003
joint_pos=[0.0, 0.0, 0.0, 0.0, 0.0, 0.0] joint_vel=[0.0, 0.0, 0.0, 0.0, 0.0, 0.0] imu_ang_vel=[0.016511596739292145, 0.0037284251302480698, 0.005858954042196274] imu_quat_wxyz=[0.858945369720459, -0.03366991877555847, 0.003711425233632326, 0.510945737361908] status=0x8003
joint_pos=[0.0, 0.0, 0.0, 0.0, 0.0, 0.0] joint_vel=[0.0, 0.0, 0.0, 0.0, 0.0, 0.0] imu_ang_vel=[0.015978965908288956, 0.0031957929022610188, 0.0063915858045220375] imu_quat_wxyz=[0.8589399456977844, -0.03355618938803673, 0.003775140969082713, 0.5109617114067078] status=0x8003
joint_pos=[0.0, 0.0, 0.0, 0.0, 0.0, 0.0] joint_vel=[0.0, 0.0, 0.0, 0.0, 0.0, 0.0] imu_ang_vel=[0.01757686212658882, 0.0031957929022610188, 0.005858954042196274] imu_quat_wxyz=[0.8589316606521606, -0.03345020115375519, 0.003835186827927828, 0.5109822154045105] status=0x8003
joint_pos=[0.0, 0.0, 0.0, 0.0, 0.0, 0.0] joint_vel=[0.0, 0.0, 0.0, 0.0, 0.0, 0.0] imu_ang_vel=[0.016511596739292145, 0.004261057358235121, 0.0063915858045220375] imu_quat_wxyz=[0.8589243292808533, -0.033905696123838425, 0.0035646248143166304, 0.5109664797782898] status=0x8003
joint_pos=[0.0, 0.0, 0.0, 0.0, 0.0, 0.0] joint_vel=[0.0, 0.0, 0.0, 0.0, 0.0, 0.0] imu_ang_vel=[0.015978965908288956, 0.005326321814209223, 0.0074568502604961395] imu_quat_wxyz=[0.858913779258728, -0.03379921242594719, 0.0036344281397759914, 0.5109909176826477] status=0x8003
joint_pos=[0.0, 0.0, 0.0, 0.0, 0.0, 0.0] joint_vel=[0.0, 0.0, 0.0, 0.0, 0.0, 0.0] imu_ang_vel=[0.01438106782734394, 0.0021305286791175604, 0.0063915858045220375] imu_quat_wxyz=[0.8589060306549072, -0.03369361534714699, 0.0037037732545286417, 0.5110103487968445] status=0x8003
joint_pos=[0.0, 0.0, 0.0, 0.0, 0.0, 0.0] joint_vel=[0.0, 0.0, 0.0, 0.0, 0.0, 0.0] imu_ang_vel=[0.015446333214640617, 0.0021305286791175604, 0.0063915858045220375] imu_quat_wxyz=[0.8589004874229431, -0.03358808904886246, 0.0037613133899867535, 0.5110262036323547] status=0x8003
joint_pos=[0.0, 0.0, 0.0, 0.0, 0.0, 0.0] joint_vel=[0.0, 0.0, 0.0, 0.0, 0.0, 0.0] imu_ang_vel=[0.01757686212658882, 0.0031957929022610188, 0.0074568502604961395] imu_quat_wxyz=[0.8588883280754089, -0.033480774611234665, 0.0038211094215512276, 0.5110530257225037] status=0x8003
joint_pos=[0.0, 0.0, 0.0, 0.0, 0.0, 0.0] joint_vel=[0.0, 0.0, 0.0, 0.0, 0.0, 0.0] imu_ang_vel=[0.014913700520992279, 0.0031957929022610188, 0.005858954042196274] imu_quat_wxyz=[0.8588740229606628, -0.03398238867521286, 0.0035251639783382416, 0.5110462307929993] status=0x8003
joint_pos=[0.0, 0.0, 0.0, 0.0, 0.0, 0.0] joint_vel=[0.0, 0.0, 0.0, 0.0, 0.0, 0.0] imu_ang_vel=[0.017044229432940483, 0.0015978964511305094, 0.0063915858045220375] imu_quat_wxyz=[0.8588634729385376, -0.03382505103945732, 0.003619993571192026, 0.5110737681388855] status=0x8003
joint_pos=[0.0, 0.0, 0.0, 0.0, 0.0, 0.0] joint_vel=[0.0, 0.0, 0.0, 0.0, 0.0, 0.0] imu_ang_vel=[0.015446333214640617, 0.004261057358235121, 0.007989482954144478] imu_quat_wxyz=[0.8588578701019287, -0.0337105356156826, 0.003678019857034087, 0.5110901594161987] status=0x8003
joint_pos=[0.0, 0.0, 0.0, 0.0, 0.0, 0.0] joint_vel=[0.0, 0.0, 0.0, 0.0, 0.0, 0.0] imu_ang_vel=[0.015446333214640617, 0.0037284251302480698, 0.0074568502604961395] imu_quat_wxyz=[0.8588460087776184, -0.033603619784116745, 0.003743256675079465, 0.5111168026924133] status=0x8003
joint_pos=[0.0, 0.0, 0.0, 0.0, 0.0, 0.0] joint_vel=[0.0, 0.0, 0.0, 0.0, 0.0, 0.0] imu_ang_vel=[0.01757686212658882, 0.0031957929022610188, 0.0063915858045220375] imu_quat_wxyz=[0.8588353991508484, -0.03350062295794487, 0.003805028274655342, 0.5111408233642578] status=0x8003
joint_pos=[0.0, 0.0, 0.0, 0.0, 0.0, 0.0] joint_vel=[0.0, 0.0, 0.0, 0.0, 0.0, 0.0] imu_ang_vel=[0.017044229432940483, 0.0026631606742739677, 0.0063915858045220375] imu_quat_wxyz=[0.858791172504425, -0.03397916257381439, 0.0035201788414269686, 0.5111856460571289] status=0x8003
joint_pos=[0.0, 0.0, 0.0, 0.0, 0.0, 0.0] joint_vel=[0.0, 0.0, 0.0, 0.0, 0.0, 0.0] imu_ang_vel=[0.014913700520992279, 0.0037284251302480698, 0.0074568502604961395] imu_quat_wxyz=[0.8587822914123535, -0.03386475518345833, 0.003579923650249839, 0.5112077593803406] status=0x8003
joint_pos=[0.0, 0.0, 0.0, 0.0, 0.0, 0.0] joint_vel=[0.0, 0.0, 0.0, 0.0, 0.0, 0.0] imu_ang_vel=[0.014913700520992279, 0.004261057358235121, 0.0063915858045220375] imu_quat_wxyz=[0.8587709069252014, -0.0337660126388073, 0.0036428370513021946, 0.5112329125404358] status=0x8003
joint_pos=[0.0, 0.0, 0.0, 0.0, 0.0, 0.0] joint_vel=[0.0, 0.0, 0.0, 0.0, 0.0, 0.0] imu_ang_vel=[0.015978965908288956, 0.0037284251302480698, 0.004793689586222172] imu_quat_wxyz=[0.8587613105773926, -0.03365961089730263, 0.0037053225096315145, 0.5112557411193848] status=0x8003
joint_pos=[0.0, 0.0, 0.0, 0.0, 0.0, 0.0] joint_vel=[0.0, 0.0, 0.0, 0.0, 0.0, 0.0] imu_ang_vel=[0.015978965908288956, 0.0037284251302480698, 0.0063915858045220375] imu_quat_wxyz=[0.8587561845779419, -0.033548738807439804, 0.0037642610259354115, 0.5112711787223816] status=0x8003
joint_pos=[0.0, 0.0, 0.0, 0.0, 0.0, 0.0] joint_vel=[0.0, 0.0, 0.0, 0.0, 0.0, 0.0] imu_ang_vel=[0.01810949295759201, 0.0031957929022610188, 0.0063915858045220375] imu_quat_wxyz=[0.8587568402290344, -0.033993110060691833, 0.0034969232510775328, 0.5112426280975342] status=0x8003
joint_pos=[0.0, 0.0, 0.0, 0.0, 0.0, 0.0] joint_vel=[0.0, 0.0, 0.0, 0.0, 0.0, 0.0] imu_ang_vel=[0.01757686212658882, 0.0031957929022610188, 0.0063915858045220375] imu_quat_wxyz=[0.8587528467178345, -0.033936355262994766, 0.003527533495798707, 0.5112528204917908] status=0x8003
joint_pos=[0.0, 0.0, 0.0, 0.0, 0.0, 0.0] joint_vel=[0.0, 0.0, 0.0, 0.0, 0.0, 0.0] imu_ang_vel=[0.01757686212658882, 0.0031957929022610188, 0.0074568502604961395] imu_quat_wxyz=[0.8587375283241272, -0.033770810812711716, 0.003621133277192712, 0.5112889409065247] status=0x8003
joint_pos=[0.0, 0.0, 0.0, 0.0, 0.0, 0.0] joint_vel=[0.0, 0.0, 0.0, 0.0, 0.0, 0.0] imu_ang_vel=[0.014913700520992279, 0.0037284251302480698, 0.005858954042196274] imu_quat_wxyz=[0.858728289604187, -0.033659979701042175, 0.0036826282739639282, 0.5113112926483154] status=0x8003
joint_pos=[0.0, 0.0, 0.0, 0.0, 0.0, 0.0] joint_vel=[0.0, 0.0, 0.0, 0.0, 0.0, 0.0] imu_ang_vel=[0.017044229432940483, 0.0031957929022610188, 0.0063915858045220375] imu_quat_wxyz=[0.858718752861023, -0.033556047827005386, 0.0037366608157753944, 0.5113338232040405] status=0x8003
joint_pos=[0.0, 0.0, 0.0, 0.0, 0.0, 0.0] joint_vel=[0.0, 0.0, 0.0, 0.0, 0.0, 0.0] imu_ang_vel=[0.015446333214640617, 0.0037284251302480698, 0.0074568502604961395] imu_quat_wxyz=[0.8587117791175842, -0.03400770202279091, 0.0034635767806321383, 0.5113176107406616] status=0x8003
joint_pos=[0.0, 0.0, 0.0, 0.0, 0.0, 0.0] joint_vel=[0.0, 0.0, 0.0, 0.0, 0.0, 0.0] imu_ang_vel=[0.01438106782734394, 0.0031957929022610188, 0.0069242180325090885] imu_quat_wxyz=[0.8587026000022888, -0.033896222710609436, 0.0035231399815529585, 0.5113399624824524] status=0x8003
joint_pos=[0.0, 0.0, 0.0, 0.0, 0.0, 0.0] joint_vel=[0.0, 0.0, 0.0, 0.0, 0.0, 0.0] imu_ang_vel=[0.01810949295759201, 0.0031957929022610188, 0.0063915858045220375] imu_quat_wxyz=[0.8586910367012024, -0.03379198536276817, 0.003582908073440194, 0.5113657712936401] status=0x8003
joint_pos=[0.0, 0.0, 0.0, 0.0, 0.0, 0.0] joint_vel=[0.0, 0.0, 0.0, 0.0, 0.0, 0.0] imu_ang_vel=[0.015978965908288956, 0.0037284251302480698, 0.0069242180325090885] imu_quat_wxyz=[0.8586840629577637, -0.03368954733014107, 0.0036475248634815216, 0.5113838911056519] status=0x8003
joint_pos=[0.0, 0.0, 0.0, 0.0, 0.0, 0.0] joint_vel=[0.0, 0.0, 0.0, 0.0, 0.0, 0.0] imu_ang_vel=[0.015446333214640617, 0.0031957929022610188, 0.005326321814209223] imu_quat_wxyz=[0.8586764931678772, -0.033585112541913986, 0.0037118319887667894, 0.5114028453826904] status=0x8003
joint_pos=[0.0, 0.0, 0.0, 0.0, 0.0, 0.0] joint_vel=[0.0, 0.0, 0.0, 0.0, 0.0, 0.0] imu_ang_vel=[0.016511596739292145, 0.0031957929022610188, 0.0069242180325090885] imu_quat_wxyz=[0.8585261106491089, -0.0340355709195137, 0.0034312070347368717, 0.5116274952888489] status=0x8003
joint_pos=[0.0, 0.0, 0.0, 0.0, 0.0, 0.0] joint_vel=[0.0, 0.0, 0.0, 0.0, 0.0, 0.0] imu_ang_vel=[0.017044229432940483, 0.0031957929022610188, 0.0074568502604961395] imu_quat_wxyz=[0.8585162162780762, -0.03392656520009041, 0.0034958194009959698, 0.5116508603096008] status=0x8003
joint_pos=[0.0, 0.0, 0.0, 0.0, 0.0, 0.0] joint_vel=[0.0, 0.0, 0.0, 0.0, 0.0, 0.0] imu_ang_vel=[0.016511596739292145, 0.004261057358235121, 0.005326321814209223] imu_quat_wxyz=[0.858506441116333, -0.033823225647211075, 0.003555221250280738, 0.5116739273071289] status=0x8003
joint_pos=[0.0, 0.0, 0.0, 0.0, 0.0, 0.0] joint_vel=[0.0, 0.0, 0.0, 0.0, 0.0, 0.0] imu_ang_vel=[0.01757686212658882, 0.0037284251302480698, 0.0063915858045220375] imu_quat_wxyz=[0.8585003614425659, -0.03371571749448776, 0.003620757022872567, 0.511690616607666] status=0x8003
joint_pos=[0.0, 0.0, 0.0, 0.0, 0.0, 0.0] joint_vel=[0.0, 0.0, 0.0, 0.0, 0.0, 0.0] imu_ang_vel=[0.017044229432940483, 0.0031957929022610188, 0.0063915858045220375] imu_quat_wxyz=[0.8584937453269958, -0.03360407054424286, 0.003681570990011096, 0.5117087960243225] status=0x8003
joint_pos=[0.0, 0.0, 0.0, 0.0, 0.0, 0.0] joint_vel=[0.0, 0.0, 0.0, 0.0, 0.0, 0.0] imu_ang_vel=[0.015446333214640617, 0.004793689586222172, 0.0069242180325090885] imu_quat_wxyz=[0.8584577441215515, -0.03403633460402489, 0.0034194819163531065, 0.5117424130439758] status=0x8003
joint_pos=[0.0, 0.0, 0.0, 0.0, 0.0, 0.0] joint_vel=[0.0, 0.0, 0.0, 0.0, 0.0, 0.0] imu_ang_vel=[0.01757686212658882, 0.0037284251302480698, 0.0074568502604961395] imu_quat_wxyz=[0.8584497570991516, -0.03393958508968353, 0.0034905949141830206, 0.5117616057395935] status=0x8003
joint_pos=[0.0, 0.0, 0.0, 0.0, 0.0, 0.0] joint_vel=[0.0, 0.0, 0.0, 0.0, 0.0, 0.0] imu_ang_vel=[0.01438106782734394, 0.0031957929022610188, 0.004793689586222172] imu_quat_wxyz=[0.8584422469139099, -0.03382798284292221, 0.0035646178293973207, 0.5117810368537903] status=0x8003
joint_pos=[0.0, 0.0, 0.0, 0.0, 0.0, 0.0] joint_vel=[0.0, 0.0, 0.0, 0.0, 0.0, 0.0] imu_ang_vel=[0.015978965908288956, 0.004261057358235121, 0.0069242180325090885] imu_quat_wxyz=[0.8584356904029846, -0.03372405096888542, 0.00361927249468863, 0.5117986798286438] status=0x8003
joint_pos=[0.0, 0.0, 0.0, 0.0, 0.0, 0.0] joint_vel=[0.0, 0.0, 0.0, 0.0, 0.0, 0.0] imu_ang_vel=[0.017044229432940483, 0.0031957929022610188, 0.0063915858045220375] imu_quat_wxyz=[0.8584235310554504, -0.03362234681844711, 0.003685070900246501, 0.5118252635002136] status=0x8003
joint_pos=[0.0, 0.0, 0.0, 0.0, 0.0, 0.0] joint_vel=[0.0, 0.0, 0.0, 0.0, 0.0, 0.0] imu_ang_vel=[0.016511596739292145, 0.0021305286791175604, 0.0063915858045220375] imu_quat_wxyz=[0.8583284616470337, -0.03402102738618851, 0.003442118177190423, 0.511959969997406] status=0x8003
joint_pos=[0.0, 0.0, 0.0, 0.0, 0.0, 0.0] joint_vel=[0.0, 0.0, 0.0, 0.0, 0.0, 0.0] imu_ang_vel=[0.01668914221227169, 0.0021305286791175604, 0.00603649765253067] imu_quat_wxyz=[0.8583194017410278, -0.03390929102897644, 0.0035008357372134924, 0.5119822025299072] status=0x8003
joint_pos=[0.0, 0.0, 0.0, 0.0, 0.0, 0.0] joint_vel=[0.0, 0.0, 0.0, 0.0, 0.0, 0.0] imu_ang_vel=[0.01757686212658882, 0.0031957929022610188, 0.0063915858045220375] imu_quat_wxyz=[0.8583123683929443, -0.03380034863948822, 0.003563172183930874, 0.5120006203651428] status=0x8003
joint_pos=[0.0, 0.0, 0.0, 0.0, 0.0, 0.0] joint_vel=[0.0, 0.0, 0.0, 0.0, 0.0, 0.0] imu_ang_vel=[0.015446333214640617, 0.0031957929022610188, 0.007989482954144478] imu_quat_wxyz=[0.8583089709281921, -0.033741436898708344, 0.0035966243594884872, 0.5120101571083069] status=0x8003
joint_pos=[0.0, 0.0, 0.0, 0.0, 0.0, 0.0] joint_vel=[0.0, 0.0, 0.0, 0.0, 0.0, 0.0] imu_ang_vel=[0.017044229432940483, 0.0037284251302480698, 0.005858954042196274] imu_quat_wxyz=[0.8582949042320251, -0.03358127921819687, 0.0036830990575253963, 0.5120435953140259] status=0x8003
joint_pos=[0.0, 0.0, 0.0, 0.0, 0.0, 0.0] joint_vel=[0.0, 0.0, 0.0, 0.0, 0.0, 0.0] imu_ang_vel=[0.017044229432940483, 0.0031957929022610188, 0.0074568502604961395] imu_quat_wxyz=[0.8582688570022583, -0.03400053083896637, 0.003429209813475609, 0.5120612978935242] status=0x8003
joint_pos=[0.0, 0.0, 0.0, 0.0, 0.0, 0.0] joint_vel=[0.0, 0.0, 0.0, 0.0, 0.0, 0.0] imu_ang_vel=[0.015446333214640617, 0.0021305286791175604, 0.005858954042196274] imu_quat_wxyz=[0.8582606911659241, -0.03389110788702965, 0.0034916705917567015, 0.5120818614959717] status=0x8003
joint_pos=[0.0, 0.0, 0.0, 0.0, 0.0, 0.0] joint_vel=[0.0, 0.0, 0.0, 0.0, 0.0, 0.0] imu_ang_vel=[0.016511596739292145, 0.004261057358235121, 0.0063915858045220375] imu_quat_wxyz=[0.8582544326782227, -0.03378596156835556, 0.003546504769474268, 0.5120989680290222] status=0x8003
joint_pos=[0.0, 0.0, 0.0, 0.0, 0.0, 0.0] joint_vel=[0.0, 0.0, 0.0, 0.0, 0.0, 0.0] imu_ang_vel=[0.01864212565124035, 0.0026631606742739677, 0.0069242180325090885] imu_quat_wxyz=[0.8582422137260437, -0.03368084877729416, 0.0036096929106861353, 0.5121258497238159] status=0x8003
joint_pos=[0.0, 0.0, 0.0, 0.0, 0.0, 0.0] joint_vel=[0.0, 0.0, 0.0, 0.0, 0.0, 0.0] imu_ang_vel=[0.015978965908288956, 0.0031957929022610188, 0.0069242180325090885] imu_quat_wxyz=[0.8582332730293274, -0.03357160463929176, 0.003674671519547701, 0.5121476650238037] status=0x8003
joint_pos=[0.0, 0.0, 0.0, 0.0, 0.0, 0.0] joint_vel=[0.0, 0.0, 0.0, 0.0, 0.0, 0.0] imu_ang_vel=[0.016511596739292145, 0.0031957929022610188, 0.005326321814209223] imu_quat_wxyz=[0.8580713868141174, -0.033972226083278656, 0.0034334484953433275, 0.5123939514160156] status=0x8003
joint_pos=[0.0, 0.0, 0.0, 0.0, 0.0, 0.0] joint_vel=[0.0, 0.0, 0.0, 0.0, 0.0, 0.0] imu_ang_vel=[0.016511596739292145, 0.0037284251302480698, 0.0069242180325090885] imu_quat_wxyz=[0.8580654859542847, -0.033865995705127716, 0.003494632663205266, 0.512410581111908] status=0x8003
joint_pos=[0.0, 0.0, 0.0, 0.0, 0.0, 0.0] joint_vel=[0.0, 0.0, 0.0, 0.0, 0.0, 0.0] imu_ang_vel=[0.012783171609044075, 0.004261057358235121, 0.0063915858045220375] imu_quat_wxyz=[0.8580562472343445, -0.03376035392284393, 0.0035587730817496777, 0.5124326348304749] status=0x8003
joint_pos=[0.0, 0.0, 0.0, 0.0, 0.0, 0.0] joint_vel=[0.0, 0.0, 0.0, 0.0, 0.0, 0.0] imu_ang_vel=[0.015978965908288956, 0.0037284251302480698, 0.0063915858045220375] imu_quat_wxyz=[0.8580436706542969, -0.033657751977443695, 0.0036205160431563854, 0.5124599933624268] status=0x8003
joint_pos=[0.0, 0.0, 0.0, 0.0, 0.0, 0.0] joint_vel=[0.0, 0.0, 0.0, 0.0, 0.0, 0.0] imu_ang_vel=[0.016511596739292145, 0.004793689586222172, 0.004793689586222172] imu_quat_wxyz=[0.8580372333526611, -0.033552609384059906, 0.0036844334099441767, 0.5124772787094116] status=0x8003
joint_pos=[0.0, 0.0, 0.0, 0.0, 0.0, 0.0] joint_vel=[0.0, 0.0, 0.0, 0.0, 0.0, 0.0] imu_ang_vel=[0.015978965908288956, 0.004261057358235121, 0.005858954042196274] imu_quat_wxyz=[0.8579596281051636, -0.0340128168463707, 0.003414284437894821, 0.5125784873962402] status=0x8003
joint_pos=[0.0, 0.0, 0.0, 0.0, 0.0, 0.0] joint_vel=[0.0, 0.0, 0.0, 0.0, 0.0, 0.0] imu_ang_vel=[0.015978965908288956, 0.004261057358235121, 0.0074568502604961395] imu_quat_wxyz=[0.8579480051994324, -0.033907633274793625, 0.003484529908746481, 0.5126045942306519] status=0x8003
joint_pos=[0.0, 0.0, 0.0, 0.0, 0.0, 0.0] joint_vel=[0.0, 0.0, 0.0, 0.0, 0.0, 0.0] imu_ang_vel=[0.016511596739292145, 0.0031957929022610188, 0.0069242180325090885] imu_quat_wxyz=[0.8579373359680176, -0.03380000591278076, 0.0035502263344824314, 0.5126290321350098] status=0x8003
joint_pos=[0.0, 0.0, 0.0, 0.0, 0.0, 0.0] joint_vel=[0.0, 0.0, 0.0, 0.0, 0.0, 0.0] imu_ang_vel=[0.016511596739292145, 0.004261057358235121, 0.005858954042196274] imu_quat_wxyz=[0.8579304814338684, -0.03369387611746788, 0.0036142636090517044, 0.5126470327377319] status=0x8003
joint_pos=[0.0, 0.0, 0.0, 0.0, 0.0, 0.0] joint_vel=[0.0, 0.0, 0.0, 0.0, 0.0, 0.0] imu_ang_vel=[0.015446333214640617, 0.004793689586222172, 0.0063915858045220375] imu_quat_wxyz=[0.8579258322715759, -0.033585164695978165, 0.003676382126286626, 0.5126616358757019] status=0x8003
joint_pos=[0.0, 0.0, 0.0, 0.0, 0.0, 0.0] joint_vel=[0.0, 0.0, 0.0, 0.0, 0.0, 0.0] imu_ang_vel=[0.016511596739292145, 0.0037284251302480698, 0.0069242180325090885] imu_quat_wxyz=[0.857945442199707, -0.0340239480137825, 0.0034223024267703295, 0.5126014947891235] status=0x8003
joint_pos=[0.0, 0.0, 0.0, 0.0, 0.0, 0.0] joint_vel=[0.0, 0.0, 0.0, 0.0, 0.0, 0.0] imu_ang_vel=[0.017044229432940483, 0.0031957929022610188, 0.0063915858045220375] imu_quat_wxyz=[0.8579361438751221, -0.03391536697745323, 0.003484623972326517, 0.5126238465309143] status=0x8003
joint_pos=[0.0, 0.0, 0.0, 0.0, 0.0, 0.0] joint_vel=[0.0, 0.0, 0.0, 0.0, 0.0, 0.0] imu_ang_vel=[0.01864212565124035, 0.0037284251302480698, 0.0074568502604961395] imu_quat_wxyz=[0.8579249382019043, -0.033810093998909, 0.0035473983734846115, 0.5126490592956543] status=0x8003
joint_pos=[0.0, 0.0, 0.0, 0.0, 0.0, 0.0] joint_vel=[0.0, 0.0, 0.0, 0.0, 0.0, 0.0] imu_ang_vel=[0.01810949295759201, 0.0037284251302480698, 0.0063915858045220375] imu_quat_wxyz=[0.857917845249176, -0.03369562700390816, 0.0036131127271801233, 0.5126681923866272] status=0x8003
joint_pos=[0.0, 0.0, 0.0, 0.0, 0.0, 0.0] joint_vel=[0.0, 0.0, 0.0, 0.0, 0.0, 0.0] imu_ang_vel=[0.01810949295759201, 0.004793689586222172, 0.0069242180325090885] imu_quat_wxyz=[0.8579109311103821, -0.033586401492357254, 0.003677999833598733, 0.5126863718032837] status=0x8003
joint_pos=[0.0, 0.0, 0.0, 0.0, 0.0, 0.0] joint_vel=[0.0, 0.0, 0.0, 0.0, 0.0, 0.0] imu_ang_vel=[0.015978965908288956, 0.0037284251302480698, 0.0063915858045220375] imu_quat_wxyz=[0.8579350709915161, -0.03401433676481247, 0.003432895988225937, 0.5126194357872009] status=0x8003
joint_pos=[0.0, 0.0, 0.0, 0.0, 0.0, 0.0] joint_vel=[0.0, 0.0, 0.0, 0.0, 0.0, 0.0] imu_ang_vel=[0.01438106782734394, 0.004793689586222172, 0.005858954042196274] imu_quat_wxyz=[0.8579253554344177, -0.03390679135918617, 0.003495156532153487, 0.5126423835754395] status=0x8003
joint_pos=[0.0, 0.0, 0.0, 0.0, 0.0, 0.0] joint_vel=[0.0, 0.0, 0.0, 0.0, 0.0, 0.0] imu_ang_vel=[0.015978965908288956, 0.0031957929022610188, 0.0063915858045220375] imu_quat_wxyz=[0.8579167723655701, -0.033797066658735275, 0.003559426637366414, 0.5126635432243347] status=0x8003
joint_pos=[0.0, 0.0, 0.0, 0.0, 0.0, 0.0] joint_vel=[0.0, 0.0, 0.0, 0.0, 0.0, 0.0] imu_ang_vel=[0.015978965908288956, 0.0031957929022610188, 0.005858954042196274] imu_quat_wxyz=[0.8579097986221313, -0.03368455171585083, 0.003621405456215143, 0.5126822590827942] status=0x8003
joint_pos=[0.0, 0.0, 0.0, 0.0, 0.0, 0.0] joint_vel=[0.0, 0.0, 0.0, 0.0, 0.0, 0.0] imu_ang_vel=[0.015446333214640617, 0.0037284251302480698, 0.0069242180325090885] imu_quat_wxyz=[0.8579025864601135, -0.03358015790581703, 0.003684463445097208, 0.5127007961273193] status=0x8003
joint_pos=[0.0, 0.0, 0.0, 0.0, 0.0, 0.0] joint_vel=[0.0, 0.0, 0.0, 0.0, 0.0, 0.0] imu_ang_vel=[0.01757686212658882, 0.0031957929022610188, 0.005858954042196274] imu_quat_wxyz=[0.8579308390617371, -0.033994898200035095, 0.0034522716887295246, 0.5126277208328247] status=0x8003
joint_pos=[0.0, 0.0, 0.0, 0.0, 0.0, 0.0] joint_vel=[0.0, 0.0, 0.0, 0.0, 0.0, 0.0] imu_ang_vel=[0.016511596739292145, 0.0031957929022610188, 0.005326321814209223] imu_quat_wxyz=[0.8579221367835999, -0.03388625383377075, 0.003519548336043954, 0.5126489996910095] status=0x8003
joint_pos=[0.0, 0.0, 0.0, 0.0, 0.0, 0.0] joint_vel=[0.0, 0.0, 0.0, 0.0, 0.0, 0.0] imu_ang_vel=[0.015446333214640617, 0.004261057358235121, 0.0063915858045220375] imu_quat_wxyz=[0.8579127788543701, -0.03377577289938927, 0.0035812314599752426, 0.5126715898513794] status=0x8003
joint_pos=[0.0, 0.0, 0.0, 0.0, 0.0, 0.0] joint_vel=[0.0, 0.0, 0.0, 0.0, 0.0, 0.0] imu_ang_vel=[0.015978965908288956, 0.0026631606742739677, 0.005858954042196274] imu_quat_wxyz=[0.8579058647155762, -0.033667515963315964, 0.003642975352704525, 0.5126897692680359] status=0x8003
joint_pos=[0.0, 0.0, 0.0, 0.0, 0.0, 0.0] joint_vel=[0.0, 0.0, 0.0, 0.0, 0.0, 0.0] imu_ang_vel=[0.016511596739292145, 0.005326321814209223, 0.0063915858045220375] imu_quat_wxyz=[0.8578978180885315, -0.033553652465343475, 0.0037071353290230036, 0.5127102136611938] status=0x8003
joint_pos=[0.0, 0.0, 0.0, 0.0, 0.0, 0.0] joint_vel=[0.0, 0.0, 0.0, 0.0, 0.0, 0.0] imu_ang_vel=[0.016511596739292145, 0.0031957929022610188, 0.0069242180325090885] imu_quat_wxyz=[0.8580116033554077, -0.034027084708213806, 0.0034386077895760536, 0.5124905705451965] status=0x8003
joint_pos=[0.0, 0.0, 0.0, 0.0, 0.0, 0.0] joint_vel=[0.0, 0.0, 0.0, 0.0, 0.0, 0.0] imu_ang_vel=[0.016511596739292145, 0.0031957929022610188, 0.0069242180325090885] imu_quat_wxyz=[0.8579967617988586, -0.03386698663234711, 0.0035356120206415653, 0.5125253200531006] status=0x8003
joint_pos=[0.0, 0.0, 0.0, 0.0, 0.0, 0.0] joint_vel=[0.0, 0.0, 0.0, 0.0, 0.0, 0.0] imu_ang_vel=[0.017044229432940483, 0.0026631606742739677, 0.0069242180325090885] imu_quat_wxyz=[0.8579877614974976, -0.033759184181690216, 0.0036000614054501057, 0.5125468373298645] status=0x8003
joint_pos=[0.0, 0.0, 0.0, 0.0, 0.0, 0.0] joint_vel=[0.0, 0.0, 0.0, 0.0, 0.0, 0.0] imu_ang_vel=[0.014913700520992279, 0.004261057358235121, 0.0063915858045220375] imu_quat_wxyz=[0.8579797744750977, -0.03365175426006317, 0.0036645352374762297, 0.5125671029090881] status=0x8003
joint_pos=[0.0, 0.0, 0.0, 0.0, 0.0, 0.0] joint_vel=[0.0, 0.0, 0.0, 0.0, 0.0, 0.0] imu_ang_vel=[0.01757686212658882, 0.0026631606742739677, 0.005326321814209223] imu_quat_wxyz=[0.8579721450805664, -0.03354974463582039, 0.0037259580567479134, 0.5125859379768372] status=0x8003
joint_pos=[0.0, 0.0, 0.0, 0.0, 0.0, 0.0] joint_vel=[0.0, 0.0, 0.0, 0.0, 0.0, 0.0] imu_ang_vel=[0.016511596739292145, 0.0026631606742739677, 0.0074568502604961395] imu_quat_wxyz=[0.8580560684204102, -0.03395427390933037, 0.0034892193507403135, 0.5124204158782959] status=0x8003
joint_pos=[0.0, 0.0, 0.0, 0.0, 0.0, 0.0] joint_vel=[0.0, 0.0, 0.0, 0.0, 0.0, 0.0] imu_ang_vel=[0.01757686212658882, 0.0037284251302480698, 0.0069242180325090885] imu_quat_wxyz=[0.85804682970047, -0.03384699672460556, 0.00354978465475142, 0.5124425888061523] status=0x8003
joint_pos=[0.0, 0.0, 0.0, 0.0, 0.0, 0.0] joint_vel=[0.0, 0.0, 0.0, 0.0, 0.0, 0.0] imu_ang_vel=[0.016511596739292145, 0.0031957929022610188, 0.007989482954144478] imu_quat_wxyz=[0.8580343723297119, -0.03373732790350914, 0.0036117208655923605, 0.5124703049659729] status=0x8003
joint_pos=[0.0, 0.0, 0.0, 0.0, 0.0, 0.0] joint_vel=[0.0, 0.0, 0.0, 0.0, 0.0, 0.0] imu_ang_vel=[0.01757686212658882, 0.0031957929022610188, 0.0063915858045220375] imu_quat_wxyz=[0.8580264449119568, -0.03363072872161865, 0.0036733525339514017, 0.5124902129173279] status=0x8003
joint_pos=[0.0, 0.0, 0.0, 0.0, 0.0, 0.0] joint_vel=[0.0, 0.0, 0.0, 0.0, 0.0, 0.0] imu_ang_vel=[0.015978965908288956, 0.0031957929022610188, 0.0063915858045220375] imu_quat_wxyz=[0.8580220937728882, -0.033573124557733536, 0.0037056065630167723, 0.5125010013580322] status=0x8003
joint_pos=[0.0, 0.0, 0.0, 0.0, 0.0, 0.0] joint_vel=[0.0, 0.0, 0.0, 0.0, 0.0, 0.0] imu_ang_vel=[0.016511596739292145, 0.0031957929022610188, 0.0074568502604961395] imu_quat_wxyz=[0.8580689430236816, -0.03393726423382759, 0.003489997237920761, 0.5124000906944275] status=0x8003
joint_pos=[0.0, 0.0, 0.0, 0.0, 0.0, 0.0] joint_vel=[0.0, 0.0, 0.0, 0.0, 0.0, 0.0] imu_ang_vel=[0.016511596739292145, 0.0026631606742739677, 0.0074568502604961395] imu_quat_wxyz=[0.8580580949783325, -0.03383110463619232, 0.0035546624567359686, 0.5124247670173645] status=0x8003
joint_pos=[0.0, 0.0, 0.0, 0.0, 0.0, 0.0] joint_vel=[0.0, 0.0, 0.0, 0.0, 0.0, 0.0] imu_ang_vel=[0.01810949295759201, 0.0031957929022610188, 0.0063915858045220375] imu_quat_wxyz=[0.8580492734909058, -0.033719271421432495, 0.0036244182847440243, 0.5124465227127075] status=0x8003
joint_pos=[0.0, 0.0, 0.0, 0.0, 0.0, 0.0] joint_vel=[0.0, 0.0, 0.0, 0.0, 0.0, 0.0] imu_ang_vel=[0.015978965908288956, 0.0031957929022610188, 0.005326321814209223] imu_quat_wxyz=[0.8580401539802551, -0.03360749036073685, 0.0036913049407303333, 0.5124686360359192] status=0x8003
joint_pos=[0.0, 0.0, 0.0, 0.0, 0.0, 0.0] joint_vel=[0.0, 0.0, 0.0, 0.0, 0.0, 0.0] imu_ang_vel=[0.015978965908288956, 0.0037284251302480698, 0.0069242180325090885] imu_quat_wxyz=[0.8580331206321716, -0.03349612280726433, 0.0037495477590709925, 0.5124872922897339] status=0x8003
joint_pos=[0.0, 0.0, 0.0, 0.0, 0.0, 0.0] joint_vel=[0.0, 0.0, 0.0, 0.0, 0.0, 0.0] imu_ang_vel=[0.017044229432940483, 0.0037284251302480698, 0.005326321814209223] imu_quat_wxyz=[0.8580504059791565, -0.0339215025305748, 0.0034996443428099155, 0.5124322175979614] status=0x8003
joint_pos=[0.0, 0.0, 0.0, 0.0, 0.0, 0.0] joint_vel=[0.0, 0.0, 0.0, 0.0, 0.0, 0.0] imu_ang_vel=[0.014913700520992279, 0.0031957929022610188, 0.0074568502604961395] imu_quat_wxyz=[0.858043909072876, -0.03381074592471123, 0.0035688686184585094, 0.5124498009681702] status=0x8003
joint_pos=[0.0, 0.0, 0.0, 0.0, 0.0, 0.0] joint_vel=[0.0, 0.0, 0.0, 0.0, 0.0, 0.0] imu_ang_vel=[0.01757686212658882, 0.0031957929022610188, 0.005858954042196274] imu_quat_wxyz=[0.8580345511436462, -0.033706799149513245, 0.0036285044625401497, 0.5124719142913818] status=0x8003
joint_pos=[0.0, 0.0, 0.0, 0.0, 0.0, 0.0] joint_vel=[0.0, 0.0, 0.0, 0.0, 0.0, 0.0] imu_ang_vel=[0.017044229432940483, 0.0031957929022610188, 0.0069242180325090885] imu_quat_wxyz=[0.8580253720283508, -0.03359411656856537, 0.00368948164395988, 0.5124943256378174] status=0x8003
joint_pos=[0.0, 0.0, 0.0, 0.0, 0.0, 0.0] joint_vel=[0.0, 0.0, 0.0, 0.0, 0.0, 0.0] imu_ang_vel=[0.01757686212658882, 0.0037284251302480698, 0.005858954042196274] imu_quat_wxyz=[0.8580153584480286, -0.03348108381032944, 0.003753025783225894, 0.5125179886817932] status=0x8003
joint_pos=[0.0, 0.0, 0.0, 0.0, 0.0, 0.0] joint_vel=[0.0, 0.0, 0.0, 0.0, 0.0, 0.0] imu_ang_vel=[0.016511596739292145, 0.0031957929022610188, 0.0063915858045220375] imu_quat_wxyz=[0.8580031394958496, -0.03393065929412842, 0.0034818307030946016, 0.5125108361244202] status=0x8003
joint_pos=[0.0, 0.0, 0.0, 0.0, 0.0, 0.0] joint_vel=[0.0, 0.0, 0.0, 0.0, 0.0, 0.0] imu_ang_vel=[0.01438106782734394, 0.0063915858045220375, 0.0063915858045220375] imu_quat_wxyz=[0.8579903244972229, -0.033774234354496, 0.0035783627536147833, 0.5125418901443481] status=0x8003
joint_pos=[0.0, 0.0, 0.0, 0.0, 0.0, 0.0] joint_vel=[0.0, 0.0, 0.0, 0.0, 0.0, 0.0] imu_ang_vel=[0.015446333214640617, 0.0031957929022610188, 0.0063915858045220375] imu_quat_wxyz=[0.857981264591217, -0.03367426246404648, 0.003643349278718233, 0.5125632286071777] status=0x8003
joint_pos=[0.0, 0.0, 0.0, 0.0, 0.0, 0.0] joint_vel=[0.0, 0.0, 0.0, 0.0, 0.0, 0.0] imu_ang_vel=[0.015446333214640617, 0.004261057358235121, 0.005858954042196274] imu_quat_wxyz=[0.8579704165458679, -0.03356966748833656, 0.003711977507919073, 0.5125876069068909] status=0x8003
joint_pos=[0.0, 0.0, 0.0, 0.0, 0.0, 0.0] joint_vel=[0.0, 0.0, 0.0, 0.0, 0.0, 0.0] imu_ang_vel=[0.015978965908288956, 0.0037284251302480698, 0.005858954042196274] imu_quat_wxyz=[0.8579638004302979, -0.03345869481563568, 0.0037743558641523123, 0.512605607509613] status=0x8003
joint_pos=[0.0, 0.0, 0.0, 0.0, 0.0, 0.0] joint_vel=[0.0, 0.0, 0.0, 0.0, 0.0, 0.0] imu_ang_vel=[0.01810949295759201, 0.004261057358235121, 0.004261057358235121] imu_quat_wxyz=[0.8578830361366272, -0.033897124230861664, 0.0035175043158233166, 0.5127136707305908] status=0x8003
joint_pos=[0.0, 0.0, 0.0, 0.0, 0.0, 0.0] joint_vel=[0.0, 0.0, 0.0, 0.0, 0.0, 0.0] imu_ang_vel=[0.015978965908288956, 0.0037284251302480698, 0.0069242180325090885] imu_quat_wxyz=[0.8578786849975586, -0.033786751329898834, 0.00358249107375741, 0.5127278566360474] status=0x8003
joint_pos=[0.0, 0.0, 0.0, 0.0, 0.0, 0.0] joint_vel=[0.0, 0.0, 0.0, 0.0, 0.0, 0.0] imu_ang_vel=[0.015978965908288956, 0.004793689586222172, 0.0074568502604961395] imu_quat_wxyz=[0.8578715324401855, -0.033684104681015015, 0.0036471551284193993, 0.5127460956573486] status=0x8003
joint_pos=[0.0, 0.0, 0.0, 0.0, 0.0, 0.0] joint_vel=[0.0, 0.0, 0.0, 0.0, 0.0, 0.0] imu_ang_vel=[0.017399318516254425, 0.003905969439074397, 0.006746673956513405] imu_quat_wxyz=[0.8578577041625977, -0.03357824310660362, 0.0037107975222170353, 0.512775719165802] status=0x8003
joint_pos=[0.0, 0.0, 0.0, 0.0, 0.0, 0.0] joint_vel=[0.0, 0.0, 0.0, 0.0, 0.0, 0.0] imu_ang_vel=[0.01810949295759201, 0.0037284251302480698, 0.0063915858045220375] imu_quat_wxyz=[0.8578512072563171, -0.033468082547187805, 0.0037719313986599445, 0.5127933025360107] status=0x8003
joint_pos=[0.0, 0.0, 0.0, 0.0, 0.0, 0.0] joint_vel=[0.0, 0.0, 0.0, 0.0, 0.0, 0.0] imu_ang_vel=[0.017044229432940483, 0.0031957929022610188, 0.0074568502604961395] imu_quat_wxyz=[0.8577746748924255, -0.03389153257012367, 0.0035160526167601347, 0.5128953456878662] status=0x8003
joint_pos=[0.0, 0.0, 0.0, 0.0, 0.0, 0.0] joint_vel=[0.0, 0.0, 0.0, 0.0, 0.0, 0.0] imu_ang_vel=[0.01757686212658882, 0.0026631606742739677, 0.0069242180325090885] imu_quat_wxyz=[0.8577612638473511, -0.03378292918205261, 0.003581603989005089, 0.5129245519638062] status=0x8003
joint_pos=[0.0, 0.0, 0.0, 0.0, 0.0, 0.0] joint_vel=[0.0, 0.0, 0.0, 0.0, 0.0, 0.0] imu_ang_vel=[0.016511596739292145, 0.0037284251302480698, 0.0074568502604961395] imu_quat_wxyz=[0.8577502965927124, -0.033672183752059937, 0.0036503535229712725, 0.5129496455192566] status=0x8003
joint_pos=[0.0, 0.0, 0.0, 0.0, 0.0, 0.0] joint_vel=[0.0, 0.0, 0.0, 0.0, 0.0, 0.0] imu_ang_vel=[0.017044229432940483, 0.0037284251302480698, 0.0063915858045220375] imu_quat_wxyz=[0.8577415943145752, -0.03355981782078743, 0.0037119020707905293, 0.5129711031913757] status=0x8003
joint_pos=[0.0, 0.0, 0.0, 0.0, 0.0, 0.0] joint_vel=[0.0, 0.0, 0.0, 0.0, 0.0, 0.0] imu_ang_vel=[0.017044229432940483, 0.0037284251302480698, 0.0074568502604961395] imu_quat_wxyz=[0.8577376008033752, -0.03350244462490082, 0.0037419565487653017, 0.5129814147949219] status=0x8003
joint_pos=[0.0, 0.0, 0.0, 0.0, 0.0, 0.0] joint_vel=[0.0, 0.0, 0.0, 0.0, 0.0, 0.0] imu_ang_vel=[0.015446333214640617, 0.0031957929022610188, 0.0063915858045220375] imu_quat_wxyz=[0.8576613068580627, -0.03391966596245766, 0.003482274478301406, 0.5130833983421326] status=0x8003
joint_pos=[0.0, 0.0, 0.0, 0.0, 0.0, 0.0] joint_vel=[0.0, 0.0, 0.0, 0.0, 0.0, 0.0] imu_ang_vel=[0.016511596739292145, 0.0037284251302480698, 0.005858954042196274] imu_quat_wxyz=[0.8576524257659912, -0.03381681442260742, 0.0035440956708043814, 0.5131044983863831] status=0x8003
joint_pos=[0.0, 0.0, 0.0, 0.0, 0.0, 0.0] joint_vel=[0.0, 0.0, 0.0, 0.0, 0.0, 0.0] imu_ang_vel=[0.017044229432940483, 0.0031957929022610188, 0.005858954042196274] imu_quat_wxyz=[0.8576444983482361, -0.033709269016981125, 0.0036110130604356527, 0.5131242871284485] status=0x8003
joint_pos=[0.0, 0.0, 0.0, 0.0, 0.0, 0.0] joint_vel=[0.0, 0.0, 0.0, 0.0, 0.0, 0.0] imu_ang_vel=[0.014913700520992279, 0.004261057358235121, 0.004793689586222172] imu_quat_wxyz=[0.8576395511627197, -0.033601198345422745, 0.0036772829480469227, 0.5131391882896423] status=0x8003
joint_pos=[0.0, 0.0, 0.0, 0.0, 0.0, 0.0] joint_vel=[0.0, 0.0, 0.0, 0.0, 0.0, 0.0] imu_ang_vel=[0.017044229432940483, 0.0031957929022610188, 0.005326321814209223] imu_quat_wxyz=[0.8576337099075317, -0.03349946066737175, 0.003743406618013978, 0.5131550431251526] status=0x8003
joint_pos=[0.0, 0.0, 0.0, 0.0, 0.0, 0.0] joint_vel=[0.0, 0.0, 0.0, 0.0, 0.0, 0.0] imu_ang_vel=[0.016511596739292145, 0.0037284251302480698, 0.0063915858045220375] imu_quat_wxyz=[0.8575969338417053, -0.033907920122146606, 0.003500131191685796, 0.5131914019584656] status=0x8003
joint_pos=[0.0, 0.0, 0.0, 0.0, 0.0, 0.0] joint_vel=[0.0, 0.0, 0.0, 0.0, 0.0, 0.0] imu_ang_vel=[0.015446333214640617, 0.004793689586222172, 0.0074568502604961395] imu_quat_wxyz=[0.8575876951217651, -0.03380349278450012, 0.0035701794549822807, 0.5132132172584534] status=0x8003
joint_pos=[0.0, 0.0, 0.0, 0.0, 0.0, 0.0] joint_vel=[0.0, 0.0, 0.0, 0.0, 0.0, 0.0] imu_ang_vel=[0.016511596739292145, 0.004261057358235121, 0.0063915858045220375] imu_quat_wxyz=[0.8575766682624817, -0.033695559948682785, 0.0036427120212465525, 0.5132383704185486] status=0x8003
joint_pos=[0.0, 0.0, 0.0, 0.0, 0.0, 0.0] joint_vel=[0.0, 0.0, 0.0, 0.0, 0.0, 0.0] imu_ang_vel=[0.016511596739292145, 0.0037284251302480698, 0.005326321814209223] imu_quat_wxyz=[0.8575670123100281, -0.033589646220207214, 0.003707724856212735, 0.513261079788208] status=0x8003
joint_pos=[0.0, 0.0, 0.0, 0.0, 0.0, 0.0] joint_vel=[0.0, 0.0, 0.0, 0.0, 0.0, 0.0] imu_ang_vel=[0.017044229432940483, 0.0026631606742739677, 0.0074568502604961395] imu_quat_wxyz=[0.857559859752655, -0.033483345061540604, 0.0037684189155697823, 0.513279378414154] status=0x8003
joint_pos=[0.0, 0.0, 0.0, 0.0, 0.0, 0.0] joint_vel=[0.0, 0.0, 0.0, 0.0, 0.0, 0.0] imu_ang_vel=[0.016511596739292145, 0.0031957929022610188, 0.0069242180325090885] imu_quat_wxyz=[0.8574588298797607, -0.033901914954185486, 0.0035265914630144835, 0.5134224891662598] status=0x8003
joint_pos=[0.0, 0.0, 0.0, 0.0, 0.0, 0.0] joint_vel=[0.0, 0.0, 0.0, 0.0, 0.0, 0.0] imu_ang_vel=[0.015978965908288956, 0.0031957929022610188, 0.005326321814209223] imu_quat_wxyz=[0.8574487566947937, -0.03378971666097641, 0.003592860884964466, 0.5134462118148804] status=0x8003
joint_pos=[0.0, 0.0, 0.0, 0.0, 0.0, 0.0] joint_vel=[0.0, 0.0, 0.0, 0.0, 0.0, 0.0] imu_ang_vel=[0.017044229432940483, 0.004261057358235121, 0.0069242180325090885] imu_quat_wxyz=[0.8574426174163818, -0.03368072956800461, 0.0036551267839968204, 0.5134631991386414] status=0x8003
joint_pos=[0.0, 0.0, 0.0, 0.0, 0.0, 0.0] joint_vel=[0.0, 0.0, 0.0, 0.0, 0.0, 0.0] imu_ang_vel=[0.016511596739292145, 0.0031957929022610188, 0.0069242180325090885] imu_quat_wxyz=[0.8574360609054565, -0.033566683530807495, 0.00371631421148777, 0.5134811997413635] status=0x8003
joint_pos=[0.0, 0.0, 0.0, 0.0, 0.0, 0.0] joint_vel=[0.0, 0.0, 0.0, 0.0, 0.0, 0.0] imu_ang_vel=[0.015446333214640617, 0.0053263213485479355, 0.005858954042196274] imu_quat_wxyz=[0.857424795627594, -0.03345617279410362, 0.0037785188760608435, 0.5135067105293274] status=0x8003
joint_pos=[0.0, 0.0, 0.0, 0.0, 0.0, 0.0] joint_vel=[0.0, 0.0, 0.0, 0.0, 0.0, 0.0] imu_ang_vel=[0.016511596739292145, 0.0031957929022610188, 0.0063915858045220375] imu_quat_wxyz=[0.8575039505958557, -0.03387001156806946, 0.003542361781001091, 0.513349175453186] status=0x8003
joint_pos=[0.0, 0.0, 0.0, 0.0, 0.0, 0.0] joint_vel=[0.0, 0.0, 0.0, 0.0, 0.0, 0.0] imu_ang_vel=[0.015446333214640617, 0.0037284251302480698, 0.0063915858045220375] imu_quat_wxyz=[0.857492983341217, -0.03376355022192001, 0.0036052591167390347, 0.5133741497993469] status=0x8003
joint_pos=[0.0, 0.0, 0.0, 0.0, 0.0, 0.0] joint_vel=[0.0, 0.0, 0.0, 0.0, 0.0, 0.0] imu_ang_vel=[0.016511596739292145, 0.0026631606742739677, 0.0063915858045220375] imu_quat_wxyz=[0.8574861288070679, -0.03365703672170639, 0.0036655934527516365, 0.5133920907974243] status=0x8003
joint_pos=[0.0, 0.0, 0.0, 0.0, 0.0, 0.0] joint_vel=[0.0, 0.0, 0.0, 0.0, 0.0, 0.0] imu_ang_vel=[0.016511596739292145, 0.0037284251302480698, 0.0063915858045220375] imu_quat_wxyz=[0.8574788570404053, -0.0335465744137764, 0.0037301441188901663, 0.5134108662605286] status=0x8003
joint_pos=[0.0, 0.0, 0.0, 0.0, 0.0, 0.0] joint_vel=[0.0, 0.0, 0.0, 0.0, 0.0, 0.0] imu_ang_vel=[0.017044229432940483, 0.0037284251302480698, 0.0069242180325090885] imu_quat_wxyz=[0.8574705123901367, -0.0334395132958889, 0.0037875415291637182, 0.5134314894676208] status=0x8003
joint_pos=[0.0, 0.0, 0.0, 0.0, 0.0, 0.0] joint_vel=[0.0, 0.0, 0.0, 0.0, 0.0, 0.0] imu_ang_vel=[0.016511596739292145, 0.004793689586222172, 0.0074568502604961395] imu_quat_wxyz=[0.8575385212898254, -0.033870428800582886, 0.0035377820022404194, 0.5132913589477539] status=0x8003
joint_pos=[0.0, 0.0, 0.0, 0.0, 0.0, 0.0] joint_vel=[0.0, 0.0, 0.0, 0.0, 0.0, 0.0] imu_ang_vel=[0.016511596739292145, 0.004261057358235121, 0.0074568502604961395] imu_quat_wxyz=[0.8575263619422913, -0.03376034274697304, 0.003601625096052885, 0.5133184194564819] status=0x8003
joint_pos=[0.0, 0.0, 0.0, 0.0, 0.0, 0.0] joint_vel=[0.0, 0.0, 0.0, 0.0, 0.0, 0.0] imu_ang_vel=[0.015446333214640617, 0.004261057358235121, 0.005858954042196274] imu_quat_wxyz=[0.8575155735015869, -0.03365044668316841, 0.0036678665783256292, 0.5133431553840637] status=0x8003
joint_pos=[0.0, 0.0, 0.0, 0.0, 0.0, 0.0] joint_vel=[0.0, 0.0, 0.0, 0.0, 0.0, 0.0] imu_ang_vel=[0.014913700520992279, 0.004793689586222172, 0.007989482954144478] imu_quat_wxyz=[0.8575083017349243, -0.03354690223932266, 0.00372800650075078, 0.5133618116378784] status=0x8003
joint_pos=[0.0, 0.0, 0.0, 0.0, 0.0, 0.0] joint_vel=[0.0, 0.0, 0.0, 0.0, 0.0, 0.0] imu_ang_vel=[0.015978965908288956, 0.0037284251302480698, 0.0069242180325090885] imu_quat_wxyz=[0.8574994802474976, -0.033446721732616425, 0.0037882784381508827, 0.5133825540542603] status=0x8003
joint_pos=[0.0, 0.0, 0.0, 0.0, 0.0, 0.0] joint_vel=[0.0, 0.0, 0.0, 0.0, 0.0, 0.0] imu_ang_vel=[0.014913700520992279, 0.0037284251302480698, 0.0074568502604961395] imu_quat_wxyz=[0.8574987649917603, -0.03389642387628555, 0.0035162698477506638, 0.5133562684059143] status=0x8003
joint_pos=[0.0, 0.0, 0.0, 0.0, 0.0, 0.0] joint_vel=[0.0, 0.0, 0.0, 0.0, 0.0, 0.0] imu_ang_vel=[0.016511596739292145, 0.0026631606742739677, 0.005326321814209223] imu_quat_wxyz=[0.857490599155426, -0.03379115089774132, 0.0035813897848129272, 0.5133762955665588] status=0x8003
joint_pos=[0.0, 0.0, 0.0, 0.0, 0.0, 0.0] joint_vel=[0.0, 0.0, 0.0, 0.0, 0.0, 0.0] imu_ang_vel=[0.015446333214640617, 0.0015978964511305094, 0.0063915858045220375] imu_quat_wxyz=[0.8574840426445007, -0.0336846262216568, 0.0036443115677684546, 0.513393759727478] status=0x8003
joint_pos=[0.0, 0.0, 0.0, 0.0, 0.0, 0.0] joint_vel=[0.0, 0.0, 0.0, 0.0, 0.0, 0.0] imu_ang_vel=[0.01810949295759201, 0.0026631609071046114, 0.009054746478796005] imu_quat_wxyz=[0.8574755787849426, -0.0335792675614357, 0.003701490582898259, 0.5134144425392151] status=0x8003
joint_pos=[0.0, 0.0, 0.0, 0.0, 0.0, 0.0] joint_vel=[0.0, 0.0, 0.0, 0.0, 0.0, 0.0] imu_ang_vel=[0.016511596739292145, 0.0031957929022610188, 0.0074568502604961395] imu_quat_wxyz=[0.8574627637863159, -0.03346802666783333, 0.003768162103369832, 0.5134426951408386] status=0x8003
joint_pos=[0.0, 0.0, 0.0, 0.0, 0.0, 0.0] joint_vel=[0.0, 0.0, 0.0, 0.0, 0.0, 0.0] imu_ang_vel=[0.017044229432940483, 0.0031957929022610188, 0.005858954042196274] imu_quat_wxyz=[0.8574240207672119, -0.03394297882914543, 0.0034876735880970955, 0.51347815990448] status=0x8003
joint_pos=[0.0, 0.0, 0.0, 0.0, 0.0, 0.0] joint_vel=[0.0, 0.0, 0.0, 0.0, 0.0, 0.0] imu_ang_vel=[0.01757686212658882, 0.0037284251302480698, 0.004261057358235121] imu_quat_wxyz=[0.8574138283729553, -0.0337735190987587, 0.0035747296642512083, 0.5135056376457214] status=0x8003
joint_pos=[0.0, 0.0, 0.0, 0.0, 0.0, 0.0] joint_vel=[0.0, 0.0, 0.0, 0.0, 0.0, 0.0] imu_ang_vel=[0.014913700520992279, 0.0031957929022610188, 0.0063915858045220375] imu_quat_wxyz=[0.8574090600013733, -0.03366046026349068, 0.003636064939200878, 0.5135205984115601] status=0x8003
joint_pos=[0.0, 0.0, 0.0, 0.0, 0.0, 0.0] joint_vel=[0.0, 0.0, 0.0, 0.0, 0.0, 0.0] imu_ang_vel=[0.015446333214640617, 0.0037284251302480698, 0.0074568502604961395] imu_quat_wxyz=[0.8574003577232361, -0.03355716913938522, 0.003698486601933837, 0.513541579246521] status=0x8003
joint_pos=[0.0, 0.0, 0.0, 0.0, 0.0, 0.0] joint_vel=[0.0, 0.0, 0.0, 0.0, 0.0, 0.0] imu_ang_vel=[0.015978965908288956, 0.0026631606742739677, 0.0063915858045220375] imu_quat_wxyz=[0.8573883771896362, -0.033449385315179825, 0.003756288904696703, 0.5135682225227356] status=0x8003
joint_pos=[0.0, 0.0, 0.0, 0.0, 0.0, 0.0] joint_vel=[0.0, 0.0, 0.0, 0.0, 0.0, 0.0] imu_ang_vel=[0.015446333214640617, 0.004261057358235121, 0.0063915858045220375] imu_quat_wxyz=[0.8574085235595703, -0.03384745493531227, 0.0035109983291476965, 0.5135101675987244] status=0x8003
joint_pos=[0.0, 0.0, 0.0, 0.0, 0.0, 0.0] joint_vel=[0.0, 0.0, 0.0, 0.0, 0.0, 0.0] imu_ang_vel=[0.01757686212658882, 0.0021305286791175604, 0.0069242180325090885] imu_quat_wxyz=[0.8574008941650391, -0.03374321758747101, 0.0035713359247893095, 0.5135294198989868] status=0x8003
joint_pos=[0.0, 0.0, 0.0, 0.0, 0.0, 0.0] joint_vel=[0.0, 0.0, 0.0, 0.0, 0.0, 0.0] imu_ang_vel=[0.014913700520992279, 0.0031957929022610188, 0.0069242180325090885] imu_quat_wxyz=[0.857391357421875, -0.03363604098558426, 0.003638988360762596, 0.5135517716407776] status=0x8003
joint_pos=[0.0, 0.0, 0.0, 0.0, 0.0, 0.0] joint_vel=[0.0, 0.0, 0.0, 0.0, 0.0, 0.0] imu_ang_vel=[0.014913700520992279, 0.0031957929022610188, 0.0069242180325090885] imu_quat_wxyz=[0.8573810458183289, -0.033530645072460175, 0.003702273592352867, 0.5135754346847534] status=0x8003
joint_pos=[0.0, 0.0, 0.0, 0.0, 0.0, 0.0] joint_vel=[0.0, 0.0, 0.0, 0.0, 0.0, 0.0] imu_ang_vel=[0.01864212565124035, 0.004261057358235121, 0.0074568502604961395] imu_quat_wxyz=[0.8573737740516663, -0.03342423215508461, 0.0037667397409677505, 0.5135941505432129] status=0x8003
joint_pos=[0.0, 0.0, 0.0, 0.0, 0.0, 0.0] joint_vel=[0.0, 0.0, 0.0, 0.0, 0.0, 0.0] imu_ang_vel=[0.014913700520992279, 0.004261057358235121, 0.0063915858045220375] imu_quat_wxyz=[0.8573262095451355, -0.033897630870342255, 0.003479650942608714, 0.5136444568634033] status=0x8003
joint_pos=[0.0, 0.0, 0.0, 0.0, 0.0, 0.0] joint_vel=[0.0, 0.0, 0.0, 0.0, 0.0, 0.0] imu_ang_vel=[0.01757686212658882, 0.0037284251302480698, 0.0074568502604961395] imu_quat_wxyz=[0.8573141694068909, -0.033739667385816574, 0.003566633677110076, 0.5136743783950806] status=0x8003
joint_pos=[0.0, 0.0, 0.0, 0.0, 0.0, 0.0] joint_vel=[0.0, 0.0, 0.0, 0.0, 0.0, 0.0] imu_ang_vel=[0.015978965908288956, 0.0026631606742739677, 0.0063915858045220375] imu_quat_wxyz=[0.857302188873291, -0.03362741693854332, 0.0036255870945751667, 0.5137012004852295] status=0x8003
joint_pos=[0.0, 0.0, 0.0, 0.0, 0.0, 0.0] joint_vel=[0.0, 0.0, 0.0, 0.0, 0.0, 0.0] imu_ang_vel=[0.01810949295759201, 0.0026631606742739677, 0.0069242180325090885] imu_quat_wxyz=[0.8572943806648254, -0.0335187092423439, 0.0036883812863379717, 0.5137211084365845] status=0x8003
joint_pos=[0.0, 0.0, 0.0, 0.0, 0.0, 0.0] joint_vel=[0.0, 0.0, 0.0, 0.0, 0.0, 0.0] imu_ang_vel=[0.017044229432940483, 0.0037284251302480698, 0.0063915858045220375] imu_quat_wxyz=[0.8572835922241211, -0.03340931981801987, 0.0037546001840382814, 0.5137456059455872] status=0x8003
joint_pos=[0.0, 0.0, 0.0, 0.0, 0.0, 0.0] joint_vel=[0.0, 0.0, 0.0, 0.0, 0.0, 0.0] imu_ang_vel=[0.015978965908288956, 0.004793689586222172, 0.0074568502604961395] imu_quat_wxyz=[0.8572088479995728, -0.03379618003964424, 0.003517547156661749, 0.513846755027771] status=0x8003
joint_pos=[0.0, 0.0, 0.0, 0.0, 0.0, 0.0] joint_vel=[0.0, 0.0, 0.0, 0.0, 0.0, 0.0] imu_ang_vel=[0.016511596739292145, 0.004793689586222172, 0.005858954042196274] imu_quat_wxyz=[0.8572006821632385, -0.033689770847558975, 0.0035807923413813114, 0.5138670206069946] status=0x8003
joint_pos=[0.0, 0.0, 0.0, 0.0, 0.0, 0.0] joint_vel=[0.0, 0.0, 0.0, 0.0, 0.0, 0.0] imu_ang_vel=[0.015978965908288956, 0.0031957929022610188, 0.0063915858045220375] imu_quat_wxyz=[0.8571900129318237, -0.03357802703976631, 0.003647388191893697, 0.5138915181159973] status=0x8003
joint_pos=[0.0, 0.0, 0.0, 0.0, 0.0, 0.0] joint_vel=[0.0, 0.0, 0.0, 0.0, 0.0, 0.0] imu_ang_vel=[0.015446333214640617, 0.0031957929022610188, 0.0063915858045220375] imu_quat_wxyz=[0.8571808934211731, -0.033481281250715256, 0.003708234988152981, 0.5139127373695374] status=0x8003
