Log file: /home/cx/robot_deploy/log/2026-07-15_17-42-56.txt
Connected to /dev/ttyACM0 at 921600 baud; loop rate 200 Hz.
joint_pos=[0.0, 0.0, 0.0, 0.0, 0.0, 0.0] imu_ang_vel=[0.0, 0.0, 0.0] imu_quat_wxyz=[-0.7224075794219971, 0.09108958393335342, 0.054347794502973557, 0.6832834482192993]
joint_pos=[0.0, 0.0, 0.0, 0.0, 0.0, 0.0] imu_ang_vel=[0.0, 0.0, 0.0] imu_quat_wxyz=[-0.7224075794219971, 0.09108958393335342, 0.054347794502973557, 0.6832834482192993]
joint_pos=[0.0, 0.0, 0.0, 0.0, 0.0, 0.0] imu_ang_vel=[0.0, 0.0, 0.0] imu_quat_wxyz=[-0.7226413488388062, 0.09074784070253372, 0.05401112511754036, 0.6831084489822388]
joint_pos=[0.0, 0.0, 0.0, 0.0, 0.0, 0.0] imu_ang_vel=[0.0, 0.0, 0.0] imu_quat_wxyz=[-0.7226413488388062, 0.09074784070253372, 0.05401112511754036, 0.6831084489822388]
joint_pos=[0.0, 0.0, 0.0, 0.0, 0.0, 0.0] imu_ang_vel=[0.0, 0.0, 0.0] imu_quat_wxyz=[-0.7227968573570251, 0.09055989235639572, 0.053776971995830536, 0.6829872727394104]
joint_pos=[0.0, 0.0, 0.0, 0.0, 0.0, 0.0] imu_ang_vel=[0.0, 0.0, 0.0] imu_quat_wxyz=[-0.7227968573570251, 0.09055989235639572, 0.053776971995830536, 0.6829872727394104]
joint_pos=[0.0, 0.0, 0.0, 0.0, 0.0, 0.0] imu_ang_vel=[0.0, 0.0, 0.0] imu_quat_wxyz=[-0.722935140132904, 0.09041647613048553, 0.053662966936826706, 0.6828687787055969]
joint_pos=[0.0, 0.0, 0.0, 0.0, 0.0, 0.0] imu_ang_vel=[0.0, 0.0, 0.0] imu_quat_wxyz=[-0.722935140132904, 0.09041647613048553, 0.053662966936826706, 0.6828687787055969]
joint_pos=[0.0, 0.0, 0.0, 0.0, 0.0, 0.0] imu_ang_vel=[0.0, 0.0, 0.0] imu_quat_wxyz=[-0.7229081392288208, 0.09055794775485992, 0.05374595895409584, 0.6828721761703491]
joint_pos=[0.0, 0.0, 0.0, 0.0, 0.0, 0.0] imu_ang_vel=[0.0, 0.0, 0.0] imu_quat_wxyz=[-0.7229081392288208, 0.09055794775485992, 0.05374595895409584, 0.6828721761703491]
joint_pos=[0.0, 0.0, 0.0, 0.0, 0.0, 0.0] imu_ang_vel=[0.0, 0.0, 0.0] imu_quat_wxyz=[-0.7228103280067444, 0.09074057638645172, 0.05391334369778633, 0.6829382181167603]
joint_pos=[0.0, 0.0, 0.0, 0.0, 0.0, 0.0] imu_ang_vel=[0.0, 0.0, 0.0] imu_quat_wxyz=[-0.7228103280067444, 0.09074057638645172, 0.05391334369778633, 0.6829382181167603]
joint_pos=[0.0, 0.0, 0.0, 0.0, 0.0, 0.0] imu_ang_vel=[0.0, 0.0, 0.0] imu_quat_wxyz=[-0.7227851748466492, 0.09082284569740295, 0.053995005786418915, 0.6829475164413452]
joint_pos=[0.0, 0.0, 0.0, 0.0, 0.0, 0.0] imu_ang_vel=[0.0, 0.0, 0.0] imu_quat_wxyz=[-0.7227851748466492, 0.09082284569740295, 0.053995005786418915, 0.6829475164413452]
joint_pos=[0.0, 0.0, 0.0, 0.0, 0.0, 0.0] imu_ang_vel=[0.0, 0.0, 0.0] imu_quat_wxyz=[-0.7227444052696228, 0.09087461233139038, 0.054098233580589294, 0.6829754710197449]
joint_pos=[0.0, 0.0, 0.0, 0.0, 0.0, 0.0] imu_ang_vel=[0.0, 0.0, 0.0] imu_quat_wxyz=[-0.7227444052696228, 0.09087461233139038, 0.054098233580589294, 0.6829754710197449]
joint_pos=[0.0, 0.0, 0.0, 0.0, 0.0, 0.0] imu_ang_vel=[0.0, 0.0, 0.0] imu_quat_wxyz=[-0.7226104140281677, 0.09110719710588455, 0.0542738251388073, 0.6830725073814392]
joint_pos=[0.0, 0.0, 0.0, 0.0, 0.0, 0.0] imu_ang_vel=[0.0, 0.0, 0.0] imu_quat_wxyz=[-0.7226104140281677, 0.09110719710588455, 0.0542738251388073, 0.6830725073814392]
joint_pos=[0.0, 0.0, 0.0, 0.0, 0.0, 0.0] imu_ang_vel=[0.0, 0.0, 0.0] imu_quat_wxyz=[-0.7226348519325256, 0.09104571491479874, 0.05419590696692467, 0.6830609440803528]
joint_pos=[0.0, 0.0, 0.0, 0.0, 0.0, 0.0] imu_ang_vel=[0.0, 0.0, 0.0] imu_quat_wxyz=[-0.7226348519325256, 0.09104571491479874, 0.05419590696692467, 0.6830609440803528]
joint_pos=[0.0, 0.0, 0.0, 0.0, 0.0, 0.0] imu_ang_vel=[0.0, 0.0, 0.0] imu_quat_wxyz=[-0.7226139903068542, 0.09106142073869705, 0.05420764163136482, 0.6830800771713257]
joint_pos=[0.0, 0.0, 0.0, 0.0, 0.0, 0.0] imu_ang_vel=[0.0, 0.0, 0.0] imu_quat_wxyz=[-0.7226139903068542, 0.09106142073869705, 0.05420764163136482, 0.6830800771713257]
joint_pos=[0.0, 0.0, 0.0, 0.0, 0.0, 0.0] imu_ang_vel=[0.0, 0.0, 0.0] imu_quat_wxyz=[-0.7225196957588196, 0.09122087061405182, 0.054301198571920395, 0.683151125907898]
joint_pos=[0.0, 0.0, 0.0, 0.0, 0.0, 0.0] imu_ang_vel=[0.0, 0.0, 0.0] imu_quat_wxyz=[-0.7225196957588196, 0.09122087061405182, 0.054301198571920395, 0.683151125907898]
joint_pos=[0.0, 0.0, 0.0, 0.0, 0.0, 0.0] imu_ang_vel=[0.0, 0.0, 0.0] imu_quat_wxyz=[-0.7225033044815063, 0.09126389026641846, 0.05423477664589882, 0.6831679940223694]
joint_pos=[0.0, 0.0, 0.0, 0.0, 0.0, 0.0] imu_ang_vel=[0.0, 0.0, 0.0] imu_quat_wxyz=[-0.7225033044815063, 0.09126389026641846, 0.05423477664589882, 0.6831679940223694]
joint_pos=[0.0, 0.0, 0.0, 0.0, 0.0, 0.0] imu_ang_vel=[0.0, 0.0, 0.0] imu_quat_wxyz=[-0.7226526141166687, 0.09095923602581024, 0.05403948575258255, 0.6830661296844482]
joint_pos=[0.0, 0.0, 0.0, 0.0, 0.0, 0.0] imu_ang_vel=[0.0, 0.0, 0.0] imu_quat_wxyz=[-0.7226526141166687, 0.09095923602581024, 0.05403948575258255, 0.6830661296844482]
joint_pos=[0.0, 0.0, 0.0, 0.0, 0.0, 0.0] imu_ang_vel=[0.0, 0.0, 0.0] imu_quat_wxyz=[-0.722609281539917, 0.09099423140287399, 0.05415121838450432, 0.6830984354019165]
joint_pos=[0.0, 0.0, 0.0, 0.0, 0.0, 0.0] imu_ang_vel=[0.0, 0.0, 0.0] imu_quat_wxyz=[-0.722609281539917, 0.09099423140287399, 0.05415121838450432, 0.6830984354019165]
joint_pos=[0.0, 0.0, 0.0, 0.0, 0.0, 0.0] imu_ang_vel=[0.0, 0.0, 0.0] imu_quat_wxyz=[-0.7223653197288513, 0.09136886894702911, 0.054529961198568344, 0.683276355266571]
joint_pos=[0.0, 0.0, 0.0, 0.0, 0.0, 0.0] imu_ang_vel=[0.0, 0.0, 0.0] imu_quat_wxyz=[-0.7223653197288513, 0.09136886894702911, 0.054529961198568344, 0.683276355266571]
joint_pos=[0.0, 0.0, 0.0, 0.0, 0.0, 0.0] imu_ang_vel=[0.0, 0.0, 0.0] imu_quat_wxyz=[-0.7221052050590515, 0.09171047061681747, 0.05478287860751152, 0.6834852695465088]
joint_pos=[0.0, 0.0, 0.0, 0.0, 0.0, 0.0] imu_ang_vel=[0.0, 0.0, 0.0] imu_quat_wxyz=[-0.7221052050590515, 0.09171047061681747, 0.05478287860751152, 0.6834852695465088]
joint_pos=[0.0, 0.0, 0.0, 0.0, 0.0, 0.0] imu_ang_vel=[0.0, 0.0, 0.0] imu_quat_wxyz=[-0.7218933701515198, 0.09187933802604675, 0.054986804723739624, 0.6836698055267334]
joint_pos=[0.0, 0.0, 0.0, 0.0, 0.0, 0.0] imu_ang_vel=[0.0, 0.0, 0.0] imu_quat_wxyz=[-0.7218933701515198, 0.09187933802604675, 0.054986804723739624, 0.6836698055267334]
joint_pos=[0.0, 0.0, 0.0, 0.0, 0.0, 0.0] imu_ang_vel=[0.0, 0.0, 0.0] imu_quat_wxyz=[-0.7218527793884277, 0.09177690744400024, 0.05493142828345299, 0.6837309002876282]
joint_pos=[0.0, 0.0, 0.0, 0.0, 0.0, 0.0] imu_ang_vel=[0.0, 0.0, 0.0] imu_quat_wxyz=[-0.7218527793884277, 0.09177690744400024, 0.05493142828345299, 0.6837309002876282]
joint_pos=[0.0, 0.0, 0.0, 0.0, 0.0, 0.0] imu_ang_vel=[0.0, 0.0, 0.0] imu_quat_wxyz=[-0.7219279408454895, 0.09154708683490753, 0.054722774773836136, 0.6836991906166077]
joint_pos=[0.0, 0.0, 0.0, 0.0, 0.0, 0.0] imu_ang_vel=[0.0, 0.0, 0.0] imu_quat_wxyz=[-0.7219279408454895, 0.09154708683490753, 0.054722774773836136, 0.6836991906166077]
joint_pos=[0.0, 0.0, 0.0, 0.0, 0.0, 0.0] imu_ang_vel=[0.0, 0.0, 0.0] imu_quat_wxyz=[-0.7219491600990295, 0.09140460193157196, 0.05462576448917389, 0.6837035417556763]
joint_pos=[0.0, 0.0, 0.0, 0.0, 0.0, 0.0] imu_ang_vel=[0.0, 0.0, 0.0] imu_quat_wxyz=[-0.7219491600990295, 0.09140460193157196, 0.05462576448917389, 0.6837035417556763]
joint_pos=[0.0, 0.0, 0.0, 0.0, 0.0, 0.0] imu_ang_vel=[0.0, 0.0, 0.0] imu_quat_wxyz=[-0.7218704223632812, 0.09145814180374146, 0.05466931313276291, 0.6837760806083679]
joint_pos=[0.0, 0.0, 0.0, 0.0, 0.0, 0.0] imu_ang_vel=[0.0, 0.0, 0.0] imu_quat_wxyz=[-0.7218704223632812, 0.09145814180374146, 0.05466931313276291, 0.6837760806083679]
joint_pos=[0.0, 0.0, 0.0, 0.0, 0.0, 0.0] imu_ang_vel=[0.0, 0.0, 0.0] imu_quat_wxyz=[-0.7216666340827942, 0.09171519428491592, 0.0548647865653038, 0.683941125869751]
joint_pos=[0.0, 0.0, 0.0, 0.0, 0.0, 0.0] imu_ang_vel=[0.0, 0.0, 0.0] imu_quat_wxyz=[-0.7216666340827942, 0.09171519428491592, 0.0548647865653038, 0.683941125869751]
joint_pos=[0.0, 0.0, 0.0, 0.0, 0.0, 0.0] imu_ang_vel=[0.0, 0.0, 0.0] imu_quat_wxyz=[-0.7214696407318115, 0.09187455475330353, 0.05506756156682968, 0.6841112375259399]
joint_pos=[0.0, 0.0, 0.0, 0.0, 0.0, 0.0] imu_ang_vel=[0.0, 0.0, 0.0] imu_quat_wxyz=[-0.7214696407318115, 0.09187455475330353, 0.05506756156682968, 0.6841112375259399]
joint_pos=[0.0, 0.0, 0.0, 0.0, 0.0, 0.0] imu_ang_vel=[0.0, 0.0, 0.0] imu_quat_wxyz=[-0.721568763256073, 0.09156619757413864, 0.054855745285749435, 0.684065043926239]
joint_pos=[0.0, 0.0, 0.0, 0.0, 0.0, 0.0] imu_ang_vel=[0.0, 0.0, 0.0] imu_quat_wxyz=[-0.721568763256073, 0.09156619757413864, 0.054855745285749435, 0.684065043926239]
joint_pos=[0.0, 0.0, 0.0, 0.0, 0.0, 0.0] imu_ang_vel=[0.0, 0.0, 0.0] imu_quat_wxyz=[-0.7216306328773499, 0.0913771539926529, 0.05471092462539673, 0.6840366721153259]
joint_pos=[0.0, 0.0, 0.0, 0.0, 0.0, 0.0] imu_ang_vel=[0.0, 0.0, 0.0] imu_quat_wxyz=[-0.7216306328773499, 0.0913771539926529, 0.05471092462539673, 0.6840366721153259]
joint_pos=[0.0, 0.0, 0.0, 0.0, 0.0, 0.0] imu_ang_vel=[0.0, 0.0, 0.0] imu_quat_wxyz=[-0.7215621471405029, 0.09136222302913666, 0.05474303290247917, 0.684108316898346]
joint_pos=[0.0, 0.0, 0.0, 0.0, 0.0, 0.0] imu_ang_vel=[0.0, 0.0, 0.0] imu_quat_wxyz=[-0.7215621471405029, 0.09136222302913666, 0.05474303290247917, 0.684108316898346]
joint_pos=[0.0, 0.0, 0.0, 0.0, 0.0, 0.0] imu_ang_vel=[0.0, 0.0, 0.0] imu_quat_wxyz=[-0.721611499786377, 0.09125220775604248, 0.05455513298511505, 0.6840859651565552]
joint_pos=[0.0, 0.0, 0.0, 0.0, 0.0, 0.0] imu_ang_vel=[0.0, 0.0, 0.0] imu_quat_wxyz=[-0.721611499786377, 0.09125220775604248, 0.05455513298511505, 0.6840859651565552]
joint_pos=[0.0, 0.0, 0.0, 0.0, 0.0, 0.0] imu_ang_vel=[0.0, 0.0, 0.0] imu_quat_wxyz=[-0.7216351628303528, 0.0912037044763565, 0.054477859288454056, 0.6840735673904419]
joint_pos=[0.0, 0.0, 0.0, 0.0, 0.0, 0.0] imu_ang_vel=[0.0, 0.0, 0.0] imu_quat_wxyz=[-0.7216351628303528, 0.0912037044763565, 0.054477859288454056, 0.6840735673904419]
joint_pos=[0.0, 0.0, 0.0, 0.0, 0.0, 0.0] imu_ang_vel=[0.0, 0.0, 0.0] imu_quat_wxyz=[-0.7216245532035828, 0.09120859205722809, 0.05441407859325409, 0.684089183807373]
joint_pos=[0.0, 0.0, 0.0, 0.0, 0.0, 0.0] imu_ang_vel=[0.0, 0.0, 0.0] imu_quat_wxyz=[-0.7216245532035828, 0.09120859205722809, 0.05441407859325409, 0.684089183807373]
joint_pos=[0.0, 0.0, 0.0, 0.0, 0.0, 0.0] imu_ang_vel=[0.0, 0.0, 0.0] imu_quat_wxyz=[-0.7215040922164917, 0.09136496484279633, 0.05452999100089073, 0.6841862201690674]
joint_pos=[0.0, 0.0, 0.0, 0.0, 0.0, 0.0] imu_ang_vel=[0.0, 0.0, 0.0] imu_quat_wxyz=[-0.7215040922164917, 0.09136496484279633, 0.05452999100089073, 0.6841862201690674]
joint_pos=[0.0, 0.0, 0.0, 0.0, 0.0, 0.0] imu_ang_vel=[0.0, 0.0, 0.0] imu_quat_wxyz=[-0.7213703989982605, 0.09150930494070053, 0.054606616497039795, 0.6843017339706421]
joint_pos=[0.0, 0.0, 0.0, 0.0, 0.0, 0.0] imu_ang_vel=[0.0, 0.0, 0.0] imu_quat_wxyz=[-0.7213703989982605, 0.09150930494070053, 0.054606616497039795, 0.6843017339706421]
joint_pos=[0.0, 0.0, 0.0, 0.0, 0.0, 0.0] imu_ang_vel=[0.0, 0.0, 0.0] imu_quat_wxyz=[-0.7212210297584534, 0.09170398861169815, 0.054711129516363144, 0.6844248175621033]
joint_pos=[0.0, 0.0, 0.0, 0.0, 0.0, 0.0] imu_ang_vel=[0.0, 0.0, 0.0] imu_quat_wxyz=[-0.7212210297584534, 0.09170398861169815, 0.054711129516363144, 0.6844248175621033]
joint_pos=[0.0, 0.0, 0.0, 0.0, 0.0, 0.0] imu_ang_vel=[0.0, 0.0, 0.0] imu_quat_wxyz=[-0.7210934162139893, 0.09182384610176086, 0.05478847026824951, 0.6845370531082153]
joint_pos=[0.0, 0.0, 0.0, 0.0, 0.0, 0.0] imu_ang_vel=[0.0, 0.0, 0.0] imu_quat_wxyz=[-0.7210934162139893, 0.09182384610176086, 0.05478847026824951, 0.6845370531082153]
joint_pos=[0.0, 0.0, 0.0, 0.0, 0.0, 0.0] imu_ang_vel=[0.0, 0.0, 0.0] imu_quat_wxyz=[-0.7208186388015747, 0.0922030359506607, 0.054979875683784485, 0.6847599744796753]
joint_pos=[0.0, 0.0, 0.0, 0.0, 0.0, 0.0] imu_ang_vel=[0.0, 0.0, 0.0] imu_quat_wxyz=[-0.7208186388015747, 0.0922030359506607, 0.054979875683784485, 0.6847599744796753]
joint_pos=[0.0, 0.0, 0.0, 0.0, 0.0, 0.0] imu_ang_vel=[0.0, 0.0, 0.0] imu_quat_wxyz=[-0.7204822301864624, 0.09256895631551743, 0.05518197640776634, 0.6850484609603882]
joint_pos=[0.0, 0.0, 0.0, 0.0, 0.0, 0.0] imu_ang_vel=[0.0, 0.0, 0.0] imu_quat_wxyz=[-0.7204822301864624, 0.09256895631551743, 0.05518197640776634, 0.6850484609603882]
joint_pos=[0.0, 0.0, 0.0, 0.0, 0.0, 0.0] imu_ang_vel=[0.0, 0.0, 0.0] imu_quat_wxyz=[-0.7206507921218872, 0.09207621216773987, 0.05474554002285004, 0.6849725246429443]
joint_pos=[0.0, 0.0, 0.0, 0.0, 0.0, 0.0] imu_ang_vel=[0.0, 0.0, 0.0] imu_quat_wxyz=[-0.7206507921218872, 0.09207621216773987, 0.05474554002285004, 0.6849725246429443]
joint_pos=[0.0, 0.0, 0.0, 0.0, 0.0, 0.0] imu_ang_vel=[0.0, 0.0, 0.0] imu_quat_wxyz=[-0.721195638179779, 0.09103909879922867, 0.053952377289533615, 0.6846005916595459]
joint_pos=[0.0, 0.0, 0.0, 0.0, 0.0, 0.0] imu_ang_vel=[0.0, 0.0, 0.0] imu_quat_wxyz=[-0.721195638179779, 0.09103909879922867, 0.053952377289533615, 0.6846005916595459]
joint_pos=[0.0, 0.0, 0.0, 0.0, 0.0, 0.0] imu_ang_vel=[0.0, 0.0, 0.0] imu_quat_wxyz=[-0.7212607264518738, 0.0909515768289566, 0.05381844937801361, 0.6845541596412659]
joint_pos=[0.0, 0.0, 0.0, 0.0, 0.0, 0.0] imu_ang_vel=[0.0, 0.0, 0.0] imu_quat_wxyz=[-0.7212607264518738, 0.0909515768289566, 0.05381844937801361, 0.6845541596412659]
joint_pos=[0.0, 0.0, 0.0, 0.0, 0.0, 0.0] imu_ang_vel=[0.0, 0.0, 0.0] imu_quat_wxyz=[-0.7211018204689026, 0.09118640422821045, 0.05402147024869919, 0.6846743226051331]
joint_pos=[0.0, 0.0, 0.0, 0.0, 0.0, 0.0] imu_ang_vel=[0.0, 0.0, 0.0] imu_quat_wxyz=[-0.7211018204689026, 0.09118640422821045, 0.05402147024869919, 0.6846743226051331]
joint_pos=[0.0, 0.0, 0.0, 0.0, 0.0, 0.0] imu_ang_vel=[0.0, 0.0, 0.0] imu_quat_wxyz=[-0.7211679220199585, 0.09105563163757324, 0.05393429473042488, 0.6846288442611694]
joint_pos=[0.0, 0.0, 0.0, 0.0, 0.0, 0.0] imu_ang_vel=[0.0, 0.0, 0.0] imu_quat_wxyz=[-0.7211679220199585, 0.09105563163757324, 0.05393429473042488, 0.6846288442611694]
joint_pos=[0.0, 0.0, 0.0, 0.0, 0.0, 0.0] imu_ang_vel=[0.0, 0.0, 0.0] imu_quat_wxyz=[-0.7212891578674316, 0.09087743610143661, 0.0537891685962677, 0.684536337852478]
joint_pos=[0.0, 0.0, 0.0, 0.0, 0.0, 0.0] imu_ang_vel=[0.0, 0.0, 0.0] imu_quat_wxyz=[-0.7212891578674316, 0.09087743610143661, 0.0537891685962677, 0.684536337852478]
joint_pos=[0.0, 0.0, 0.0, 0.0, 0.0, 0.0] imu_ang_vel=[0.0, 0.0, 0.0] imu_quat_wxyz=[-0.7213910818099976, 0.09074997156858444, 0.053704313933849335, 0.684452474117279]
joint_pos=[0.0, 0.0, 0.0, 0.0, 0.0, 0.0] imu_ang_vel=[0.0, 0.0, 0.0] imu_quat_wxyz=[-0.7213910818099976, 0.09074997156858444, 0.053704313933849335, 0.684452474117279]
joint_pos=[0.0, 0.0, 0.0, 0.0, 0.0, 0.0] imu_ang_vel=[0.0, 0.0, 0.0] imu_quat_wxyz=[-0.7213923335075378, 0.09079346805810928, 0.0537647046148777, 0.6844406723976135]
joint_pos=[0.0, 0.0, 0.0, 0.0, 0.0, 0.0] imu_ang_vel=[0.0, 0.0, 0.0] imu_quat_wxyz=[-0.7213923335075378, 0.09079346805810928, 0.0537647046148777, 0.6844406723976135]
joint_pos=[0.0, 0.0, 0.0, 0.0, 0.0, 0.0] imu_ang_vel=[0.0, 0.0, 0.0] imu_quat_wxyz=[-0.7213501334190369, 0.09084110707044601, 0.05380808189511299, 0.6844754219055176]
joint_pos=[0.0, 0.0, 0.0, 0.0, 0.0, 0.0] imu_ang_vel=[0.0, 0.0, 0.0] imu_quat_wxyz=[-0.7213501334190369, 0.09084110707044601, 0.05380808189511299, 0.6844754219055176]
joint_pos=[0.0, 0.0, 0.0, 0.0, 0.0, 0.0] imu_ang_vel=[0.0, 0.0, 0.0] imu_quat_wxyz=[-0.7212434411048889, 0.09099332988262177, 0.053926777094602585, 0.6845582723617554]
joint_pos=[0.0, 0.0, 0.0, 0.0, 0.0, 0.0] imu_ang_vel=[0.0, 0.0, 0.0] imu_quat_wxyz=[-0.7212434411048889, 0.09099332988262177, 0.053926777094602585, 0.6845582723617554]
joint_pos=[0.0, 0.0, 0.0, 0.0, 0.0, 0.0] imu_ang_vel=[0.0, 0.0, 0.0] imu_quat_wxyz=[-0.72099369764328, 0.09136201441287994, 0.05423089116811752, 0.6847482323646545]
joint_pos=[0.0, 0.0, 0.0, 0.0, 0.0, 0.0] imu_ang_vel=[0.0, 0.0, 0.0] imu_quat_wxyz=[-0.72099369764328, 0.09136201441287994, 0.05423089116811752, 0.6847482323646545]
joint_pos=[0.0, 0.0, 0.0, 0.0, 0.0, 0.0] imu_ang_vel=[0.0, 0.0, 0.0] imu_quat_wxyz=[-0.7208062410354614, 0.09161272644996643, 0.05438564345240593, 0.6848998069763184]
joint_pos=[0.0, 0.0, 0.0, 0.0, 0.0, 0.0] imu_ang_vel=[0.0, 0.0, 0.0] imu_quat_wxyz=[-0.7208062410354614, 0.09161272644996643, 0.05438564345240593, 0.6848998069763184]
joint_pos=[0.0, 0.0, 0.0, 0.0, 0.0, 0.0] imu_ang_vel=[0.0, 0.0, 0.0] imu_quat_wxyz=[-0.7207971811294556, 0.09157076478004456, 0.054338280111551285, 0.6849187016487122]
joint_pos=[0.0, 0.0, 0.0, 0.0, 0.0, 0.0] imu_ang_vel=[0.0, 0.0, 0.0] imu_quat_wxyz=[-0.7207971811294556, 0.09157076478004456, 0.054338280111551285, 0.6849187016487122]
joint_pos=[0.0, 0.0, 0.0, 0.0, 0.0, 0.0] imu_ang_vel=[0.0, 0.0, 0.0] imu_quat_wxyz=[-0.7209036350250244, 0.09130249917507172, 0.05422306805849075, 0.6848514676094055]
joint_pos=[0.0, 0.0, 0.0, 0.0, 0.0, 0.0] imu_ang_vel=[0.0, 0.0, 0.0] imu_quat_wxyz=[-0.7209036350250244, 0.09130249917507172, 0.05422306805849075, 0.6848514676094055]
joint_pos=[0.0, 0.0, 0.0, 0.0, 0.0, 0.0] imu_ang_vel=[0.0, 0.0, 0.0] imu_quat_wxyz=[-0.7209522128105164, 0.0911572277545929, 0.05415455996990204, 0.6848252415657043]
joint_pos=[0.0, 0.0, 0.0, 0.0, 0.0, 0.0] imu_ang_vel=[0.0, 0.0, 0.0] imu_quat_wxyz=[-0.7209522128105164, 0.0911572277545929, 0.05415455996990204, 0.6848252415657043]
joint_pos=[0.0, 0.0, 0.0, 0.0, 0.0, 0.0] imu_ang_vel=[0.0, 0.0, 0.0] imu_quat_wxyz=[-0.7208240628242493, 0.09131765365600586, 0.05433383584022522, 0.6849244236946106]
joint_pos=[0.0, 0.0, 0.0, 0.0, 0.0, 0.0] imu_ang_vel=[0.0, 0.0, 0.0] imu_quat_wxyz=[-0.7208240628242493, 0.09131765365600586, 0.05433383584022522, 0.6849244236946106]
joint_pos=[0.0, 0.0, 0.0, 0.0, 0.0, 0.0] imu_ang_vel=[0.0, 0.0, 0.0] imu_quat_wxyz=[-0.7206467986106873, 0.0915512666106224, 0.05448831245303154, 0.6850675344467163]
joint_pos=[0.0, 0.0, 0.0, 0.0, 0.0, 0.0] imu_ang_vel=[0.0, 0.0, 0.0] imu_quat_wxyz=[-0.7206467986106873, 0.0915512666106224, 0.05448831245303154, 0.6850675344467163]
joint_pos=[0.0, 0.0, 0.0, 0.0, 0.0, 0.0] imu_ang_vel=[0.0, 0.0, 0.0] imu_quat_wxyz=[-0.7206449508666992, 0.09148604422807693, 0.05438792705535889, 0.685086190700531]
joint_pos=[0.0, 0.0, 0.0, 0.0, 0.0, 0.0] imu_ang_vel=[0.0, 0.0, 0.0] imu_quat_wxyz=[-0.7206449508666992, 0.09148604422807693, 0.05438792705535889, 0.685086190700531]
joint_pos=[0.0, 0.0, 0.0, 0.0, 0.0, 0.0] imu_ang_vel=[0.0, 0.0, 0.0] imu_quat_wxyz=[-0.7207297086715698, 0.09127237647771835, 0.054226964712142944, 0.685038149356842]
joint_pos=[0.0, 0.0, 0.0, 0.0, 0.0, 0.0] imu_ang_vel=[0.0, 0.0, 0.0] imu_quat_wxyz=[-0.7207297086715698, 0.09127237647771835, 0.054226964712142944, 0.685038149356842]
joint_pos=[0.0, 0.0, 0.0, 0.0, 0.0, 0.0] imu_ang_vel=[0.0, 0.0, 0.0] imu_quat_wxyz=[-0.7207447290420532, 0.09125292301177979, 0.054226215928792953, 0.685025155544281]
joint_pos=[0.0, 0.0, 0.0, 0.0, 0.0, 0.0] imu_ang_vel=[0.0, 0.0, 0.0] imu_quat_wxyz=[-0.7207447290420532, 0.09125292301177979, 0.054226215928792953, 0.685025155544281]
joint_pos=[0.0, 0.0, 0.0, 0.0, 0.0, 0.0] imu_ang_vel=[0.0, 0.0, 0.0] imu_quat_wxyz=[-0.7208461165428162, 0.09105904400348663, 0.054117072373628616, 0.6849527955055237]
joint_pos=[0.0, 0.0, 0.0, 0.0, 0.0, 0.0] imu_ang_vel=[0.0, 0.0, 0.0] imu_quat_wxyz=[-0.7208461165428162, 0.09105904400348663, 0.054117072373628616, 0.6849527955055237]
joint_pos=[0.0, 0.0, 0.0, 0.0, 0.0, 0.0] imu_ang_vel=[0.0, 0.0, 0.0] imu_quat_wxyz=[-0.720983624458313, 0.09082894027233124, 0.05401499569416046, 0.6848466992378235]
joint_pos=[0.0, 0.0, 0.0, 0.0, 0.0, 0.0] imu_ang_vel=[0.0, 0.0, 0.0] imu_quat_wxyz=[-0.720983624458313, 0.09082894027233124, 0.05401499569416046, 0.6848466992378235]
joint_pos=[0.0, 0.0, 0.0, 0.0, 0.0, 0.0] imu_ang_vel=[0.0, 0.0, 0.0] imu_quat_wxyz=[-0.720923125743866, 0.0909094363451004, 0.05416363477706909, 0.6848880052566528]
joint_pos=[0.0, 0.0, 0.0, 0.0, 0.0, 0.0] imu_ang_vel=[0.0, 0.0, 0.0] imu_quat_wxyz=[-0.720923125743866, 0.0909094363451004, 0.05416363477706909, 0.6848880052566528]
joint_pos=[0.0, 0.0, 0.0, 0.0, 0.0, 0.0] imu_ang_vel=[0.0, 0.0, 0.0] imu_quat_wxyz=[-0.7208171486854553, 0.09113107621669769, 0.05430380254983902, 0.6849590539932251]
joint_pos=[0.0, 0.0, 0.0, 0.0, 0.0, 0.0] imu_ang_vel=[0.0, 0.0, 0.0] imu_quat_wxyz=[-0.7208171486854553, 0.09113107621669769, 0.05430380254983902, 0.6849590539932251]
joint_pos=[0.0, 0.0, 0.0, 0.0, 0.0, 0.0] imu_ang_vel=[0.0, 0.0, 0.0] imu_quat_wxyz=[-0.720706045627594, 0.09129370003938675, 0.05441993474960327, 0.6850450038909912]
joint_pos=[0.0, 0.0, 0.0, 0.0, 0.0, 0.0] imu_ang_vel=[0.0, 0.0, 0.0] imu_quat_wxyz=[-0.720706045627594, 0.09129370003938675, 0.05441993474960327, 0.6850450038909912]
joint_pos=[0.0, 0.0, 0.0, 0.0, 0.0, 0.0] imu_ang_vel=[0.0, 0.0, 0.0] imu_quat_wxyz=[-0.7205278277397156, 0.09158383309841156, 0.054572127759456635, 0.6851816773414612]
joint_pos=[0.0, 0.0, 0.0, 0.0, 0.0, 0.0] imu_ang_vel=[0.0, 0.0, 0.0] imu_quat_wxyz=[-0.7205278277397156, 0.09158383309841156, 0.054572127759456635, 0.6851816773414612]
joint_pos=[0.0, 0.0, 0.0, 0.0, 0.0, 0.0] imu_ang_vel=[0.0, 0.0, 0.0] imu_quat_wxyz=[-0.7203319072723389, 0.09183279424905777, 0.054733484983444214, 0.6853413581848145]
joint_pos=[0.0, 0.0, 0.0, 0.0, 0.0, 0.0] imu_ang_vel=[0.0, 0.0, 0.0] imu_quat_wxyz=[-0.7203319072723389, 0.09183279424905777, 0.054733484983444214, 0.6853413581848145]
joint_pos=[0.0, 0.0, 0.0, 0.0, 0.0, 0.0] imu_ang_vel=[0.0, 0.0, 0.0] imu_quat_wxyz=[-0.7203250527381897, 0.09175455570220947, 0.054617635905742645, 0.6853682994842529]
joint_pos=[0.0, 0.0, 0.0, 0.0, 0.0, 0.0] imu_ang_vel=[0.0, 0.0, 0.0] imu_quat_wxyz=[-0.7203250527381897, 0.09175455570220947, 0.054617635905742645, 0.6853682994842529]
joint_pos=[0.0, 0.0, 0.0, 0.0, 0.0, 0.0] imu_ang_vel=[0.0, 0.0, 0.0] imu_quat_wxyz=[-0.720320999622345, 0.09164968132972717, 0.05452151969075203, 0.6853942275047302]
joint_pos=[0.0, 0.0, 0.0, 0.0, 0.0, 0.0] imu_ang_vel=[0.0, 0.0, 0.0] imu_quat_wxyz=[-0.720320999622345, 0.09164968132972717, 0.05452151969075203, 0.6853942275047302]
joint_pos=[0.0, 0.0, 0.0, 0.0, 0.0, 0.0] imu_ang_vel=[0.0, 0.0, 0.0] imu_quat_wxyz=[-0.720306932926178, 0.09156953543424606, 0.05451180785894394, 0.6854206323623657]
joint_pos=[0.0, 0.0, 0.0, 0.0, 0.0, 0.0] imu_ang_vel=[0.0, 0.0, 0.0] imu_quat_wxyz=[-0.720306932926178, 0.09156953543424606, 0.05451180785894394, 0.6854206323623657]
joint_pos=[0.0, 0.0, 0.0, 0.0, 0.0, 0.0] imu_ang_vel=[0.0, 0.0, 0.0] imu_quat_wxyz=[-0.7204625010490417, 0.09127212315797806, 0.054301854223012924, 0.6853134036064148]
joint_pos=[0.0, 0.0, 0.0, 0.0, 0.0, 0.0] imu_ang_vel=[0.0, 0.0, 0.0] imu_quat_wxyz=[-0.7204625010490417, 0.09127212315797806, 0.054301854223012924, 0.6853134036064148]
joint_pos=[0.0, 0.0, 0.0, 0.0, 0.0, 0.0] imu_ang_vel=[0.0, 0.0, 0.0] imu_quat_wxyz=[-0.7207000851631165, 0.09090360999107361, 0.053960613906383514, 0.6851395964622498]
joint_pos=[0.0, 0.0, 0.0, 0.0, 0.0, 0.0] imu_ang_vel=[0.0, 0.0, 0.0] imu_quat_wxyz=[-0.7207000851631165, 0.09090360999107361, 0.053960613906383514, 0.6851395964622498]
joint_pos=[0.0, 0.0, 0.0, 0.0, 0.0, 0.0] imu_ang_vel=[0.0, 0.0, 0.0] imu_quat_wxyz=[-0.7208322882652283, 0.09073946624994278, 0.05378280207514763, 0.6850360631942749]
joint_pos=[0.0, 0.0, 0.0, 0.0, 0.0, 0.0] imu_ang_vel=[0.0, 0.0, 0.0] imu_quat_wxyz=[-0.7208322882652283, 0.09073946624994278, 0.05378280207514763, 0.6850360631942749]
joint_pos=[0.0, 0.0, 0.0, 0.0, 0.0, 0.0] imu_ang_vel=[0.0, 0.0, 0.0] imu_quat_wxyz=[-0.7208992838859558, 0.09070784598588943, 0.05369480699300766, 0.6849766373634338]
joint_pos=[0.0, 0.0, 0.0, 0.0, 0.0, 0.0] imu_ang_vel=[0.0, 0.0, 0.0] imu_quat_wxyz=[-0.7208992838859558, 0.09070784598588943, 0.05369480699300766, 0.6849766373634338]
joint_pos=[0.0, 0.0, 0.0, 0.0, 0.0, 0.0] imu_ang_vel=[0.0, 0.0, 0.0] imu_quat_wxyz=[-0.7210091948509216, 0.09062547236680984, 0.053569674491882324, 0.6848816871643066]
joint_pos=[0.0, 0.0, 0.0, 0.0, 0.0, 0.0] imu_ang_vel=[0.0, 0.0, 0.0] imu_quat_wxyz=[-0.7210091948509216, 0.09062547236680984, 0.053569674491882324, 0.6848816871643066]
joint_pos=[0.0, 0.0, 0.0, 0.0, 0.0, 0.0] imu_ang_vel=[0.0, 0.0, 0.0] imu_quat_wxyz=[-0.7212252020835876, 0.09035460650920868, 0.053349461406469345, 0.6847072839736938]
joint_pos=[0.0, 0.0, 0.0, 0.0, 0.0, 0.0] imu_ang_vel=[0.0, 0.0, 0.0] imu_quat_wxyz=[-0.7212252020835876, 0.09035460650920868, 0.053349461406469345, 0.6847072839736938]
joint_pos=[0.0, 0.0, 0.0, 0.0, 0.0, 0.0] imu_ang_vel=[0.0, 0.0, 0.0] imu_quat_wxyz=[-0.7213898301124573, 0.0901891365647316, 0.05320468544960022, 0.684566855430603]
joint_pos=[0.0, 0.0, 0.0, 0.0, 0.0, 0.0] imu_ang_vel=[0.0, 0.0, 0.0] imu_quat_wxyz=[-0.7213898301124573, 0.0901891365647316, 0.05320468544960022, 0.684566855430603]
joint_pos=[0.0, 0.0, 0.0, 0.0, 0.0, 0.0] imu_ang_vel=[0.0, 0.0, 0.0] imu_quat_wxyz=[-0.7213923931121826, 0.090315081179142, 0.05329253152012825, 0.6845408082008362]
joint_pos=[0.0, 0.0, 0.0, 0.0, 0.0, 0.0] imu_ang_vel=[0.0, 0.0, 0.0] imu_quat_wxyz=[-0.7213923931121826, 0.090315081179142, 0.05329253152012825, 0.6845408082008362]
joint_pos=[0.0, 0.0, 0.0, 0.0, 0.0, 0.0] imu_ang_vel=[0.0, 0.0, 0.0] imu_quat_wxyz=[-0.7213679552078247, 0.09048781543970108, 0.053427960723638535, 0.6845331788063049]
joint_pos=[0.0, 0.0, 0.0, 0.0, 0.0, 0.0] imu_ang_vel=[0.0, 0.0, 0.0] imu_quat_wxyz=[-0.7213679552078247, 0.09048781543970108, 0.053427960723638535, 0.6845331788063049]
joint_pos=[0.0, 0.0, 0.0, 0.0, 0.0, 0.0] imu_ang_vel=[0.0, 0.0, 0.0] imu_quat_wxyz=[-0.7213743925094604, 0.09057248383760452, 0.053488507866859436, 0.6845104098320007]
joint_pos=[0.0, 0.0, 0.0, 0.0, 0.0, 0.0] imu_ang_vel=[0.0, 0.0, 0.0] imu_quat_wxyz=[-0.7213743925094604, 0.09057248383760452, 0.053488507866859436, 0.6845104098320007]
joint_pos=[0.0, 0.0, 0.0, 0.0, 0.0, 0.0] imu_ang_vel=[0.0, 0.0, 0.0] imu_quat_wxyz=[-0.7212920784950256, 0.09076536446809769, 0.05363158881664276, 0.6845603585243225]
joint_pos=[0.0, 0.0, 0.0, 0.0, 0.0, 0.0] imu_ang_vel=[0.0, 0.0, 0.0] imu_quat_wxyz=[-0.7212920784950256, 0.09076536446809769, 0.05363158881664276, 0.6845603585243225]
joint_pos=[0.0, 0.0, 0.0, 0.0, 0.0, 0.0] imu_ang_vel=[0.0, 0.0, 0.0] imu_quat_wxyz=[-0.7213159203529358, 0.09080200642347336, 0.053630176931619644, 0.68453049659729]
joint_pos=[0.0, 0.0, 0.0, 0.0, 0.0, 0.0] imu_ang_vel=[0.0, 0.0, 0.0] imu_quat_wxyz=[-0.7213159203529358, 0.09080200642347336, 0.053630176931619644, 0.68453049659729]
joint_pos=[0.0, 0.0, 0.0, 0.0, 0.0, 0.0] imu_ang_vel=[0.0, 0.0, 0.0] imu_quat_wxyz=[-0.721407413482666, 0.09071716666221619, 0.05354074761271477, 0.6844523549079895]
joint_pos=[0.0, 0.0, 0.0, 0.0, 0.0, 0.0] imu_ang_vel=[0.0, 0.0, 0.0] imu_quat_wxyz=[-0.721407413482666, 0.09071716666221619, 0.05354074761271477, 0.6844523549079895]
joint_pos=[0.0, 0.0, 0.0, 0.0, 0.0, 0.0] imu_ang_vel=[0.0, 0.0, 0.0] imu_quat_wxyz=[-0.7213866114616394, 0.090775266289711, 0.05356837809085846, 0.6844644546508789]
joint_pos=[0.0, 0.0, 0.0, 0.0, 0.0, 0.0] imu_ang_vel=[0.0, 0.0, 0.0] imu_quat_wxyz=[-0.7213866114616394, 0.090775266289711, 0.05356837809085846, 0.6844644546508789]
joint_pos=[0.0, 0.0, 0.0, 0.0, 0.0, 0.0] imu_ang_vel=[0.0, 0.0, 0.0] imu_quat_wxyz=[-0.7215115427970886, 0.09060976654291153, 0.05346590280532837, 0.6843626499176025]
joint_pos=[0.0, 0.0, 0.0, 0.0, 0.0, 0.0] imu_ang_vel=[0.0, 0.0, 0.0] imu_quat_wxyz=[-0.7215115427970886, 0.09060976654291153, 0.05346590280532837, 0.6843626499176025]
joint_pos=[0.0, 0.0, 0.0, 0.0, 0.0, 0.0] imu_ang_vel=[0.0, 0.0, 0.0] imu_quat_wxyz=[-0.7214744091033936, 0.09074816107749939, 0.053606223315000534, 0.6843725442886353]
joint_pos=[0.0, 0.0, 0.0, 0.0, 0.0, 0.0] imu_ang_vel=[0.0, 0.0, 0.0] imu_quat_wxyz=[-0.7214744091033936, 0.09074816107749939, 0.053606223315000534, 0.6843725442886353]
joint_pos=[0.0, 0.0, 0.0, 0.0, 0.0, 0.0] imu_ang_vel=[0.0, 0.0, 0.0] imu_quat_wxyz=[-0.7212991714477539, 0.0910554826259613, 0.053892459720373154, 0.6844939589500427]
joint_pos=[0.0, 0.0, 0.0, 0.0, 0.0, 0.0] imu_ang_vel=[0.0, 0.0, 0.0] imu_quat_wxyz=[-0.7212991714477539, 0.0910554826259613, 0.053892459720373154, 0.6844939589500427]
joint_pos=[0.0, 0.0, 0.0, 0.0, 0.0, 0.0] imu_ang_vel=[0.0, 0.0, 0.0] imu_quat_wxyz=[-0.7212896943092346, 0.09107565134763718, 0.05391925945878029, 0.6844990253448486]
joint_pos=[0.0, 0.0, 0.0, 0.0, 0.0, 0.0] imu_ang_vel=[0.0, 0.0, 0.0] imu_quat_wxyz=[-0.7212896943092346, 0.09107565134763718, 0.05391925945878029, 0.6844990253448486]
joint_pos=[0.0, 0.0, 0.0, 0.0, 0.0, 0.0] imu_ang_vel=[0.0, 0.0, 0.0] imu_quat_wxyz=[-0.7214029431343079, 0.09085219353437424, 0.05378810316324234, 0.6844198107719421]
joint_pos=[0.0, 0.0, 0.0, 0.0, 0.0, 0.0] imu_ang_vel=[0.0, 0.0, 0.0] imu_quat_wxyz=[-0.7214029431343079, 0.09085219353437424, 0.05378810316324234, 0.6844198107719421]
joint_pos=[0.0, 0.0, 0.0, 0.0, 0.0, 0.0] imu_ang_vel=[0.0, 0.0, 0.0] imu_quat_wxyz=[-0.7214366793632507, 0.09085080027580261, 0.053805794566869736, 0.684382975101471]
joint_pos=[0.0, 0.0, 0.0, 0.0, 0.0, 0.0] imu_ang_vel=[0.0, 0.0, 0.0] imu_quat_wxyz=[-0.7214366793632507, 0.09085080027580261, 0.053805794566869736, 0.684382975101471]
joint_pos=[0.0, 0.0, 0.0, 0.0, 0.0, 0.0] imu_ang_vel=[0.0, 0.0, 0.0] imu_quat_wxyz=[-0.721447229385376, 0.09087850898504257, 0.05382604897022247, 0.6843667030334473]
joint_pos=[0.0, 0.0, 0.0, 0.0, 0.0, 0.0] imu_ang_vel=[0.0, 0.0, 0.0] imu_quat_wxyz=[-0.721447229385376, 0.09087850898504257, 0.05382604897022247, 0.6843667030334473]
joint_pos=[0.0, 0.0, 0.0, 0.0, 0.0, 0.0] imu_ang_vel=[0.0, 0.0, 0.0] imu_quat_wxyz=[-0.7214214205741882, 0.0909675657749176, 0.053886156529188156, 0.6843773126602173]
joint_pos=[0.0, 0.0, 0.0, 0.0, 0.0, 0.0] imu_ang_vel=[0.0, 0.0, 0.0] imu_quat_wxyz=[-0.7214214205741882, 0.0909675657749176, 0.053886156529188156, 0.6843773126602173]
joint_pos=[0.0, 0.0, 0.0, 0.0, 0.0, 0.0] imu_ang_vel=[0.0, 0.0, 0.0] imu_quat_wxyz=[-0.7212756872177124, 0.09119520336389542, 0.0540890097618103, 0.6844845414161682]
joint_pos=[0.0, 0.0, 0.0, 0.0, 0.0, 0.0] imu_ang_vel=[0.0, 0.0, 0.0] imu_quat_wxyz=[-0.7212756872177124, 0.09119520336389542, 0.0540890097618103, 0.6844845414161682]
joint_pos=[0.0, 0.0, 0.0, 0.0, 0.0, 0.0] imu_ang_vel=[0.0, 0.0, 0.0] imu_quat_wxyz=[-0.7212945222854614, 0.09117287397384644, 0.054081253707408905, 0.6844682693481445]
joint_pos=[0.0, 0.0, 0.0, 0.0, 0.0, 0.0] imu_ang_vel=[0.0, 0.0, 0.0] imu_quat_wxyz=[-0.7212945222854614, 0.09117287397384644, 0.054081253707408905, 0.6844682693481445]
joint_pos=[0.0, 0.0, 0.0, 0.0, 0.0, 0.0] imu_ang_vel=[0.0, 0.0, 0.0] imu_quat_wxyz=[-0.7214122414588928, 0.09092056751251221, 0.05399272218346596, 0.6843847632408142]
joint_pos=[0.0, 0.0, 0.0, 0.0, 0.0, 0.0] imu_ang_vel=[0.0, 0.0, 0.0] imu_quat_wxyz=[-0.7214122414588928, 0.09092056751251221, 0.05399272218346596, 0.6843847632408142]
joint_pos=[0.0, 0.0, 0.0, 0.0, 0.0, 0.0] imu_ang_vel=[0.0, 0.0, 0.0] imu_quat_wxyz=[-0.7213209271430969, 0.091060109436512, 0.054156236350536346, 0.6844494938850403]
joint_pos=[0.0, 0.0, 0.0, 0.0, 0.0, 0.0] imu_ang_vel=[0.0, 0.0, 0.0] imu_quat_wxyz=[-0.7213209271430969, 0.091060109436512, 0.054156236350536346, 0.6844494938850403]
joint_pos=[0.0, 0.0, 0.0, 0.0, 0.0, 0.0] imu_ang_vel=[0.0, 0.0, 0.0] imu_quat_wxyz=[-0.7211601138114929, 0.09130825847387314, 0.054354358464479446, 0.6845703721046448]
joint_pos=[0.0, 0.0, 0.0, 0.0, 0.0, 0.0] imu_ang_vel=[0.0, 0.0, 0.0] imu_quat_wxyz=[-0.7211601138114929, 0.09130825847387314, 0.054354358464479446, 0.6845703721046448]
joint_pos=[0.0, 0.0, 0.0, 0.0, 0.0, 0.0] imu_ang_vel=[0.0, 0.0, 0.0] imu_quat_wxyz=[-0.7211098074913025, 0.09133192151784897, 0.05436244606971741, 0.6846194863319397]
joint_pos=[0.0, 0.0, 0.0, 0.0, 0.0, 0.0] imu_ang_vel=[0.0, 0.0, 0.0] imu_quat_wxyz=[-0.7211098074913025, 0.09133192151784897, 0.05436244606971741, 0.6846194863319397]
joint_pos=[0.0, 0.0, 0.0, 0.0, 0.0, 0.0] imu_ang_vel=[0.0, 0.0, 0.0] imu_quat_wxyz=[-0.7212429046630859, 0.09106450527906418, 0.054125260561704636, 0.6845335960388184]
joint_pos=[0.0, 0.0, 0.0, 0.0, 0.0, 0.0] imu_ang_vel=[0.0, 0.0, 0.0] imu_quat_wxyz=[-0.7212429046630859, 0.09106450527906418, 0.054125260561704636, 0.6845335960388184]
joint_pos=[0.0, 0.0, 0.0, 0.0, 0.0, 0.0] imu_ang_vel=[0.0, 0.0, 0.0] imu_quat_wxyz=[-0.7214211821556091, 0.09079783409833908, 0.0538628064095974, 0.6844019889831543]
joint_pos=[0.0, 0.0, 0.0, 0.0, 0.0, 0.0] imu_ang_vel=[0.0, 0.0, 0.0] imu_quat_wxyz=[-0.7214211821556091, 0.09079783409833908, 0.0538628064095974, 0.6844019889831543]
joint_pos=[0.0, 0.0, 0.0, 0.0, 0.0, 0.0] imu_ang_vel=[0.0, 0.0, 0.0] imu_quat_wxyz=[-0.7214494347572327, 0.09081044048070908, 0.05388065427541733, 0.6843690276145935]
joint_pos=[0.0, 0.0, 0.0, 0.0, 0.0, 0.0] imu_ang_vel=[0.0, 0.0, 0.0] imu_quat_wxyz=[-0.7214494347572327, 0.09081044048070908, 0.05388065427541733, 0.6843690276145935]
joint_pos=[0.0, 0.0, 0.0, 0.0, 0.0, 0.0] imu_ang_vel=[0.0, 0.0, 0.0] imu_quat_wxyz=[-0.7215517163276672, 0.09068894386291504, 0.05374892055988312, 0.6842876672744751]
joint_pos=[0.0, 0.0, 0.0, 0.0, 0.0, 0.0] imu_ang_vel=[0.0, 0.0, 0.0] imu_quat_wxyz=[-0.7215517163276672, 0.09068894386291504, 0.05374892055988312, 0.6842876672744751]
joint_pos=[0.0, 0.0, 0.0, 0.0, 0.0, 0.0] imu_ang_vel=[0.0, 0.0, 0.0] imu_quat_wxyz=[-0.7216006517410278, 0.09070874750614166, 0.05376134812831879, 0.6842324733734131]
joint_pos=[0.0, 0.0, 0.0, 0.0, 0.0, 0.0] imu_ang_vel=[0.0, 0.0, 0.0] imu_quat_wxyz=[-0.7216006517410278, 0.09070874750614166, 0.05376134812831879, 0.6842324733734131]
joint_pos=[0.0, 0.0, 0.0, 0.0, 0.0, 0.0] imu_ang_vel=[0.0, 0.0, 0.0] imu_quat_wxyz=[-0.7216765284538269, 0.09068126231431961, 0.05369383096694946, 0.684161365032196]
joint_pos=[0.0, 0.0, 0.0, 0.0, 0.0, 0.0] imu_ang_vel=[0.0, 0.0, 0.0] imu_quat_wxyz=[-0.7216765284538269, 0.09068126231431961, 0.05369383096694946, 0.684161365032196]
joint_pos=[0.0, 0.0, 0.0, 0.0, 0.0, 0.0] imu_ang_vel=[0.0, 0.0, 0.0] imu_quat_wxyz=[-0.7217864990234375, 0.09059546887874603, 0.05365287512540817, 0.6840598583221436]
joint_pos=[0.0, 0.0, 0.0, 0.0, 0.0, 0.0] imu_ang_vel=[0.0, 0.0, 0.0] imu_quat_wxyz=[-0.7217864990234375, 0.09059546887874603, 0.05365287512540817, 0.6840598583221436]
joint_pos=[0.0, 0.0, 0.0, 0.0, 0.0, 0.0] imu_ang_vel=[0.0, 0.0, 0.0] imu_quat_wxyz=[-0.7218983173370361, 0.09047378599643707, 0.053641293197870255, 0.683958888053894]
joint_pos=[0.0, 0.0, 0.0, 0.0, 0.0, 0.0] imu_ang_vel=[0.0, 0.0, 0.0] imu_quat_wxyz=[-0.7218983173370361, 0.09047378599643707, 0.053641293197870255, 0.683958888053894]
joint_pos=[0.0, 0.0, 0.0, 0.0, 0.0, 0.0] imu_ang_vel=[0.0, 0.0, 0.0] imu_quat_wxyz=[-0.7219837307929993, 0.09043589234352112, 0.05361040681600571, 0.6838763356208801]
joint_pos=[0.0, 0.0, 0.0, 0.0, 0.0, 0.0] imu_ang_vel=[0.0, 0.0, 0.0] imu_quat_wxyz=[-0.7219837307929993, 0.09043589234352112, 0.05361040681600571, 0.6838763356208801]
joint_pos=[0.0, 0.0, 0.0, 0.0, 0.0, 0.0] imu_ang_vel=[0.0, 0.0, 0.0] imu_quat_wxyz=[-0.7220384478569031, 0.09043589234352112, 0.053625475615262985, 0.6838173270225525]
joint_pos=[0.0, 0.0, 0.0, 0.0, 0.0, 0.0] imu_ang_vel=[0.0, 0.0, 0.0] imu_quat_wxyz=[-0.7220384478569031, 0.09043589234352112, 0.053625475615262985, 0.6838173270225525]
joint_pos=[0.0, 0.0, 0.0, 0.0, 0.0, 0.0] imu_ang_vel=[0.0, 0.0, 0.0] imu_quat_wxyz=[-0.7220381498336792, 0.09050165116786957, 0.05367184430360794, 0.6838051676750183]
joint_pos=[0.0, 0.0, 0.0, 0.0, 0.0, 0.0] imu_ang_vel=[0.0, 0.0, 0.0] imu_quat_wxyz=[-0.7220381498336792, 0.09050165116786957, 0.05367184430360794, 0.6838051676750183]
joint_pos=[0.0, 0.0, 0.0, 0.0, 0.0, 0.0] imu_ang_vel=[0.0, 0.0, 0.0] imu_quat_wxyz=[-0.7218113541603088, 0.09087122976779938, 0.05401870235800743, 0.6839683651924133]
joint_pos=[0.0, 0.0, 0.0, 0.0, 0.0, 0.0] imu_ang_vel=[0.0, 0.0, 0.0] imu_quat_wxyz=[-0.7218113541603088, 0.09087122976779938, 0.05401870235800743, 0.6839683651924133]
joint_pos=[0.0, 0.0, 0.0, 0.0, 0.0, 0.0] imu_ang_vel=[0.0, 0.0, 0.0] imu_quat_wxyz=[-0.7215911149978638, 0.09119944274425507, 0.05431821197271347, 0.6841332912445068]
joint_pos=[0.0, 0.0, 0.0, 0.0, 0.0, 0.0] imu_ang_vel=[0.0, 0.0, 0.0] imu_quat_wxyz=[-0.7215911149978638, 0.09119944274425507, 0.05431821197271347, 0.6841332912445068]
joint_pos=[0.0, 0.0, 0.0, 0.0, 0.0, 0.0] imu_ang_vel=[0.0, 0.0, 0.0] imu_quat_wxyz=[-0.7215089797973633, 0.09127918630838394, 0.054374005645513535, 0.6842049360275269]
joint_pos=[0.0, 0.0, 0.0, 0.0, 0.0, 0.0] imu_ang_vel=[0.0, 0.0, 0.0] imu_quat_wxyz=[-0.7215089797973633, 0.09127918630838394, 0.054374005645513535, 0.6842049360275269]
joint_pos=[0.0, 0.0, 0.0, 0.0, 0.0, 0.0] imu_ang_vel=[0.0, 0.0, 0.0] imu_quat_wxyz=[-0.7215521335601807, 0.09120342135429382, 0.054251521825790405, 0.6841793060302734]
joint_pos=[0.0, 0.0, 0.0, 0.0, 0.0, 0.0] imu_ang_vel=[0.0, 0.0, 0.0] imu_quat_wxyz=[-0.7215521335601807, 0.09120342135429382, 0.054251521825790405, 0.6841793060302734]
joint_pos=[0.0, 0.0, 0.0, 0.0, 0.0, 0.0] imu_ang_vel=[0.0, 0.0, 0.0] imu_quat_wxyz=[-0.7216341495513916, 0.0910683125257492, 0.05411715433001518, 0.684121310710907]
joint_pos=[0.0, 0.0, 0.0, 0.0, 0.0, 0.0] imu_ang_vel=[0.0, 0.0, 0.0] imu_quat_wxyz=[-0.7216341495513916, 0.0910683125257492, 0.05411715433001518, 0.684121310710907]
joint_pos=[0.0, 0.0, 0.0, 0.0, 0.0, 0.0] imu_ang_vel=[0.0, 0.0, 0.0] imu_quat_wxyz=[-0.7215844988822937, 0.09112626314163208, 0.05416993796825409, 0.6841618418693542]
joint_pos=[0.0, 0.0, 0.0, 0.0, 0.0, 0.0] imu_ang_vel=[0.0, 0.0, 0.0] imu_quat_wxyz=[-0.7215844988822937, 0.09112626314163208, 0.05416993796825409, 0.6841618418693542]
joint_pos=[0.0, 0.0, 0.0, 0.0, 0.0, 0.0] imu_ang_vel=[0.0, 0.0, 0.0] imu_quat_wxyz=[-0.7215184569358826, 0.09118799865245819, 0.05419424548745155, 0.6842213273048401]
joint_pos=[0.0, 0.0, 0.0, 0.0, 0.0, 0.0] imu_ang_vel=[0.0, 0.0, 0.0] imu_quat_wxyz=[-0.7215184569358826, 0.09118799865245819, 0.05419424548745155, 0.6842213273048401]
joint_pos=[0.0, 0.0, 0.0, 0.0, 0.0, 0.0] imu_ang_vel=[0.0, 0.0, 0.0] imu_quat_wxyz=[-0.7216130495071411, 0.09101250767707825, 0.05403203144669533, 0.6841577887535095]
joint_pos=[0.0, 0.0, 0.0, 0.0, 0.0, 0.0] imu_ang_vel=[0.0, 0.0, 0.0] imu_quat_wxyz=[-0.7216130495071411, 0.09101250767707825, 0.05403203144669533, 0.6841577887535095]
joint_pos=[0.0, 0.0, 0.0, 0.0, 0.0, 0.0] imu_ang_vel=[0.0, 0.0, 0.0] imu_quat_wxyz=[-0.7216900587081909, 0.0909208208322525, 0.05394705757498741, 0.6840955018997192]
joint_pos=[0.0, 0.0, 0.0, 0.0, 0.0, 0.0] imu_ang_vel=[0.0, 0.0, 0.0] imu_quat_wxyz=[-0.7216900587081909, 0.0909208208322525, 0.05394705757498741, 0.6840955018997192]
joint_pos=[0.0, 0.0, 0.0, 0.0, 0.0, 0.0] imu_ang_vel=[0.0, 0.0, 0.0] imu_quat_wxyz=[-0.7216650247573853, 0.0909716784954071, 0.05401148274540901, 0.6841099858283997]
joint_pos=[0.0, 0.0, 0.0, 0.0, 0.0, 0.0] imu_ang_vel=[0.0, 0.0, 0.0] imu_quat_wxyz=[-0.7216650247573853, 0.0909716784954071, 0.05401148274540901, 0.6841099858283997]
joint_pos=[0.0, 0.0, 0.0, 0.0, 0.0, 0.0] imu_ang_vel=[0.0, 0.0, 0.0] imu_quat_wxyz=[-0.7216411232948303, 0.09101834148168564, 0.05406791716814041, 0.6841244697570801]
joint_pos=[0.0, 0.0, 0.0, 0.0, 0.0, 0.0] imu_ang_vel=[0.0, 0.0, 0.0] imu_quat_wxyz=[-0.7216411232948303, 0.09101834148168564, 0.05406791716814041, 0.6841244697570801]
joint_pos=[0.0, 0.0, 0.0, 0.0, 0.0, 0.0] imu_ang_vel=[0.0, 0.0, 0.0] imu_quat_wxyz=[-0.7214424014091492, 0.09134970605373383, 0.05428854376077652, 0.6842724680900574]
joint_pos=[0.0, 0.0, 0.0, 0.0, 0.0, 0.0] imu_ang_vel=[0.0, 0.0, 0.0] imu_quat_wxyz=[-0.7214424014091492, 0.09134970605373383, 0.05428854376077652, 0.6842724680900574]
joint_pos=[0.0, 0.0, 0.0, 0.0, 0.0, 0.0] imu_ang_vel=[0.0, 0.0, 0.0] imu_quat_wxyz=[-0.7214261889457703, 0.09132970869541168, 0.05425357073545456, 0.6842950582504272]
joint_pos=[0.0, 0.0, 0.0, 0.0, 0.0, 0.0] imu_ang_vel=[0.0, 0.0, 0.0] imu_quat_wxyz=[-0.7214261889457703, 0.09132970869541168, 0.05425357073545456, 0.6842950582504272]
joint_pos=[0.0, 0.0, 0.0, 0.0, 0.0, 0.0] imu_ang_vel=[0.0, 0.0, 0.0] imu_quat_wxyz=[-0.7216840386390686, 0.09092222154140472, 0.05390608310699463, 0.6841047406196594]
joint_pos=[0.0, 0.0, 0.0, 0.0, 0.0, 0.0] imu_ang_vel=[0.0, 0.0, 0.0] imu_quat_wxyz=[-0.7216840386390686, 0.09092222154140472, 0.05390608310699463, 0.6841047406196594]
joint_pos=[0.0, 0.0, 0.0, 0.0, 0.0, 0.0] imu_ang_vel=[0.0, 0.0, 0.0] imu_quat_wxyz=[-0.7219469547271729, 0.09057576209306717, 0.05362912267446518, 0.6838951706886292]
joint_pos=[0.0, 0.0, 0.0, 0.0, 0.0, 0.0] imu_ang_vel=[0.0, 0.0, 0.0] imu_quat_wxyz=[-0.7219469547271729, 0.09057576209306717, 0.05362912267446518, 0.6838951706886292]
joint_pos=[0.0, 0.0, 0.0, 0.0, 0.0, 0.0] imu_ang_vel=[0.0, 0.0, 0.0] imu_quat_wxyz=[-0.7220062613487244, 0.09056222438812256, 0.053612664341926575, 0.6838355660438538]
joint_pos=[0.0, 0.0, 0.0, 0.0, 0.0, 0.0] imu_ang_vel=[0.0, 0.0, 0.0] imu_quat_wxyz=[-0.7220062613487244, 0.09056222438812256, 0.053612664341926575, 0.6838355660438538]
joint_pos=[0.0, 0.0, 0.0, 0.0, 0.0, 0.0] imu_ang_vel=[0.0, 0.0, 0.0] imu_quat_wxyz=[-0.7219277620315552, 0.09071774035692215, 0.053773995488882065, 0.6838850975036621]
joint_pos=[0.0, 0.0, 0.0, 0.0, 0.0, 0.0] imu_ang_vel=[0.0, 0.0, 0.0] imu_quat_wxyz=[-0.7219277620315552, 0.09071774035692215, 0.053773995488882065, 0.6838850975036621]
joint_pos=[0.0, 0.0, 0.0, 0.0, 0.0, 0.0] imu_ang_vel=[0.0, 0.0, 0.0] imu_quat_wxyz=[-0.7219275832176208, 0.09070044010877609, 0.053888678550720215, 0.6838786005973816]
joint_pos=[0.0, 0.0, 0.0, 0.0, 0.0, 0.0] imu_ang_vel=[0.0, 0.0, 0.0] imu_quat_wxyz=[-0.7219275832176208, 0.09070044010877609, 0.053888678550720215, 0.6838786005973816]
joint_pos=[0.0, 0.0, 0.0, 0.0, 0.0, 0.0] imu_ang_vel=[0.0, 0.0, 0.0] imu_quat_wxyz=[-0.7219533920288086, 0.09069578349590302, 0.05388735607266426, 0.6838521361351013]
joint_pos=[0.0, 0.0, 0.0, 0.0, 0.0, 0.0] imu_ang_vel=[0.0, 0.0, 0.0] imu_quat_wxyz=[-0.7219533920288086, 0.09069578349590302, 0.05388735607266426, 0.6838521361351013]
joint_pos=[0.0, 0.0, 0.0, 0.0, 0.0, 0.0] imu_ang_vel=[0.0, 0.0, 0.0] imu_quat_wxyz=[-0.7219625115394592, 0.0907149463891983, 0.05389189347624779, 0.6838396191596985]
joint_pos=[0.0, 0.0, 0.0, 0.0, 0.0, 0.0] imu_ang_vel=[0.0, 0.0, 0.0] imu_quat_wxyz=[-0.7219625115394592, 0.0907149463891983, 0.05389189347624779, 0.6838396191596985]
joint_pos=[0.0, 0.0, 0.0, 0.0, 0.0, 0.0] imu_ang_vel=[0.0, 0.0, 0.0] imu_quat_wxyz=[-0.7219371199607849, 0.09077804535627365, 0.053978580981492996, 0.6838511228561401]
joint_pos=[0.0, 0.0, 0.0, 0.0, 0.0, 0.0] imu_ang_vel=[0.0, 0.0, 0.0] imu_quat_wxyz=[-0.7219371199607849, 0.09077804535627365, 0.053978580981492996, 0.6838511228561401]
joint_pos=[0.0, 0.0, 0.0, 0.0, 0.0, 0.0] imu_ang_vel=[0.0, 0.0, 0.0] imu_quat_wxyz=[-0.72182697057724, 0.09098830819129944, 0.054172951728105545, 0.6839241981506348]
joint_pos=[0.0, 0.0, 0.0, 0.0, 0.0, 0.0] imu_ang_vel=[0.0, 0.0, 0.0] imu_quat_wxyz=[-0.72182697057724, 0.09098830819129944, 0.054172951728105545, 0.6839241981506348]
joint_pos=[0.0, 0.0, 0.0, 0.0, 0.0, 0.0] imu_ang_vel=[0.0, 0.0, 0.0] imu_quat_wxyz=[-0.721659779548645, 0.09119083732366562, 0.05441142991185188, 0.6840546131134033]
joint_pos=[0.0, 0.0, 0.0, 0.0, 0.0, 0.0] imu_ang_vel=[0.0, 0.0, 0.0] imu_quat_wxyz=[-0.721659779548645, 0.09119083732366562, 0.05441142991185188, 0.6840546131134033]
joint_pos=[0.0, 0.0, 0.0, 0.0, 0.0, 0.0] imu_ang_vel=[0.0, 0.0, 0.0] imu_quat_wxyz=[-0.7215033769607544, 0.09137666970491409, 0.05458081513643265, 0.6841813921928406]
joint_pos=[0.0, 0.0, 0.0, 0.0, 0.0, 0.0] imu_ang_vel=[0.0, 0.0, 0.0] imu_quat_wxyz=[-0.7215033769607544, 0.09137666970491409, 0.05458081513643265, 0.6841813921928406]
joint_pos=[0.0, 0.0, 0.0, 0.0, 0.0, 0.0] imu_ang_vel=[0.0, 0.0, 0.0] imu_quat_wxyz=[-0.721458375453949, 0.09140072017908096, 0.05458911880850792, 0.6842249035835266]
joint_pos=[0.0, 0.0, 0.0, 0.0, 0.0, 0.0] imu_ang_vel=[0.0, 0.0, 0.0] imu_quat_wxyz=[-0.721458375453949, 0.09140072017908096, 0.05458911880850792, 0.6842249035835266]
joint_pos=[0.0, 0.0, 0.0, 0.0, 0.0, 0.0] imu_ang_vel=[0.0, 0.0, 0.0] imu_quat_wxyz=[-0.7215293049812317, 0.0912487655878067, 0.0544469952583313, 0.6841816902160645]
joint_pos=[0.0, 0.0, 0.0, 0.0, 0.0, 0.0] imu_ang_vel=[0.0, 0.0, 0.0] imu_quat_wxyz=[-0.7215293049812317, 0.0912487655878067, 0.0544469952583313, 0.6841816902160645]
joint_pos=[0.0, 0.0, 0.0, 0.0, 0.0, 0.0] imu_ang_vel=[0.0, 0.0, 0.0] imu_quat_wxyz=[-0.7215511798858643, 0.09121280163526535, 0.05436559394001961, 0.6841699481010437]
joint_pos=[0.0, 0.0, 0.0, 0.0, 0.0, 0.0] imu_ang_vel=[0.0, 0.0, 0.0] imu_quat_wxyz=[-0.7215511798858643, 0.09121280163526535, 0.05436559394001961, 0.6841699481010437]
joint_pos=[0.0, 0.0, 0.0, 0.0, 0.0, 0.0] imu_ang_vel=[0.0, 0.0, 0.0] imu_quat_wxyz=[-0.7214229702949524, 0.09137129783630371, 0.05447321757674217, 0.6842753291130066]
joint_pos=[0.0, 0.0, 0.0, 0.0, 0.0, 0.0] imu_ang_vel=[0.0, 0.0, 0.0] imu_quat_wxyz=[-0.7214229702949524, 0.09137129783630371, 0.05447321757674217, 0.6842753291130066]
joint_pos=[0.0, 0.0, 0.0, 0.0, 0.0, 0.0] imu_ang_vel=[0.0, 0.0, 0.0] imu_quat_wxyz=[-0.7214143872261047, 0.09133250266313553, 0.05440818890929222, 0.6842948794364929]
joint_pos=[0.0, 0.0, 0.0, 0.0, 0.0, 0.0] imu_ang_vel=[0.0, 0.0, 0.0] imu_quat_wxyz=[-0.7214143872261047, 0.09133250266313553, 0.05440818890929222, 0.6842948794364929]
joint_pos=[0.0, 0.0, 0.0, 0.0, 0.0, 0.0] imu_ang_vel=[0.0, 0.0, 0.0] imu_quat_wxyz=[-0.72153639793396, 0.09112511575222015, 0.054186150431632996, 0.6842114329338074]
joint_pos=[0.0, 0.0, 0.0, 0.0, 0.0, 0.0] imu_ang_vel=[0.0, 0.0, 0.0] imu_quat_wxyz=[-0.72153639793396, 0.09112511575222015, 0.054186150431632996, 0.6842114329338074]
joint_pos=[0.0, 0.0, 0.0, 0.0, 0.0, 0.0] imu_ang_vel=[0.0, 0.0, 0.0] imu_quat_wxyz=[-0.721595287322998, 0.09098556637763977, 0.05413024500012398, 0.6841722726821899]
joint_pos=[0.0, 0.0, 0.0, 0.0, 0.0, 0.0] imu_ang_vel=[0.0, 0.0, 0.0] imu_quat_wxyz=[-0.721595287322998, 0.09098556637763977, 0.05413024500012398, 0.6841722726821899]
joint_pos=[0.0, 0.0, 0.0, 0.0, 0.0, 0.0] imu_ang_vel=[0.0, 0.0, 0.0] imu_quat_wxyz=[-0.7216016054153442, 0.09100871533155441, 0.05414989963173866, 0.6841609477996826]
joint_pos=[0.0, 0.0, 0.0, 0.0, 0.0, 0.0] imu_ang_vel=[0.0, 0.0, 0.0] imu_quat_wxyz=[-0.7216016054153442, 0.09100871533155441, 0.05414989963173866, 0.6841609477996826]
joint_pos=[0.0, 0.0, 0.0, 0.0, 0.0, 0.0] imu_ang_vel=[0.0, 0.0, 0.0] imu_quat_wxyz=[-0.7215736508369446, 0.0910501480102539, 0.05420583114027977, 0.6841806173324585]
joint_pos=[0.0, 0.0, 0.0, 0.0, 0.0, 0.0] imu_ang_vel=[0.0, 0.0, 0.0] imu_quat_wxyz=[-0.7215736508369446, 0.0910501480102539, 0.05420583114027977, 0.6841806173324585]
joint_pos=[0.0, 0.0, 0.0, 0.0, 0.0, 0.0] imu_ang_vel=[0.0, 0.0, 0.0] imu_quat_wxyz=[-0.7215635180473328, 0.09106475114822388, 0.054192740470170975, 0.6841903328895569]
joint_pos=[0.0, 0.0, 0.0, 0.0, 0.0, 0.0] imu_ang_vel=[0.0, 0.0, 0.0] imu_quat_wxyz=[-0.7215635180473328, 0.09106475114822388, 0.054192740470170975, 0.6841903328895569]
joint_pos=[0.0, 0.0, 0.0, 0.0, 0.0, 0.0] imu_ang_vel=[0.0, 0.0, 0.0] imu_quat_wxyz=[-0.721508264541626, 0.09109959751367569, 0.054249316453933716, 0.684239387512207]
joint_pos=[0.0, 0.0, 0.0, 0.0, 0.0, 0.0] imu_ang_vel=[0.0, 0.0, 0.0] imu_quat_wxyz=[-0.721508264541626, 0.09109959751367569, 0.054249316453933716, 0.684239387512207]
joint_pos=[0.0, 0.0, 0.0, 0.0, 0.0, 0.0] imu_ang_vel=[0.0, 0.0, 0.0] imu_quat_wxyz=[-0.7214637398719788, 0.09116125106811523, 0.05425408482551575, 0.6842778325080872]
joint_pos=[0.0, 0.0, 0.0, 0.0, 0.0, 0.0] imu_ang_vel=[0.0, 0.0, 0.0] imu_quat_wxyz=[-0.7214637398719788, 0.09116125106811523, 0.05425408482551575, 0.6842778325080872]
joint_pos=[0.0, 0.0, 0.0, 0.0, 0.0, 0.0] imu_ang_vel=[0.0, 0.0, 0.0] imu_quat_wxyz=[-0.7215668559074402, 0.090956911444664, 0.05408245697617531, 0.6842098832130432]
joint_pos=[0.0, 0.0, 0.0, 0.0, 0.0, 0.0] imu_ang_vel=[0.0, 0.0, 0.0] imu_quat_wxyz=[-0.7215668559074402, 0.090956911444664, 0.05408245697617531, 0.6842098832130432]
joint_pos=[0.0, 0.0, 0.0, 0.0, 0.0, 0.0] imu_ang_vel=[0.0, 0.0, 0.0] imu_quat_wxyz=[-0.7216748595237732, 0.09083222597837448, 0.05390455573797226, 0.6841265559196472]
joint_pos=[0.0, 0.0, 0.0, 0.0, 0.0, 0.0] imu_ang_vel=[0.0, 0.0, 0.0] imu_quat_wxyz=[-0.7216748595237732, 0.09083222597837448, 0.05390455573797226, 0.6841265559196472]
joint_pos=[0.0, 0.0, 0.0, 0.0, 0.0, 0.0] imu_ang_vel=[0.0, 0.0, 0.0] imu_quat_wxyz=[-0.7218521237373352, 0.09060870110988617, 0.0536758229136467, 0.6839872002601624]
joint_pos=[0.0, 0.0, 0.0, 0.0, 0.0, 0.0] imu_ang_vel=[0.0, 0.0, 0.0] imu_quat_wxyz=[-0.7218521237373352, 0.09060870110988617, 0.0536758229136467, 0.6839872002601624]
joint_pos=[0.0, 0.0, 0.0, 0.0, 0.0, 0.0] imu_ang_vel=[0.0, 0.0, 0.0] imu_quat_wxyz=[-0.7220106720924377, 0.09043770283460617, 0.05356951057910919, 0.6838508248329163]
joint_pos=[0.0, 0.0, 0.0, 0.0, 0.0, 0.0] imu_ang_vel=[0.0, 0.0, 0.0] imu_quat_wxyz=[-0.7220106720924377, 0.09043770283460617, 0.05356951057910919, 0.6838508248329163]
joint_pos=[0.0, 0.0, 0.0, 0.0, 0.0, 0.0] imu_ang_vel=[0.0, 0.0, 0.0] imu_quat_wxyz=[-0.7220460772514343, 0.09042071551084518, 0.05360168591141701, 0.6838130950927734]
joint_pos=[0.0, 0.0, 0.0, 0.0, 0.0, 0.0] imu_ang_vel=[0.0, 0.0, 0.0] imu_quat_wxyz=[-0.7220460772514343, 0.09042071551084518, 0.05360168591141701, 0.6838130950927734]
joint_pos=[0.0, 0.0, 0.0, 0.0, 0.0, 0.0] imu_ang_vel=[0.0, 0.0, 0.0] imu_quat_wxyz=[-0.7221144437789917, 0.09036295861005783, 0.05362546443939209, 0.6837467551231384]
joint_pos=[0.0, 0.0, 0.0, 0.0, 0.0, 0.0] imu_ang_vel=[0.0, 0.0, 0.0] imu_quat_wxyz=[-0.7221144437789917, 0.09036295861005783, 0.05362546443939209, 0.6837467551231384]
joint_pos=[0.0, 0.0, 0.0, 0.0, 0.0, 0.0] imu_ang_vel=[0.0, 0.0, 0.0] imu_quat_wxyz=[-0.72206711769104, 0.09052922576665878, 0.05373671278357506, 0.6837658286094666]
joint_pos=[0.0, 0.0, 0.0, 0.0, 0.0, 0.0] imu_ang_vel=[0.0, 0.0, 0.0] imu_quat_wxyz=[-0.72206711769104, 0.09052922576665878, 0.05373671278357506, 0.6837658286094666]
joint_pos=[0.0, 0.0, 0.0, 0.0, 0.0, 0.0] imu_ang_vel=[0.0, 0.0, 0.0] imu_quat_wxyz=[-0.7219489812850952, 0.09078595042228699, 0.05388011038303375, 0.6838452816009521]
joint_pos=[0.0, 0.0, 0.0, 0.0, 0.0, 0.0] imu_ang_vel=[0.0, 0.0, 0.0] imu_quat_wxyz=[-0.7219489812850952, 0.09078595042228699, 0.05388011038303375, 0.6838452816009521]
joint_pos=[0.0, 0.0, 0.0, 0.0, 0.0, 0.0] imu_ang_vel=[0.0, 0.0, 0.0] imu_quat_wxyz=[-0.7219070792198181, 0.09091120213270187, 0.05391566455364227, 0.6838701367378235]
joint_pos=[0.0, 0.0, 0.0, 0.0, 0.0, 0.0] imu_ang_vel=[0.0, 0.0, 0.0] imu_quat_wxyz=[-0.7219070792198181, 0.09091120213270187, 0.05391566455364227, 0.6838701367378235]
joint_pos=[0.0, 0.0, 0.0, 0.0, 0.0, 0.0] imu_ang_vel=[0.0, 0.0, 0.0] imu_quat_wxyz=[-0.7218236923217773, 0.09107023477554321, 0.05400404706597328, 0.6839300990104675]
joint_pos=[0.0, 0.0, 0.0, 0.0, 0.0, 0.0] imu_ang_vel=[0.0, 0.0, 0.0] imu_quat_wxyz=[-0.7218236923217773, 0.09107023477554321, 0.05400404706597328, 0.6839300990104675]
joint_pos=[0.0, 0.0, 0.0, 0.0, 0.0, 0.0] imu_ang_vel=[0.0, 0.0, 0.0] imu_quat_wxyz=[-0.7217323780059814, 0.09109986573457718, 0.054082438349723816, 0.6840162873268127]
joint_pos=[0.0, 0.0, 0.0, 0.0, 0.0, 0.0] imu_ang_vel=[0.0, 0.0, 0.0] imu_quat_wxyz=[-0.7217323780059814, 0.09109986573457718, 0.054082438349723816, 0.6840162873268127]
joint_pos=[0.0, 0.0, 0.0, 0.0, 0.0, 0.0] imu_ang_vel=[0.0, 0.0, 0.0] imu_quat_wxyz=[-0.7217461466789246, 0.0910043939948082, 0.05406021699309349, 0.684016227722168]
joint_pos=[0.0, 0.0, 0.0, 0.0, 0.0, 0.0] imu_ang_vel=[0.0, 0.0, 0.0] imu_quat_wxyz=[-0.7217461466789246, 0.0910043939948082, 0.05406021699309349, 0.684016227722168]
joint_pos=[0.0, 0.0, 0.0, 0.0, 0.0, 0.0] imu_ang_vel=[0.0, 0.0, 0.0] imu_quat_wxyz=[-0.7218141555786133, 0.09088137000799179, 0.05395188182592392, 0.6839693188667297]
joint_pos=[0.0, 0.0, 0.0, 0.0, 0.0, 0.0] imu_ang_vel=[0.0, 0.0, 0.0] imu_quat_wxyz=[-0.7218141555786133, 0.09088137000799179, 0.05395188182592392, 0.6839693188667297]
joint_pos=[0.0, 0.0, 0.0, 0.0, 0.0, 0.0] imu_ang_vel=[0.0, 0.0, 0.0] imu_quat_wxyz=[-0.7218739986419678, 0.09083164483308792, 0.05389149487018585, 0.6839175820350647]
joint_pos=[0.0, 0.0, 0.0, 0.0, 0.0, 0.0] imu_ang_vel=[0.0, 0.0, 0.0] imu_quat_wxyz=[-0.7218739986419678, 0.09083164483308792, 0.05389149487018585, 0.6839175820350647]
joint_pos=[0.0, 0.0, 0.0, 0.0, 0.0, 0.0] imu_ang_vel=[0.0, 0.0, 0.0] imu_quat_wxyz=[-0.7218576669692993, 0.09089647233486176, 0.0539427325129509, 0.6839220523834229]
joint_pos=[0.0, 0.0, 0.0, 0.0, 0.0, 0.0] imu_ang_vel=[0.0, 0.0, 0.0] imu_quat_wxyz=[-0.7218576669692993, 0.09089647233486176, 0.0539427325129509, 0.6839220523834229]
joint_pos=[0.0, 0.0, 0.0, 0.0, 0.0, 0.0] imu_ang_vel=[0.0, 0.0, 0.0] imu_quat_wxyz=[-0.7217429280281067, 0.09108585119247437, 0.05409346520900726, 0.6840060949325562]
joint_pos=[0.0, 0.0, 0.0, 0.0, 0.0, 0.0] imu_ang_vel=[0.0, 0.0, 0.0] imu_quat_wxyz=[-0.7217429280281067, 0.09108585119247437, 0.05409346520900726, 0.6840060949325562]
joint_pos=[0.0, 0.0, 0.0, 0.0, 0.0, 0.0] imu_ang_vel=[0.0, 0.0, 0.0] imu_quat_wxyz=[-0.7215939164161682, 0.09128812700510025, 0.054229702800512314, 0.6841256022453308]
joint_pos=[0.0, 0.0, 0.0, 0.0, 0.0, 0.0] imu_ang_vel=[0.0, 0.0, 0.0] imu_quat_wxyz=[-0.7215939164161682, 0.09128812700510025, 0.054229702800512314, 0.6841256022453308]
joint_pos=[0.0, 0.0, 0.0, 0.0, 0.0, 0.0] imu_ang_vel=[0.0, 0.0, 0.0] imu_quat_wxyz=[-0.7214140295982361, 0.09152905642986298, 0.054408539086580276, 0.6842689514160156]
joint_pos=[0.0, 0.0, 0.0, 0.0, 0.0, 0.0] imu_ang_vel=[0.0, 0.0, 0.0] imu_quat_wxyz=[-0.7214140295982361, 0.09152905642986298, 0.054408539086580276, 0.6842689514160156]
joint_pos=[0.0, 0.0, 0.0, 0.0, 0.0, 0.0] imu_ang_vel=[0.0, 0.0, 0.0] imu_quat_wxyz=[-0.7212944030761719, 0.09160855412483215, 0.05450558289885521, 0.6843765377998352]
joint_pos=[0.0, 0.0, 0.0, 0.0, 0.0, 0.0] imu_ang_vel=[0.0, 0.0, 0.0] imu_quat_wxyz=[-0.7212944030761719, 0.09160855412483215, 0.05450558289885521, 0.6843765377998352]
joint_pos=[0.0, 0.0, 0.0, 0.0, 0.0, 0.0] imu_ang_vel=[0.0, 0.0, 0.0] imu_quat_wxyz=[-0.7212944030761719, 0.09160855412483215, 0.05450558289885521, 0.6843765377998352]
