Log file: /home/cx/robot_deploy/log/2026-07-23_17-49-11.txt
Connected to /dev/ttyACM0 at 921600 baud; loop rate 200 Hz.
joint_pos=[0.0, 0.0, 0.0, 0.0, 0.0, 0.0] joint_vel=[0.0, 0.0, 0.0, 0.0, 0.0, 0.0] imu_ang_vel=[0.01810949295759201, 0.0031957929022610188, 0.0063915858045220375] imu_quat_wxyz=[-0.4898701608181, -0.0751742348074913, -0.11054131388664246, 0.8614851236343384] status=0x8203
joint_pos=[0.0, 0.0, 0.0, 0.0, 0.0, 0.0] joint_vel=[0.0, 0.0, 0.0, 0.0, 0.0, 0.0] imu_ang_vel=[0.017044229432940483, 0.0031957929022610188, 0.005326321814209223] imu_quat_wxyz=[-0.48988649249076843, -0.07524760812520981, -0.11043254286050797, 0.8614835143089294] status=0x8203
joint_pos=[0.0, 0.0, 0.0, 0.0, 0.0, 0.0] joint_vel=[0.0, 0.0, 0.0, 0.0, 0.0, 0.0] imu_ang_vel=[0.016511596739292145, 0.0037284251302480698, 0.0063915858045220375] imu_quat_wxyz=[-0.48989802598953247, -0.07532114535570145, -0.11032325774431229, 0.8614845275878906] status=0x8203
joint_pos=[0.0, 0.0, 0.0, 0.0, 0.0, 0.0] joint_vel=[0.0, 0.0, 0.0, 0.0, 0.0, 0.0] imu_ang_vel=[0.015978965908288956, 0.0037284251302480698, 0.0074568502604961395] imu_quat_wxyz=[-0.4898008108139038, -0.07503627240657806, -0.11074496060609818, 0.8615104556083679] status=0x8203
joint_pos=[0.0, 0.0, 0.0, 0.0, 0.0, 0.0] joint_vel=[0.0, 0.0, 0.0, 0.0, 0.0, 0.0] imu_ang_vel=[0.01810949295759201, 0.004261057358235121, 0.0074568502604961395] imu_quat_wxyz=[-0.4898126423358917, -0.07511267066001892, -0.11064055562019348, 0.8615104556083679] status=0x8203
joint_pos=[0.0, 0.0, 0.0, 0.0, 0.0, 0.0] joint_vel=[0.0, 0.0, 0.0, 0.0, 0.0, 0.0] imu_ang_vel=[0.015978965908288956, 0.0031957929022610188, 0.005858954042196274] imu_quat_wxyz=[-0.4898257255554199, -0.07518837600946426, -0.11053124070167542, 0.8615104556083679] status=0x8203
joint_pos=[0.0, 0.0, 0.0, 0.0, 0.0, 0.0] joint_vel=[0.0, 0.0, 0.0, 0.0, 0.0, 0.0] imu_ang_vel=[0.017044229432940483, 0.0026631606742739677, 0.005326321814209223] imu_quat_wxyz=[-0.4898337125778198, -0.07526744157075882, -0.1104266420006752, 0.8615124821662903] status=0x8203
joint_pos=[0.0, 0.0, 0.0, 0.0, 0.0, 0.0] joint_vel=[0.0, 0.0, 0.0, 0.0, 0.0, 0.0] imu_ang_vel=[0.017044229432940483, 0.004793689586222172, 0.0074568502604961395] imu_quat_wxyz=[-0.4898449182510376, -0.0753474161028862, -0.11031751334667206, 0.861513078212738] status=0x8203
joint_pos=[0.0, 0.0, 0.0, 0.0, 0.0, 0.0] joint_vel=[0.0, 0.0, 0.0, 0.0, 0.0, 0.0] imu_ang_vel=[0.014913700520992279, 0.0031957929022610188, 0.0069242180325090885] imu_quat_wxyz=[-0.48975181579589844, -0.07508917897939682, -0.11069776117801666, 0.8615398406982422] status=0x8203
joint_pos=[0.0, 0.0, 0.0, 0.0, 0.0, 0.0] joint_vel=[0.0, 0.0, 0.0, 0.0, 0.0, 0.0] imu_ang_vel=[0.016511596739292145, 0.004261057358235121, 0.0063915858045220375] imu_quat_wxyz=[-0.48976263403892517, -0.07516501098871231, -0.11059273034334183, 0.8615404963493347] status=0x8203
joint_pos=[0.0, 0.0, 0.0, 0.0, 0.0, 0.0] joint_vel=[0.0, 0.0, 0.0, 0.0, 0.0, 0.0] imu_ang_vel=[0.016511596739292145, 0.0021305286791175604, 0.0063915858045220375] imu_quat_wxyz=[-0.48977017402648926, -0.07524257153272629, -0.1104891374707222, 0.861542820930481] status=0x8203
joint_pos=[0.0, 0.0, 0.0, 0.0, 0.0, 0.0] joint_vel=[0.0, 0.0, 0.0, 0.0, 0.0, 0.0] imu_ang_vel=[0.01810949295759201, 0.0031957929022610188, 0.005326321814209223] imu_quat_wxyz=[-0.48978298902511597, -0.0753161832690239, -0.11038684099912643, 0.8615421652793884] status=0x8203
joint_pos=[0.0, 0.0, 0.0, 0.0, 0.0, 0.0] joint_vel=[0.0, 0.0, 0.0, 0.0, 0.0, 0.0] imu_ang_vel=[0.01864212565124035, 0.004793689586222172, 0.005326321814209223] imu_quat_wxyz=[-0.4897913336753845, -0.07539717853069305, -0.11028413474559784, 0.8615435361862183] status=0x8203
joint_pos=[0.0, 0.0, 0.0, 0.0, 0.0, 0.0] joint_vel=[0.0, 0.0, 0.0, 0.0, 0.0, 0.0] imu_ang_vel=[0.01668914221227169, 0.004616145510226488, 0.006391586270183325] imu_quat_wxyz=[-0.4896854758262634, -0.07511188089847565, -0.11071044951677322, 0.8615739345550537] status=0x8203
joint_pos=[0.0, 0.0, 0.0, 0.0, 0.0, 0.0] joint_vel=[0.0, 0.0, 0.0, 0.0, 0.0, 0.0] imu_ang_vel=[0.01757686212658882, 0.004261057358235121, 0.0069242180325090885] imu_quat_wxyz=[-0.4896931052207947, -0.07519476115703583, -0.11060769855976105, 0.8615755438804626] status=0x8203
joint_pos=[0.0, 0.0, 0.0, 0.0, 0.0, 0.0] joint_vel=[0.0, 0.0, 0.0, 0.0, 0.0, 0.0] imu_ang_vel=[0.017044229432940483, 0.0031957929022610188, 0.0069242180325090885] imu_quat_wxyz=[-0.4897000193595886, -0.07527916878461838, -0.11050697416067123, 0.8615771532058716] status=0x8203
joint_pos=[0.0, 0.0, 0.0, 0.0, 0.0, 0.0] joint_vel=[0.0, 0.0, 0.0, 0.0, 0.0, 0.0] imu_ang_vel=[0.015446333214640617, 0.004261057358235121, 0.005326321814209223] imu_quat_wxyz=[-0.48970648646354675, -0.0753578394651413, -0.11040055006742477, 0.8615803122520447] status=0x8203
joint_pos=[0.0, 0.0, 0.0, 0.0, 0.0, 0.0] joint_vel=[0.0, 0.0, 0.0, 0.0, 0.0, 0.0] imu_ang_vel=[0.01757686212658882, 0.004793689586222172, 0.005858954042196274] imu_quat_wxyz=[-0.4897088408470154, -0.07539360970258713, -0.11034783720970154, 0.8615825176239014] status=0x8203
joint_pos=[0.0, 0.0, 0.0, 0.0, 0.0, 0.0] joint_vel=[0.0, 0.0, 0.0, 0.0, 0.0, 0.0] imu_ang_vel=[0.016511596739292145, 0.0026631606742739677, 0.0074568502604961395] imu_quat_wxyz=[-0.489606648683548, -0.07515936344861984, -0.11070854961872101, 0.8616148233413696] status=0x8203
joint_pos=[0.0, 0.0, 0.0, 0.0, 0.0, 0.0] joint_vel=[0.0, 0.0, 0.0, 0.0, 0.0, 0.0] imu_ang_vel=[0.01757686212658882, 0.0037284251302480698, 0.005326321814209223] imu_quat_wxyz=[-0.4896179437637329, -0.07523343712091446, -0.11060093343257904, 0.861615777015686] status=0x8203
joint_pos=[0.0, 0.0, 0.0, 0.0, 0.0, 0.0] joint_vel=[0.0, 0.0, 0.0, 0.0, 0.0, 0.0] imu_ang_vel=[0.014913700520992279, 0.0026631606742739677, 0.0074568502604961395] imu_quat_wxyz=[-0.48962706327438354, -0.0753140076994896, -0.11049602180719376, 0.8616170287132263] status=0x8203
joint_pos=[0.0, 0.0, 0.0, 0.0, 0.0, 0.0] joint_vel=[0.0, 0.0, 0.0, 0.0, 0.0, 0.0] imu_ang_vel=[0.015446333214640617, 0.004261057358235121, 0.0063915858045220375] imu_quat_wxyz=[-0.48963963985443115, -0.07539059221744537, -0.11040011048316956, 0.8616154789924622] status=0x8203
joint_pos=[0.0, 0.0, 0.0, 0.0, 0.0, 0.0] joint_vel=[0.0, 0.0, 0.0, 0.0, 0.0, 0.0] imu_ang_vel=[0.015978965908288956, 0.0037284251302480698, 0.0069242180325090885] imu_quat_wxyz=[-0.48964986205101013, -0.07547089457511902, -0.11028991639614105, 0.8616166710853577] status=0x8203
joint_pos=[0.0, 0.0, 0.0, 0.0, 0.0, 0.0] joint_vel=[0.0, 0.0, 0.0, 0.0, 0.0, 0.0] imu_ang_vel=[0.016511596739292145, 0.004261057358235121, 0.0069242180325090885] imu_quat_wxyz=[-0.48954516649246216, -0.07519817352294922, -0.11069230735301971, 0.8616484999656677] status=0x8203
joint_pos=[0.0, 0.0, 0.0, 0.0, 0.0, 0.0] joint_vel=[0.0, 0.0, 0.0, 0.0, 0.0, 0.0] imu_ang_vel=[0.015446333214640617, 0.0031957929022610188, 0.0063915858045220375] imu_quat_wxyz=[-0.48955237865448, -0.07527295500040054, -0.11058690398931503, 0.8616513609886169] status=0x8203
joint_pos=[0.0, 0.0, 0.0, 0.0, 0.0, 0.0] joint_vel=[0.0, 0.0, 0.0, 0.0, 0.0, 0.0] imu_ang_vel=[0.015446333214640617, 0.004261057358235121, 0.007989482954144478] imu_quat_wxyz=[-0.4895614683628082, -0.07534871995449066, -0.11048189550638199, 0.8616530299186707] status=0x8203
joint_pos=[0.0, 0.0, 0.0, 0.0, 0.0, 0.0] joint_vel=[0.0, 0.0, 0.0, 0.0, 0.0, 0.0] imu_ang_vel=[0.016511596739292145, 0.0031957929022610188, 0.0063915858045220375] imu_quat_wxyz=[-0.4895743429660797, -0.07542933523654938, -0.11037638038396835, 0.861652135848999] status=0x8203
joint_pos=[0.0, 0.0, 0.0, 0.0, 0.0, 0.0] joint_vel=[0.0, 0.0, 0.0, 0.0, 0.0, 0.0] imu_ang_vel=[0.017044229432940483, 0.0037284251302480698, 0.0063915858045220375] imu_quat_wxyz=[-0.4895818531513214, -0.07546967267990112, -0.11032455414533615, 0.8616510033607483] status=0x8203
joint_pos=[0.0, 0.0, 0.0, 0.0, 0.0, 0.0] joint_vel=[0.0, 0.0, 0.0, 0.0, 0.0, 0.0] imu_ang_vel=[0.015978965908288956, 0.0031957929022610188, 0.0063915858045220375] imu_quat_wxyz=[-0.48946964740753174, -0.07521062344312668, -0.11069457232952118, 0.8616899847984314] status=0x8203
joint_pos=[0.0, 0.0, 0.0, 0.0, 0.0, 0.0] joint_vel=[0.0, 0.0, 0.0, 0.0, 0.0, 0.0] imu_ang_vel=[0.01757686212658882, 0.004793689586222172, 0.0063915858045220375] imu_quat_wxyz=[-0.48948153853416443, -0.07528234273195267, -0.11058911681175232, 0.8616905808448792] status=0x8203
joint_pos=[0.0, 0.0, 0.0, 0.0, 0.0, 0.0] joint_vel=[0.0, 0.0, 0.0, 0.0, 0.0, 0.0] imu_ang_vel=[0.01810949295759201, 0.0026631606742739677, 0.0063915858045220375] imu_quat_wxyz=[-0.4894922375679016, -0.07536351680755615, -0.1104840338230133, 0.8616907596588135] status=0x8203
joint_pos=[0.0, 0.0, 0.0, 0.0, 0.0, 0.0] joint_vel=[0.0, 0.0, 0.0, 0.0, 0.0, 0.0] imu_ang_vel=[0.01757686212658882, 0.0037284251302480698, 0.005858954042196274] imu_quat_wxyz=[-0.4895036220550537, -0.07544221729040146, -0.11037123948335648, 0.8616918325424194] status=0x8203
joint_pos=[0.0, 0.0, 0.0, 0.0, 0.0, 0.0] joint_vel=[0.0, 0.0, 0.0, 0.0, 0.0, 0.0] imu_ang_vel=[0.016511596739292145, 0.004793689586222172, 0.0063915858045220375] imu_quat_wxyz=[-0.4895169734954834, -0.07552295923233032, -0.11027538031339645, 0.861689567565918] status=0x8203
joint_pos=[0.0, 0.0, 0.0, 0.0, 0.0, 0.0] joint_vel=[0.0, 0.0, 0.0, 0.0, 0.0, 0.0] imu_ang_vel=[0.017044229432940483, 0.0015978964511305094, 0.0063915858045220375] imu_quat_wxyz=[-0.4894096851348877, -0.07526476681232452, -0.11066219955682755, 0.8617234230041504] status=0x8203
joint_pos=[0.0, 0.0, 0.0, 0.0, 0.0, 0.0] joint_vel=[0.0, 0.0, 0.0, 0.0, 0.0, 0.0] imu_ang_vel=[0.01757686212658882, 0.0037284251302480698, 0.0069242180325090885] imu_quat_wxyz=[-0.4894198477268219, -0.07533855736255646, -0.11055416613817215, 0.8617250919342041] status=0x8203
joint_pos=[0.0, 0.0, 0.0, 0.0, 0.0, 0.0] joint_vel=[0.0, 0.0, 0.0, 0.0, 0.0, 0.0] imu_ang_vel=[0.01757686212658882, 0.005858954042196274, 0.0063915858045220375] imu_quat_wxyz=[-0.4894280433654785, -0.0754154846072197, -0.1104489341378212, 0.861727237701416] status=0x8203
joint_pos=[0.0, 0.0, 0.0, 0.0, 0.0, 0.0] joint_vel=[0.0, 0.0, 0.0, 0.0, 0.0, 0.0] imu_ang_vel=[0.016511596739292145, 0.0037284251302480698, 0.005858954042196274] imu_quat_wxyz=[-0.4894419312477112, -0.07549357414245605, -0.11034645140171051, 0.8617256283760071] status=0x8203
joint_pos=[0.0, 0.0, 0.0, 0.0, 0.0, 0.0] joint_vel=[0.0, 0.0, 0.0, 0.0, 0.0, 0.0] imu_ang_vel=[0.015978965908288956, 0.0037284251302480698, 0.0063915858045220375] imu_quat_wxyz=[-0.48944520950317383, -0.07553239911794662, -0.1102912425994873, 0.8617274165153503] status=0x8203
joint_pos=[0.0, 0.0, 0.0, 0.0, 0.0, 0.0] joint_vel=[0.0, 0.0, 0.0, 0.0, 0.0, 0.0] imu_ang_vel=[0.014913700520992279, 0.0031957929022610188, 0.005326321814209223] imu_quat_wxyz=[-0.489326536655426, -0.07528205960988998, -0.11066540330648422, 0.8617688417434692] status=0x8203
joint_pos=[0.0, 0.0, 0.0, 0.0, 0.0, 0.0] joint_vel=[0.0, 0.0, 0.0, 0.0, 0.0, 0.0] imu_ang_vel=[0.016511596739292145, 0.0031957929022610188, 0.007989482954144478] imu_quat_wxyz=[-0.4893408417701721, -0.07535263895988464, -0.11055850982666016, 0.8617681264877319] status=0x8203
joint_pos=[0.0, 0.0, 0.0, 0.0, 0.0, 0.0] joint_vel=[0.0, 0.0, 0.0, 0.0, 0.0, 0.0] imu_ang_vel=[0.017044229432940483, 0.004793689586222172, 0.005326321814209223] imu_quat_wxyz=[-0.48935529589653015, -0.07543183118104935, -0.11045435816049576, 0.8617663979530334] status=0x8203
joint_pos=[0.0, 0.0, 0.0, 0.0, 0.0, 0.0] joint_vel=[0.0, 0.0, 0.0, 0.0, 0.0, 0.0] imu_ang_vel=[0.017044229432940483, 0.0021305286791175604, 0.005858954042196274] imu_quat_wxyz=[-0.48936477303504944, -0.0755111426115036, -0.11035411804914474, 0.8617669343948364] status=0x8203
joint_pos=[0.0, 0.0, 0.0, 0.0, 0.0, 0.0] joint_vel=[0.0, 0.0, 0.0, 0.0, 0.0, 0.0] imu_ang_vel=[0.017044229432940483, 0.0031957929022610188, 0.0074568502604961395] imu_quat_wxyz=[-0.4893752634525299, -0.0755854919552803, -0.11024469137191772, 0.8617684245109558] status=0x8203
joint_pos=[0.0, 0.0, 0.0, 0.0, 0.0, 0.0] joint_vel=[0.0, 0.0, 0.0, 0.0, 0.0, 0.0] imu_ang_vel=[0.017044229432940483, 0.0037284251302480698, 0.005326321814209223] imu_quat_wxyz=[-0.4892525374889374, -0.075309157371521, -0.1106623113155365, 0.8618087768554688] status=0x8203
joint_pos=[0.0, 0.0, 0.0, 0.0, 0.0, 0.0] joint_vel=[0.0, 0.0, 0.0, 0.0, 0.0, 0.0] imu_ang_vel=[0.016511596739292145, 0.004261057358235121, 0.0069242180325090885] imu_quat_wxyz=[-0.4892652928829193, -0.07538687437772751, -0.1105564758181572, 0.8618083000183105] status=0x8203
joint_pos=[0.0, 0.0, 0.0, 0.0, 0.0, 0.0] joint_vel=[0.0, 0.0, 0.0, 0.0, 0.0, 0.0] imu_ang_vel=[0.016511596739292145, 0.0031957929022610188, 0.0074568502604961395] imu_quat_wxyz=[-0.48927798867225647, -0.07546517997980118, -0.11045513302087784, 0.8618072867393494] status=0x8203
joint_pos=[0.0, 0.0, 0.0, 0.0, 0.0, 0.0] joint_vel=[0.0, 0.0, 0.0, 0.0, 0.0, 0.0] imu_ang_vel=[0.015978965908288956, 0.004261057358235121, 0.0063915858045220375] imu_quat_wxyz=[-0.48929160833358765, -0.07554154843091965, -0.11035051196813583, 0.8618062138557434] status=0x8203
joint_pos=[0.0, 0.0, 0.0, 0.0, 0.0, 0.0] joint_vel=[0.0, 0.0, 0.0, 0.0, 0.0, 0.0] imu_ang_vel=[0.016511596739292145, 0.004261057358235121, 0.005858954042196274] imu_quat_wxyz=[-0.4892965853214264, -0.07558033615350723, -0.1102999746799469, 0.8618065118789673] status=0x8203
joint_pos=[0.0, 0.0, 0.0, 0.0, 0.0, 0.0] joint_vel=[0.0, 0.0, 0.0, 0.0, 0.0, 0.0] imu_ang_vel=[0.017044229432940483, 0.0021305286791175604, 0.005326321814209223] imu_quat_wxyz=[-0.48918503522872925, -0.07535401731729507, -0.11063432693481445, 0.8618468046188354] status=0x8203
joint_pos=[0.0, 0.0, 0.0, 0.0, 0.0, 0.0] joint_vel=[0.0, 0.0, 0.0, 0.0, 0.0, 0.0] imu_ang_vel=[0.016511596739292145, 0.0037284251302480698, 0.0063915858045220375] imu_quat_wxyz=[-0.48919183015823364, -0.0754270926117897, -0.11052483320236206, 0.8618505597114563] status=0x8203
joint_pos=[0.0, 0.0, 0.0, 0.0, 0.0, 0.0] joint_vel=[0.0, 0.0, 0.0, 0.0, 0.0, 0.0] imu_ang_vel=[0.015446333214640617, 0.0037284251302480698, 0.0063915858045220375] imu_quat_wxyz=[-0.4892006516456604, -0.07550168037414551, -0.11042296886444092, 0.8618521690368652] status=0x8203
joint_pos=[0.0, 0.0, 0.0, 0.0, 0.0, 0.0] joint_vel=[0.0, 0.0, 0.0, 0.0, 0.0, 0.0] imu_ang_vel=[0.016511596739292145, 0.0026631606742739677, 0.0069242180325090885] imu_quat_wxyz=[-0.4892171621322632, -0.07556868344545364, -0.11032222211360931, 0.8618497252464294] status=0x8203
joint_pos=[0.0, 0.0, 0.0, 0.0, 0.0, 0.0] joint_vel=[0.0, 0.0, 0.0, 0.0, 0.0, 0.0] imu_ang_vel=[0.01810949295759201, 0.0031957929022610188, 0.0063915858045220375] imu_quat_wxyz=[-0.4892278015613556, -0.07564706355333328, -0.11020855605602264, 0.8618513941764832] status=0x8203
joint_pos=[0.0, 0.0, 0.0, 0.0, 0.0, 0.0] joint_vel=[0.0, 0.0, 0.0, 0.0, 0.0, 0.0] imu_ang_vel=[0.01438106782734394, 0.0021305286791175604, 0.005858954042196274] imu_quat_wxyz=[-0.4890962839126587, -0.07536031305789948, -0.1106264591217041, 0.8618975877761841] status=0x8203
joint_pos=[0.0, 0.0, 0.0, 0.0, 0.0, 0.0] joint_vel=[0.0, 0.0, 0.0, 0.0, 0.0, 0.0] imu_ang_vel=[0.014913700520992279, 0.0031957929022610188, 0.005326321814209223] imu_quat_wxyz=[-0.48910751938819885, -0.07542747259140015, -0.11052288860082626, 0.86189866065979] status=0x8203
joint_pos=[0.0, 0.0, 0.0, 0.0, 0.0, 0.0] joint_vel=[0.0, 0.0, 0.0, 0.0, 0.0, 0.0] imu_ang_vel=[0.01864212565124035, 0.004261057358235121, 0.005858954042196274] imu_quat_wxyz=[-0.48911362886428833, -0.07550431787967682, -0.11042597144842148, 0.8619009256362915] status=0x8203
joint_pos=[0.0, 0.0, 0.0, 0.0, 0.0, 0.0] joint_vel=[0.0, 0.0, 0.0, 0.0, 0.0, 0.0] imu_ang_vel=[0.016511596739292145, 0.004261057358235121, 0.0074568502604961395] imu_quat_wxyz=[-0.4891209900379181, -0.0755874291062355, -0.11031949520111084, 0.8619030117988586] status=0x8203
joint_pos=[0.0, 0.0, 0.0, 0.0, 0.0, 0.0] joint_vel=[0.0, 0.0, 0.0, 0.0, 0.0, 0.0] imu_ang_vel=[0.01757686212658882, 0.0026631606742739677, 0.007989482954144478] imu_quat_wxyz=[-0.48913004994392395, -0.07562904804944992, -0.1102701723575592, 0.8619005084037781] status=0x8203
joint_pos=[0.0, 0.0, 0.0, 0.0, 0.0, 0.0] joint_vel=[0.0, 0.0, 0.0, 0.0, 0.0, 0.0] imu_ang_vel=[0.015978965908288956, 0.0026631606742739677, 0.005326321814209223] imu_quat_wxyz=[-0.48901432752609253, -0.0753788948059082, -0.11063992977142334, 0.8619407415390015] status=0x8203
joint_pos=[0.0, 0.0, 0.0, 0.0, 0.0, 0.0] joint_vel=[0.0, 0.0, 0.0, 0.0, 0.0, 0.0] imu_ang_vel=[0.017044229432940483, 0.004261057358235121, 0.0053263213485479355] imu_quat_wxyz=[-0.48901647329330444, -0.07546152174472809, -0.1105443686246872, 0.8619445562362671] status=0x8203
joint_pos=[0.0, 0.0, 0.0, 0.0, 0.0, 0.0] joint_vel=[0.0, 0.0, 0.0, 0.0, 0.0, 0.0] imu_ang_vel=[0.015978965908288956, 0.0026631606742739677, 0.0069242180325090885] imu_quat_wxyz=[-0.48901796340942383, -0.0755450651049614, -0.1104375496506691, 0.861950159072876] status=0x8203
joint_pos=[0.0, 0.0, 0.0, 0.0, 0.0, 0.0] joint_vel=[0.0, 0.0, 0.0, 0.0, 0.0, 0.0] imu_ang_vel=[0.015446333214640617, 0.0021305286791175604, 0.0069242180325090885] imu_quat_wxyz=[-0.4890352189540863, -0.07561894506216049, -0.1103341355919838, 0.8619471788406372] status=0x8203
joint_pos=[0.0, 0.0, 0.0, 0.0, 0.0, 0.0] joint_vel=[0.0, 0.0, 0.0, 0.0, 0.0, 0.0] imu_ang_vel=[0.01810949295759201, 0.0031957929022610188, 0.008522114716470242] imu_quat_wxyz=[-0.48905354738235474, -0.07569689303636551, -0.11023049056529999, 0.8619431257247925] status=0x8203
joint_pos=[0.0, 0.0, 0.0, 0.0, 0.0, 0.0] joint_vel=[0.0, 0.0, 0.0, 0.0, 0.0, 0.0] imu_ang_vel=[0.01757686212658882, 0.0031957929022610188, 0.0037284251302480698] imu_quat_wxyz=[-0.4889353811740875, -0.07544533163309097, -0.11060959845781326, 0.8619835376739502] status=0x8203
joint_pos=[0.0, 0.0, 0.0, 0.0, 0.0, 0.0] joint_vel=[0.0, 0.0, 0.0, 0.0, 0.0, 0.0] imu_ang_vel=[0.015978965908288956, 0.0037284251302480698, 0.005858954042196274] imu_quat_wxyz=[-0.4889313578605652, -0.07551556080579758, -0.11049869656562805, 0.8619939684867859] status=0x8203
joint_pos=[0.0, 0.0, 0.0, 0.0, 0.0, 0.0] joint_vel=[0.0, 0.0, 0.0, 0.0, 0.0, 0.0] imu_ang_vel=[0.01810949295759201, 0.004261057358235121, 0.0069242180325090885] imu_quat_wxyz=[-0.4889349639415741, -0.07558679580688477, -0.11038698256015778, 0.862000048160553] status=0x8203
joint_pos=[0.0, 0.0, 0.0, 0.0, 0.0, 0.0] joint_vel=[0.0, 0.0, 0.0, 0.0, 0.0, 0.0] imu_ang_vel=[0.015978965908288956, 0.0021305286791175604, 0.008522114716470242] imu_quat_wxyz=[-0.4889547824859619, -0.07565480470657349, -0.11027856916189194, 0.8619966506958008] status=0x8203
joint_pos=[0.0, 0.0, 0.0, 0.0, 0.0, 0.0] joint_vel=[0.0, 0.0, 0.0, 0.0, 0.0, 0.0] imu_ang_vel=[0.016511596739292145, 0.0015978964511305094, 0.0069242180325090885] imu_quat_wxyz=[-0.4889707863330841, -0.07568731904029846, -0.11022240668535233, 0.8619919419288635] status=0x8203
joint_pos=[0.0, 0.0, 0.0, 0.0, 0.0, 0.0] joint_vel=[0.0, 0.0, 0.0, 0.0, 0.0, 0.0] imu_ang_vel=[0.01810949295759201, 0.0031957929022610188, 0.0063915858045220375] imu_quat_wxyz=[-0.48885735869407654, -0.07544022798538208, -0.11055410653352737, 0.8620354533195496] status=0x8203
joint_pos=[0.0, 0.0, 0.0, 0.0, 0.0, 0.0] joint_vel=[0.0, 0.0, 0.0, 0.0, 0.0, 0.0] imu_ang_vel=[0.01757686212658882, 0.0026631606742739677, 0.005326321814209223] imu_quat_wxyz=[-0.48886165022850037, -0.07551544904708862, -0.11044159531593323, 0.8620408177375793] status=0x8203
joint_pos=[0.0, 0.0, 0.0, 0.0, 0.0, 0.0] joint_vel=[0.0, 0.0, 0.0, 0.0, 0.0, 0.0] imu_ang_vel=[0.015623877756297588, 0.0024856168311089277, 0.007101761642843485] imu_quat_wxyz=[-0.4888710081577301, -0.0755942091345787, -0.11033264547586441, 0.8620425462722778] status=0x8203
joint_pos=[0.0, 0.0, 0.0, 0.0, 0.0, 0.0] joint_vel=[0.0, 0.0, 0.0, 0.0, 0.0, 0.0] imu_ang_vel=[0.015978965908288956, 0.004261057358235121, 0.007989482954144478] imu_quat_wxyz=[-0.4888856112957001, -0.07566579431295395, -0.11022994667291641, 0.8620411157608032] status=0x8203
joint_pos=[0.0, 0.0, 0.0, 0.0, 0.0, 0.0] joint_vel=[0.0, 0.0, 0.0, 0.0, 0.0, 0.0] imu_ang_vel=[0.015978965908288956, 0.0037284251302480698, 0.007989482954144478] imu_quat_wxyz=[-0.4889031648635864, -0.075743667781353, -0.11012621223926544, 0.8620376586914062] status=0x8203
joint_pos=[0.0, 0.0, 0.0, 0.0, 0.0, 0.0] joint_vel=[0.0, 0.0, 0.0, 0.0, 0.0, 0.0] imu_ang_vel=[0.015978965908288956, 0.0037284251302480698, 0.005326321814209223] imu_quat_wxyz=[-0.4887778162956238, -0.07548099756240845, -0.11051224172115326, 0.8620823621749878] status=0x8203
joint_pos=[0.0, 0.0, 0.0, 0.0, 0.0, 0.0] joint_vel=[0.0, 0.0, 0.0, 0.0, 0.0, 0.0] imu_ang_vel=[0.017044229432940483, 0.004261057358235121, 0.004793689586222172] imu_quat_wxyz=[-0.48878589272499084, -0.07555686682462692, -0.11041473597288132, 0.8620835542678833] status=0x8203
joint_pos=[0.0, 0.0, 0.0, 0.0, 0.0, 0.0] joint_vel=[0.0, 0.0, 0.0, 0.0, 0.0, 0.0] imu_ang_vel=[0.015446333214640617, 0.0031957929022610188, 0.0069242180325090885] imu_quat_wxyz=[-0.48879748582839966, -0.0756366029381752, -0.1103135198354721, 0.8620830178260803] status=0x8203
joint_pos=[0.0, 0.0, 0.0, 0.0, 0.0, 0.0] joint_vel=[0.0, 0.0, 0.0, 0.0, 0.0, 0.0] imu_ang_vel=[0.016511596739292145, 0.004261057358235121, 0.007989482954144478] imu_quat_wxyz=[-0.48881685733795166, -0.07571353018283844, -0.1102142259478569, 0.8620779514312744] status=0x8203
joint_pos=[0.0, 0.0, 0.0, 0.0, 0.0, 0.0] joint_vel=[0.0, 0.0, 0.0, 0.0, 0.0, 0.0] imu_ang_vel=[0.01757686212658882, 0.004261057358235121, 0.005858954042196274] imu_quat_wxyz=[-0.48883575201034546, -0.07579784840345383, -0.11011400818824768, 0.8620727062225342] status=0x8203
joint_pos=[0.0, 0.0, 0.0, 0.0, 0.0, 0.0] joint_vel=[0.0, 0.0, 0.0, 0.0, 0.0, 0.0] imu_ang_vel=[0.016511596739292145, 0.0021305286791175604, 0.005326321814209223] imu_quat_wxyz=[-0.4887015223503113, -0.07554105669260025, -0.11050903052091599, 0.8621207475662231] status=0x8203
joint_pos=[0.0, 0.0, 0.0, 0.0, 0.0, 0.0] joint_vel=[0.0, 0.0, 0.0, 0.0, 0.0, 0.0] imu_ang_vel=[0.016511596739292145, 0.0021305286791175604, 0.005326321814209223] imu_quat_wxyz=[-0.4887067675590515, -0.07561256736516953, -0.11039905250072479, 0.8621256351470947] status=0x8203
joint_pos=[0.0, 0.0, 0.0, 0.0, 0.0, 0.0] joint_vel=[0.0, 0.0, 0.0, 0.0, 0.0, 0.0] imu_ang_vel=[0.015978965908288956, 0.0021305286791175604, 0.0063915858045220375] imu_quat_wxyz=[-0.48871687054634094, -0.07568646222352982, -0.11029607802629471, 0.8621265888214111] status=0x8203
joint_pos=[0.0, 0.0, 0.0, 0.0, 0.0, 0.0] joint_vel=[0.0, 0.0, 0.0, 0.0, 0.0, 0.0] imu_ang_vel=[0.014913700520992279, 0.0037284251302480698, 0.0063915858045220375] imu_quat_wxyz=[-0.4887349605560303, -0.0757550522685051, -0.11019328236579895, 0.862123429775238] status=0x8203
joint_pos=[0.0, 0.0, 0.0, 0.0, 0.0, 0.0] joint_vel=[0.0, 0.0, 0.0, 0.0, 0.0, 0.0] imu_ang_vel=[0.015446333214640617, 0.0031957929022610188, 0.0063915858045220375] imu_quat_wxyz=[-0.48875129222869873, -0.07583101093769073, -0.1100897341966629, 0.8621207475662231] status=0x8203
joint_pos=[0.0, 0.0, 0.0, 0.0, 0.0, 0.0] joint_vel=[0.0, 0.0, 0.0, 0.0, 0.0, 0.0] imu_ang_vel=[0.01757686212658882, 0.0021305286791175604, 0.0063915858045220375] imu_quat_wxyz=[-0.4886096715927124, -0.0755544975399971, -0.11048121750354767, 0.8621751666069031] status=0x8203
joint_pos=[0.0, 0.0, 0.0, 0.0, 0.0, 0.0] joint_vel=[0.0, 0.0, 0.0, 0.0, 0.0, 0.0] imu_ang_vel=[0.017044229432940483, 0.0031957929022610188, 0.007989482954144478] imu_quat_wxyz=[-0.488621324300766, -0.07562234997749329, -0.11037138104438782, 0.862176775932312] status=0x8203
joint_pos=[0.0, 0.0, 0.0, 0.0, 0.0, 0.0] joint_vel=[0.0, 0.0, 0.0, 0.0, 0.0, 0.0] imu_ang_vel=[0.01757686212658882, 0.0021305286791175604, 0.0069242180325090885] imu_quat_wxyz=[-0.48863843083381653, -0.07569698244333267, -0.1102578341960907, 0.862174928188324] status=0x8203
joint_pos=[0.0, 0.0, 0.0, 0.0, 0.0, 0.0] joint_vel=[0.0, 0.0, 0.0, 0.0, 0.0, 0.0] imu_ang_vel=[0.015446333214640617, 0.0031957929022610188, 0.0074568502604961395] imu_quat_wxyz=[-0.4886554181575775, -0.07577209919691086, -0.11015060544013977, 0.8621724247932434] status=0x8203
joint_pos=[0.0, 0.0, 0.0, 0.0, 0.0, 0.0] joint_vel=[0.0, 0.0, 0.0, 0.0, 0.0, 0.0] imu_ang_vel=[0.015978965908288956, 0.0037284251302480698, 0.0063915858045220375] imu_quat_wxyz=[-0.48866766691207886, -0.07584375143051147, -0.11004014313220978, 0.862173318862915] status=0x8203
joint_pos=[0.0, 0.0, 0.0, 0.0, 0.0, 0.0] joint_vel=[0.0, 0.0, 0.0, 0.0, 0.0, 0.0] imu_ang_vel=[0.01757686212658882, 0.0021305286791175604, 0.0074568502604961395] imu_quat_wxyz=[-0.48850440979003906, -0.07550541311502457, -0.1105307787656784, 0.8622328042984009] status=0x8203
joint_pos=[0.0, 0.0, 0.0, 0.0, 0.0, 0.0] joint_vel=[0.0, 0.0, 0.0, 0.0, 0.0, 0.0] imu_ang_vel=[0.017044229432940483, 0.0031957929022610188, 0.005858954042196274] imu_quat_wxyz=[-0.48851698637008667, -0.07562191039323807, -0.11037278920412064, 0.8622356057167053] status=0x8203
joint_pos=[0.0, 0.0, 0.0, 0.0, 0.0, 0.0] joint_vel=[0.0, 0.0, 0.0, 0.0, 0.0, 0.0] imu_ang_vel=[0.015446333214640617, 0.0037284251302480698, 0.0069242180325090885] imu_quat_wxyz=[-0.4885217249393463, -0.07570070773363113, -0.11026881635189056, 0.8622393608093262] status=0x8203
joint_pos=[0.0, 0.0, 0.0, 0.0, 0.0, 0.0] joint_vel=[0.0, 0.0, 0.0, 0.0, 0.0, 0.0] imu_ang_vel=[0.01757686212658882, 0.005858954042196274, 0.0069242180325090885] imu_quat_wxyz=[-0.48853421211242676, -0.07577710598707199, -0.11017095297574997, 0.8622381091117859] status=0x8203
joint_pos=[0.0, 0.0, 0.0, 0.0, 0.0, 0.0] joint_vel=[0.0, 0.0, 0.0, 0.0, 0.0, 0.0] imu_ang_vel=[0.015978965908288956, 0.0037284251302480698, 0.005858954042196274] imu_quat_wxyz=[-0.4885428547859192, -0.0758599191904068, -0.11006563901901245, 0.8622393012046814] status=0x8203
joint_pos=[0.0, 0.0, 0.0, 0.0, 0.0, 0.0] joint_vel=[0.0, 0.0, 0.0, 0.0, 0.0, 0.0] imu_ang_vel=[0.015446333214640617, 0.004261057358235121, 0.005326321814209223] imu_quat_wxyz=[-0.4883996546268463, -0.0755952000617981, -0.11047114431858063, 0.8622919321060181] status=0x8203
joint_pos=[0.0, 0.0, 0.0, 0.0, 0.0, 0.0] joint_vel=[0.0, 0.0, 0.0, 0.0, 0.0, 0.0] imu_ang_vel=[0.015978965908288956, 0.004261057358235121, 0.0074568502604961395] imu_quat_wxyz=[-0.4884062707424164, -0.07567428052425385, -0.11037051677703857, 0.86229407787323] status=0x8203
joint_pos=[0.0, 0.0, 0.0, 0.0, 0.0, 0.0] joint_vel=[0.0, 0.0, 0.0, 0.0, 0.0, 0.0] imu_ang_vel=[0.015978965908288956, 0.0037284251302480698, 0.007989482954144478] imu_quat_wxyz=[-0.4884210526943207, -0.07574663311243057, -0.1102612316608429, 0.8622933030128479] status=0x8203
joint_pos=[0.0, 0.0, 0.0, 0.0, 0.0, 0.0] joint_vel=[0.0, 0.0, 0.0, 0.0, 0.0, 0.0] imu_ang_vel=[0.016511596739292145, 0.004261057358235121, 0.005326321814209223] imu_quat_wxyz=[-0.4884367287158966, -0.07582259923219681, -0.11015542596578598, 0.8622913956642151] status=0x8203
joint_pos=[0.0, 0.0, 0.0, 0.0, 0.0, 0.0] joint_vel=[0.0, 0.0, 0.0, 0.0, 0.0, 0.0] imu_ang_vel=[0.01810949295759201, 0.004793689586222172, 0.0074568502604961395] imu_quat_wxyz=[-0.48844465613365173, -0.07590020447969437, -0.11005020141601562, 0.8622934818267822] status=0x8203
joint_pos=[0.0, 0.0, 0.0, 0.0, 0.0, 0.0] joint_vel=[0.0, 0.0, 0.0, 0.0, 0.0, 0.0] imu_ang_vel=[0.017044229432940483, 0.0031957929022610188, 0.005858954042196274] imu_quat_wxyz=[-0.4882904291152954, -0.07559782266616821, -0.11049557477235794, 0.8623504638671875] status=0x8203
joint_pos=[0.0, 0.0, 0.0, 0.0, 0.0, 0.0] joint_vel=[0.0, 0.0, 0.0, 0.0, 0.0, 0.0] imu_ang_vel=[0.01757686212658882, 0.0031957929022610188, 0.0063915858045220375] imu_quat_wxyz=[-0.4883004426956177, -0.07571189105510712, -0.11033182591199875, 0.8623557686805725] status=0x8203
joint_pos=[0.0, 0.0, 0.0, 0.0, 0.0, 0.0] joint_vel=[0.0, 0.0, 0.0, 0.0, 0.0, 0.0] imu_ang_vel=[0.015978965908288956, 0.0015978964511305094, 0.005858954042196274] imu_quat_wxyz=[-0.48830822110176086, -0.0757870152592659, -0.11022784560918808, 0.8623579740524292] status=0x8203
joint_pos=[0.0, 0.0, 0.0, 0.0, 0.0, 0.0] joint_vel=[0.0, 0.0, 0.0, 0.0, 0.0, 0.0] imu_ang_vel=[0.017044229432940483, 0.0074568502604961395, 0.007989482954144478] imu_quat_wxyz=[-0.4883149266242981, -0.07586304843425751, -0.1101226732134819, 0.862360954284668] status=0x8203
joint_pos=[0.0, 0.0, 0.0, 0.0, 0.0, 0.0] joint_vel=[0.0, 0.0, 0.0, 0.0, 0.0, 0.0] imu_ang_vel=[0.01438106782734394, 0.005858954042196274, 0.010652643628418446] imu_quat_wxyz=[-0.48834434151649475, -0.07596684247255325, -0.11003179103136063, 0.8623467087745667] status=0x8203
joint_pos=[0.0, 0.0, 0.0, 0.0, 0.0, 0.0] joint_vel=[0.0, 0.0, 0.0, 0.0, 0.0, 0.0] imu_ang_vel=[0.015446333214640617, 0.0069242180325090885, 0.009054746478796005] imu_quat_wxyz=[-0.48821189999580383, -0.07570801675319672, -0.11041982471942902, 0.8623948693275452] status=0x8203
joint_pos=[0.0, 0.0, 0.0, 0.0, 0.0, 0.0] joint_vel=[0.0, 0.0, 0.0, 0.0, 0.0, 0.0] imu_ang_vel=[0.01757686212658882, 0.005858954042196274, 0.005326321814209223] imu_quat_wxyz=[-0.4882323741912842, -0.07581165432929993, -0.11032585799694061, 0.8623862266540527] status=0x8203
joint_pos=[0.0, 0.0, 0.0, 0.0, 0.0, 0.0] joint_vel=[0.0, 0.0, 0.0, 0.0, 0.0, 0.0] imu_ang_vel=[0.01757686212658882, 0.009587379172444344, 0.0063915858045220375] imu_quat_wxyz=[-0.4882279634475708, -0.07593001425266266, -0.11024080216884613, 0.8623891472816467] status=0x8203
joint_pos=[0.0, 0.0, 0.0, 0.0, 0.0, 0.0] joint_vel=[0.0, 0.0, 0.0, 0.0, 0.0, 0.0] imu_ang_vel=[0.01757686212658882, 0.013848436065018177, 0.013315804302692413] imu_quat_wxyz=[-0.4882452189922333, -0.07610010355710983, -0.1101655438542366, 0.862373948097229] status=0x8203
joint_pos=[0.0, 0.0, 0.0, 0.0, 0.0, 0.0] joint_vel=[0.0, 0.0, 0.0, 0.0, 0.0, 0.0] imu_ang_vel=[0.013315804302692413, 0.0037284251302480698, 0.0010652643395587802] imu_quat_wxyz=[-0.488253653049469, -0.07623802125453949, -0.11009437590837479, 0.8623661994934082] status=0x8203
joint_pos=[0.0, 0.0, 0.0, 0.0, 0.0, 0.0] joint_vel=[0.0, 0.0, 0.0, 0.0, 0.0, 0.0] imu_ang_vel=[0.024501079693436623, 0.011717908084392548, 0.010120011866092682] imu_quat_wxyz=[-0.48802274465560913, -0.07576891034841537, -0.11080735176801682, 0.8624469041824341] status=0x8203
joint_pos=[0.0, 0.0, 0.0, 0.0, 0.0, 0.0] joint_vel=[0.0, 0.0, 0.0, 0.0, 0.0, 0.0] imu_ang_vel=[0.03568635508418083, 0.05432848259806633, 0.04207794368267059] imu_quat_wxyz=[-0.48812898993492126, -0.07617737352848053, -0.11069431900978088, 0.8623653054237366] status=0x8203
joint_pos=[0.0, 0.0, 0.0, 0.0, 0.0, 0.0] joint_vel=[0.0, 0.0, 0.0, 0.0, 0.0, 0.0] imu_ang_vel=[0.01757686212658882, 0.060187436640262604, 0.03568635508418083] imu_quat_wxyz=[-0.4884324371814728, -0.07687633484601974, -0.11071477085351944, 0.862128734588623] status=0x8203
joint_pos=[0.0, 0.0, 0.0, 0.0, 0.0, 0.0] joint_vel=[0.0, 0.0, 0.0, 0.0, 0.0, 0.0] imu_ang_vel=[0.014913700520992279, 0.02183791995048523, -0.010120011866092682] imu_quat_wxyz=[-0.4885376989841461, -0.07727102935314178, -0.11083865910768509, 0.8620179295539856] status=0x8203
joint_pos=[0.0, 0.0, 0.0, 0.0, 0.0, 0.0] joint_vel=[0.0, 0.0, 0.0, 0.0, 0.0, 0.0] imu_ang_vel=[0.08575378358364105, 0.04420846700668335, -0.004793689586222172] imu_quat_wxyz=[-0.4883802831172943, -0.0776543840765953, -0.11073046922683716, 0.8620866537094116] status=0x8203
joint_pos=[0.0, 0.0, 0.0, 0.0, 0.0, 0.0] joint_vel=[0.0, 0.0, 0.0, 0.0, 0.0, 0.0] imu_ang_vel=[0.10865695774555206, 0.0, -0.019174758344888687] imu_quat_wxyz=[-0.4881313145160675, -0.07807175070047379, -0.11054790019989014, 0.8622132539749146] status=0x8203
joint_pos=[0.0, 0.0, 0.0, 0.0, 0.0, 0.0] joint_vel=[0.0, 0.0, 0.0, 0.0, 0.0, 0.0] imu_ang_vel=[0.11291801929473877, -0.05699164420366287, -0.05752427503466606] imu_quat_wxyz=[-0.4877205491065979, -0.0783587321639061, -0.10954137146472931, 0.8625481128692627] status=0x8203
joint_pos=[0.0, 0.0, 0.0, 0.0, 0.0, 0.0] joint_vel=[0.0, 0.0, 0.0, 0.0, 0.0, 0.0] imu_ang_vel=[0.1352885663509369, -0.04048004373908043, -0.026631608605384827] imu_quat_wxyz=[-0.4872071444988251, -0.0783737301826477, -0.1083114966750145, 0.8629921078681946] status=0x8203
joint_pos=[0.0, 0.0, 0.0, 0.0, 0.0, 0.0] joint_vel=[0.0, 0.0, 0.0, 0.0, 0.0, 0.0] imu_ang_vel=[0.14594121277332306, -0.08948220312595367, 0.030892666429281235] imu_quat_wxyz=[-0.487070232629776, -0.07855120301246643, -0.10689498484134674, 0.8632298111915588] status=0x8203
joint_pos=[0.0, 0.0, 0.0, 0.0, 0.0, 0.0] joint_vel=[0.0, 0.0, 0.0, 0.0, 0.0, 0.0] imu_ang_vel=[0.1858886331319809, -0.1395496279001236, 0.06657902151346207] imu_quat_wxyz=[-0.4873940646648407, -0.07841825485229492, -0.10500461608171463, 0.8632912039756775] status=0x8203
joint_pos=[0.0, 0.0, 0.0, 0.0, 0.0, 0.0] joint_vel=[0.0, 0.0, 0.0, 0.0, 0.0, 0.0] imu_ang_vel=[0.2183791995048523, -0.20719391107559204, 0.05326321721076965] imu_quat_wxyz=[-0.487833708524704, -0.07815366983413696, -0.10443521291017532, 0.8631358742713928] status=0x8203
joint_pos=[0.0, 0.0, 0.0, 0.0, 0.0, 0.0] joint_vel=[0.0, 0.0, 0.0, 0.0, 0.0, 0.0] imu_ang_vel=[0.21038970351219177, -0.2966760993003845, -0.06072006747126579] imu_quat_wxyz=[-0.4883832633495331, -0.07696456462144852, -0.10009223222732544, 0.8634464740753174] status=0x8203
joint_pos=[0.0, 0.0, 0.0, 0.0, 0.0, 0.0] joint_vel=[0.0, 0.0, 0.0, 0.0, 0.0, 0.0] imu_ang_vel=[0.232227623462677, -0.41172468662261963, -0.1672464907169342] imu_quat_wxyz=[-0.48763149976730347, -0.07501478493213654, -0.09666702896356583, 0.8644327521324158] status=0x8203
joint_pos=[0.0, 0.0, 0.0, 0.0, 0.0, 0.0] joint_vel=[0.0, 0.0, 0.0, 0.0, 0.0, 0.0] imu_ang_vel=[0.3057308793067932, -0.5235774517059326, -0.10013484954833984] imu_quat_wxyz=[-0.48671236634254456, -0.07220862060785294, -0.09249476343393326, 0.8656452894210815] status=0x8203
joint_pos=[0.0, 0.0, 0.0, 0.0, 0.0, 0.0] joint_vel=[0.0, 0.0, 0.0, 0.0, 0.0, 0.0] imu_ang_vel=[0.36485302448272705, -0.6364954710006714, -0.41971415281295776] imu_quat_wxyz=[-0.48529303073883057, -0.06854299455881119, -0.08707892149686813, 0.8673003315925598] status=0x8203
joint_pos=[0.0, 0.0, 0.0, 0.0, 0.0, 0.0] joint_vel=[0.0, 0.0, 0.0, 0.0, 0.0, 0.0] imu_ang_vel=[0.4490089416503906, -0.6892260313034058, -0.5379585027694702] imu_quat_wxyz=[-0.48211896419525146, -0.06462930887937546, -0.08152618259191513, 0.8699067831039429] status=0x8203
joint_pos=[0.0, 0.0, 0.0, 0.0, 0.0, 0.0] joint_vel=[0.0, 0.0, 0.0, 0.0, 0.0, 0.0] imu_ang_vel=[0.45699837803840637, -0.6902913451194763, -0.6849649548530579] imu_quat_wxyz=[-0.4770927131175995, -0.060406025499105453, -0.07478602230548859, 0.8735793232917786] status=0x8203
joint_pos=[0.0, 0.0, 0.0, 0.0, 0.0, 0.0] joint_vel=[0.0, 0.0, 0.0, 0.0, 0.0, 0.0] imu_ang_vel=[0.4745752811431885, -0.7435545325279236, -0.7819040417671204] imu_quat_wxyz=[-0.47095081210136414, -0.05583968758583069, -0.06775633245706558, 0.8777792453765869] status=0x8203
joint_pos=[0.0, 0.0, 0.0, 0.0, 0.0, 0.0] joint_vel=[0.0, 0.0, 0.0, 0.0, 0.0, 0.0] imu_ang_vel=[0.48096686601638794, -0.7558050155639648, -0.9358347654342651] imu_quat_wxyz=[-0.4640839397907257, -0.050890516489744186, -0.06050608307123184, 0.8822557330131531] status=0x8203
joint_pos=[0.0, 0.0, 0.0, 0.0, 0.0, 0.0] joint_vel=[0.0, 0.0, 0.0, 0.0, 0.0, 0.0] imu_ang_vel=[0.45433521270751953, -0.7595335245132446, -1.0455570220947266] imu_quat_wxyz=[-0.45562174916267395, -0.045741308480501175, -0.0534210205078125, 0.8873910307884216] status=0x8203
joint_pos=[0.0, 0.0, 0.0, 0.0, 0.0, 0.0] joint_vel=[0.0, 0.0, 0.0, 0.0, 0.0, 0.0] imu_ang_vel=[0.42557311058044434, -0.7968177795410156, -1.1739213466644287] imu_quat_wxyz=[-0.4512718915939331, -0.043231863528490067, -0.05073561146855354, 0.889893651008606] status=0x8203
joint_pos=[0.0, 0.0, 0.0, 0.0, 0.0, 0.0] joint_vel=[0.0, 0.0, 0.0, 0.0, 0.0, 0.0] imu_ang_vel=[0.4266383647918701, -0.6673880815505981, -1.1105380058288574] imu_quat_wxyz=[-0.43609338998794556, -0.035057924687862396, -0.0409189909696579, 0.8982868194580078] status=0x8203
joint_pos=[0.0, 0.0, 0.0, 0.0, 0.0, 0.0] joint_vel=[0.0, 0.0, 0.0, 0.0, 0.0, 0.0] imu_ang_vel=[0.3611246347427368, -0.7137271165847778, -1.2676645517349243] imu_quat_wxyz=[-0.42566195130348206, -0.030290650203824043, -0.03474641218781471, 0.9037073850631714] status=0x8203
joint_pos=[0.0, 0.0, 0.0, 0.0, 0.0, 0.0] joint_vel=[0.0, 0.0, 0.0, 0.0, 0.0, 0.0] imu_ang_vel=[0.39308252930641174, -0.6056027412414551, -1.2879046201705933] imu_quat_wxyz=[-0.41414961218833923, -0.025167573243379593, -0.028907649219036102, 0.9094015955924988] status=0x8203
joint_pos=[0.0, 0.0, 0.0, 0.0, 0.0, 0.0] joint_vel=[0.0, 0.0, 0.0, 0.0, 0.0, 0.0] imu_ang_vel=[0.45699840784072876, -0.5305016040802002, -1.3299825191497803] imu_quat_wxyz=[-0.4022443890571594, -0.021068932488560677, -0.022883761674165726, 0.9150038361549377] status=0x8203
joint_pos=[0.0, 0.0, 0.0, 0.0, 0.0, 0.0] joint_vel=[0.0, 0.0, 0.0, 0.0, 0.0, 0.0] imu_ang_vel=[0.4740426242351532, -0.47137945890426636, -1.3768541812896729] imu_quat_wxyz=[-0.3897607624530792, -0.0178412813693285, -0.01690206117928028, 0.9205881953239441] status=0x8203
joint_pos=[0.0, 0.0, 0.0, 0.0, 0.0, 0.0] joint_vel=[0.0, 0.0, 0.0, 0.0, 0.0, 0.0] imu_ang_vel=[0.404267817735672, -0.3818972706794739, -1.4024205207824707] imu_quat_wxyz=[-0.3769132196903229, -0.015270797535777092, -0.011249760165810585, 0.9260543584823608] status=0x8203
joint_pos=[0.0, 0.0, 0.0, 0.0, 0.0, 0.0] joint_vel=[0.0, 0.0, 0.0, 0.0, 0.0, 0.0] imu_ang_vel=[0.38775622844696045, -0.2679139971733093, -1.393898367881775] imu_quat_wxyz=[-0.36385661363601685, -0.013202764093875885, -0.006383085157722235, 0.9313396215438843] status=0x8203
joint_pos=[0.0, 0.0, 0.0, 0.0, 0.0, 0.0] joint_vel=[0.0, 0.0, 0.0, 0.0, 0.0, 0.0] imu_ang_vel=[0.2918824255466461, -0.09960221499204636, -1.4839131832122803] imu_quat_wxyz=[-0.35091763734817505, -0.012495182454586029, -0.0024176519364118576, 0.936319887638092] status=0x8203
joint_pos=[0.0, 0.0, 0.0, 0.0, 0.0, 0.0] joint_vel=[0.0, 0.0, 0.0, 0.0, 0.0, 0.0] imu_ang_vel=[0.32170984148979187, 0.010120011866092682, -1.555285930633545] imu_quat_wxyz=[-0.3366476893424988, -0.012941623106598854, 0.0005920155090279877, 0.9415415525436401] status=0x8203
joint_pos=[0.0, 0.0, 0.0, 0.0, 0.0, 0.0] joint_vel=[0.0, 0.0, 0.0, 0.0, 0.0, 0.0] imu_ang_vel=[0.24767395853996277, 0.07350324094295502, -1.5409048795700073] imu_quat_wxyz=[-0.32937121391296387, -0.013192019425332546, 0.0025249465834349394, 0.9441049695014954] status=0x8203
joint_pos=[0.0, 0.0, 0.0, 0.0, 0.0, 0.0] joint_vel=[0.0, 0.0, 0.0, 0.0, 0.0, 0.0] imu_ang_vel=[-0.0649811252951622, 0.18322546780109406, -1.3795173168182373] imu_quat_wxyz=[-0.307686448097229, -0.015215200372040272, 0.004252598620951176, 0.9513566493988037] status=0x8203
joint_pos=[0.0, 0.0, 0.0, 0.0, 0.0, 0.0] joint_vel=[0.0, 0.0, 0.0, 0.0, 0.0, 0.0] imu_ang_vel=[-0.2039981186389923, 0.29987192153930664, -1.088167428970337] imu_quat_wxyz=[-0.2953915596008301, -0.017048627138137817, 0.0022137353662401438, 0.9552215933799744] status=0x8203
joint_pos=[0.0, 0.0, 0.0, 0.0, 0.0, 0.0] joint_vel=[0.0, 0.0, 0.0, 0.0, 0.0, 0.0] imu_ang_vel=[-0.29081714153289795, 0.2412823736667633, -1.058340072631836] imu_quat_wxyz=[-0.28520438075065613, -0.019197015091776848, -0.0008804728859104216, 0.9582740664482117] status=0x8203
joint_pos=[0.0, 0.0, 0.0, 0.0, 0.0, 0.0] joint_vel=[0.0, 0.0, 0.0, 0.0, 0.0, 0.0] imu_ang_vel=[-0.3850930631160736, 0.06604638695716858, -1.040763258934021] imu_quat_wxyz=[-0.27513793110847473, -0.01991695910692215, -0.0048278397880494595, 0.9611863493919373] status=0x8203
joint_pos=[0.0, 0.0, 0.0, 0.0, 0.0, 0.0] joint_vel=[0.0, 0.0, 0.0, 0.0, 0.0, 0.0] imu_ang_vel=[-0.4090614914894104, -0.05219795182347298, -0.9629989862442017] imu_quat_wxyz=[-0.2653210759162903, -0.018923325464129448, -0.009066936559975147, 0.9639317989349365] status=0x8203
joint_pos=[0.0, 0.0, 0.0, 0.0, 0.0, 0.0] joint_vel=[0.0, 0.0, 0.0, 0.0, 0.0, 0.0] imu_ang_vel=[-0.28495821356773376, -0.029827401041984558, -0.5757753849029541] imu_quat_wxyz=[-0.2570461332798004, -0.017337005585432053, -0.012539786286652088, 0.9661622643470764] status=0x8203
joint_pos=[0.0, 0.0, 0.0, 0.0, 0.0, 0.0] joint_vel=[0.0, 0.0, 0.0, 0.0, 0.0, 0.0] imu_ang_vel=[-0.22477078437805176, 0.3009371757507324, 0.02183791995048523] imu_quat_wxyz=[-0.2536238133907318, -0.01711183413863182, -0.015930771827697754, 0.9670203328132629] status=0x8203
joint_pos=[0.0, 0.0, 0.0, 0.0, 0.0, 0.0] joint_vel=[0.0, 0.0, 0.0, 0.0, 0.0, 0.0] imu_ang_vel=[-0.3025350570678711, 0.10439590364694595, 0.2466086894273758] imu_quat_wxyz=[-0.2547112703323364, -0.01913285441696644, -0.01907389797270298, 0.9666396975517273] status=0x8203
joint_pos=[0.0, 0.0, 0.0, 0.0, 0.0, 0.0] joint_vel=[0.0, 0.0, 0.0, 0.0, 0.0, 0.0] imu_ang_vel=[-0.5198490023612976, 0.10120011866092682, 0.02183791995048523] imu_quat_wxyz=[-0.25661802291870117, -0.01839953474700451, -0.022228408604860306, 0.9660820960998535] status=0x8203
joint_pos=[0.0, 0.0, 0.0, 0.0, 0.0, 0.0] joint_vel=[0.0, 0.0, 0.0, 0.0, 0.0, 0.0] imu_ang_vel=[-0.3797667324542999, 0.18322546780109406, 0.016511596739292145] imu_quat_wxyz=[-0.2567079961299896, -0.01831713505089283, -0.024812063202261925, 0.9659968614578247] status=0x8203
joint_pos=[0.0, 0.0, 0.0, 0.0, 0.0, 0.0] joint_vel=[0.0, 0.0, 0.0, 0.0, 0.0, 0.0] imu_ang_vel=[-0.2274339348077774, 0.3078613877296448, 0.004261057358235121] imu_quat_wxyz=[-0.25623711943626404, -0.020182812586426735, -0.030886463820934296, 0.9659096002578735] status=0x8203
joint_pos=[0.0, 0.0, 0.0, 0.0, 0.0, 0.0] joint_vel=[0.0, 0.0, 0.0, 0.0, 0.0, 0.0] imu_ang_vel=[-0.3483414351940155, 0.3238403797149658, 0.05326321721076965] imu_quat_wxyz=[-0.25643762946128845, -0.022708185017108917, -0.03405732661485672, 0.9656936526298523] status=0x8203
joint_pos=[0.0, 0.0, 0.0, 0.0, 0.0, 0.0] joint_vel=[0.0, 0.0, 0.0, 0.0, 0.0, 0.0] imu_ang_vel=[-0.3536677658557892, 0.2604571282863617, 0.1858886331319809] imu_quat_wxyz=[-0.2573701739311218, -0.02473308891057968, -0.03833907097578049, 0.9652352333068848] status=0x8203
joint_pos=[0.0, 0.0, 0.0, 0.0, 0.0, 0.0] joint_vel=[0.0, 0.0, 0.0, 0.0, 0.0, 0.0] imu_ang_vel=[-0.2886866331100464, 0.26205503940582275, 0.1810949444770813] imu_quat_wxyz=[-0.25919288396835327, -0.026431463658809662, -0.042192284017801285, 0.9645415544509888] status=0x8203
joint_pos=[0.0, 0.0, 0.0, 0.0, 0.0, 0.0] joint_vel=[0.0, 0.0, 0.0, 0.0, 0.0, 0.0] imu_ang_vel=[-0.2929477095603943, 0.2790992558002472, 0.1853559911251068] imu_quat_wxyz=[-0.26079413294792175, -0.02828042581677437, -0.04568589851260185, 0.9638981223106384] status=0x8203
joint_pos=[0.0, 0.0, 0.0, 0.0, 0.0, 0.0] joint_vel=[0.0, 0.0, 0.0, 0.0, 0.0, 0.0] imu_ang_vel=[-0.11345065385103226, 0.25353291630744934, 0.16405071318149567] imu_quat_wxyz=[-0.2623613476753235, -0.030264992266893387, -0.04874371737241745, 0.9632624983787537] status=0x8203
joint_pos=[0.0, 0.0, 0.0, 0.0, 0.0, 0.0] joint_vel=[0.0, 0.0, 0.0, 0.0, 0.0, 0.0] imu_ang_vel=[-0.060720063745975494, 0.08522114157676697, 0.17363807559013367] imu_quat_wxyz=[-0.26371607184410095, -0.03163620084524155, -0.049792591482400894, 0.9627947211265564] status=0x8203
joint_pos=[0.0, 0.0, 0.0, 0.0, 0.0, 0.0] joint_vel=[0.0, 0.0, 0.0, 0.0, 0.0, 0.0] imu_ang_vel=[-0.0649811252951622, 0.10439590364694595, 0.13795173168182373] imu_quat_wxyz=[-0.26547905802726746, -0.0326366052031517, -0.05088984966278076, 0.9622192978858948] status=0x8203
joint_pos=[0.0, 0.0, 0.0, 0.0, 0.0, 0.0] joint_vel=[0.0, 0.0, 0.0, 0.0, 0.0, 0.0] imu_ang_vel=[-0.18429073691368103, 0.059654802083969116, -0.03781688213348389] imu_quat_wxyz=[-0.2660568058490753, -0.0331241637468338, -0.05236199498176575, 0.9619641304016113] status=0x8203
joint_pos=[0.0, 0.0, 0.0, 0.0, 0.0, 0.0] joint_vel=[0.0, 0.0, 0.0, 0.0, 0.0, 0.0] imu_ang_vel=[-0.009054746478796005, 0.016511596739292145, -0.09374326467514038] imu_quat_wxyz=[-0.26632922887802124, -0.03219393268227577, -0.054594267159700394, 0.9617961049079895] status=0x8203
joint_pos=[0.0, 0.0, 0.0, 0.0, 0.0, 0.0] joint_vel=[0.0, 0.0, 0.0, 0.0, 0.0, 0.0] imu_ang_vel=[-0.008522114716470242, 0.0010652643395587802, -0.09108009934425354] imu_quat_wxyz=[-0.2650306820869446, -0.0321711003780365, -0.05525531619787216, 0.9621178507804871] status=0x8203
joint_pos=[0.0, 0.0, 0.0, 0.0, 0.0, 0.0] joint_vel=[0.0, 0.0, 0.0, 0.0, 0.0, 0.0] imu_ang_vel=[0.0031957929022610188, 0.012783171609044075, -0.030360035598278046] imu_quat_wxyz=[-0.264249324798584, -0.03212286904454231, -0.05511663481593132, 0.9623422622680664] status=0x8203
joint_pos=[0.0, 0.0, 0.0, 0.0, 0.0, 0.0] joint_vel=[0.0, 0.0, 0.0, 0.0, 0.0, 0.0] imu_ang_vel=[-0.02237055078148842, 0.05432847887277603, 0.08415588736534119] imu_quat_wxyz=[-0.26424041390419006, -0.032283902168273926, -0.055362869054079056, 0.9623252153396606] status=0x8203
joint_pos=[0.0, 0.0, 0.0, 0.0, 0.0, 0.0] joint_vel=[0.0, 0.0, 0.0, 0.0, 0.0, 0.0] imu_ang_vel=[-0.03621898591518402, 0.0932106301188469, 0.1715075671672821] imu_quat_wxyz=[-0.2653789818286896, -0.03290233016014099, -0.0557856559753418, 0.9619665145874023] status=0x8203
joint_pos=[0.0, 0.0, 0.0, 0.0, 0.0, 0.0] joint_vel=[0.0, 0.0, 0.0, 0.0, 0.0, 0.0] imu_ang_vel=[-0.02876213751733303, 0.05912217125296593, 0.18322546780109406] imu_quat_wxyz=[-0.26860180497169495, -0.0336037240922451, -0.05882807821035385, 0.96086585521698] status=0x8203
joint_pos=[0.0, 0.0, 0.0, 0.0, 0.0, 0.0] joint_vel=[0.0, 0.0, 0.0, 0.0, 0.0, 0.0] imu_ang_vel=[0.009054746478796005, 0.02237055078148842, 0.13688647747039795] imu_quat_wxyz=[-0.27016767859458923, -0.034082069993019104, -0.05923059210181236, 0.9603852033615112] status=0x8203
joint_pos=[0.0, 0.0, 0.0, 0.0, 0.0, 0.0] joint_vel=[0.0, 0.0, 0.0, 0.0, 0.0, 0.0] imu_ang_vel=[0.02503371238708496, 0.005326321814209223, 0.09640642255544662] imu_quat_wxyz=[-0.27137893438339233, -0.034300461411476135, -0.05911446362733841, 0.9600430130958557] status=0x8203
joint_pos=[0.0, 0.0, 0.0, 0.0, 0.0, 0.0] joint_vel=[0.0, 0.0, 0.0, 0.0, 0.0, 0.0] imu_ang_vel=[0.02929476834833622, 0.009054746478796005, 0.08096008747816086] imu_quat_wxyz=[-0.2722148299217224, -0.034455232322216034, -0.05901741608977318, 0.9598067402839661] status=0x8203
joint_pos=[0.0, 0.0, 0.0, 0.0, 0.0, 0.0] joint_vel=[0.0, 0.0, 0.0, 0.0, 0.0, 0.0] imu_ang_vel=[0.08575377613306046, -0.01810949295759201, 0.04793689399957657] imu_quat_wxyz=[-0.272861123085022, -0.03464284539222717, -0.05857332795858383, 0.9596436023712158] status=0x8203
joint_pos=[0.0, 0.0, 0.0, 0.0, 0.0, 0.0] joint_vel=[0.0, 0.0, 0.0, 0.0, 0.0, 0.0] imu_ang_vel=[0.09800431877374649, -0.030892666429281235, 0.04367583617568016] imu_quat_wxyz=[-0.27333107590675354, -0.03407324478030205, -0.05974495783448219, 0.95945805311203] status=0x8203
joint_pos=[0.0, 0.0, 0.0, 0.0, 0.0, 0.0] joint_vel=[0.0, 0.0, 0.0, 0.0, 0.0, 0.0] imu_ang_vel=[0.12836435437202454, -0.011717908084392548, 0.0559263750910759] imu_quat_wxyz=[-0.27394506335258484, -0.03410826995968819, -0.058142971247434616, 0.9593800902366638] status=0x8203
joint_pos=[0.0, 0.0, 0.0, 0.0, 0.0, 0.0] joint_vel=[0.0, 0.0, 0.0, 0.0, 0.0, 0.0] imu_ang_vel=[0.17257282137870789, -0.019174758344888687, 0.07030744850635529] imu_quat_wxyz=[-0.27437344193458557, -0.034361109137535095, -0.05668029561638832, 0.9593362212181091] status=0x8203
joint_pos=[0.0, 0.0, 0.0, 0.0, 0.0, 0.0] joint_vel=[0.0, 0.0, 0.0, 0.0, 0.0, 0.0] imu_ang_vel=[0.14700648188591003, -0.007989482954144478, 0.09693905711174011] imu_quat_wxyz=[-0.275039941072464, -0.03470004349946976, -0.05501008406281471, 0.9592303037643433] status=0x8203
joint_pos=[0.0, 0.0, 0.0, 0.0, 0.0, 0.0] joint_vel=[0.0, 0.0, 0.0, 0.0, 0.0, 0.0] imu_ang_vel=[0.11717908084392548, -0.0026631609071046114, 0.13262540102005005] imu_quat_wxyz=[-0.2760273516178131, -0.03507791832089424, -0.053730592131614685, 0.9590054750442505] status=0x8203
joint_pos=[0.0, 0.0, 0.0, 0.0, 0.0, 0.0] joint_vel=[0.0, 0.0, 0.0, 0.0, 0.0, 0.0] imu_ang_vel=[0.10173274576663971, 0.0015978964511305094, 0.1257011890411377] imu_quat_wxyz=[-0.27700886130332947, -0.03508894890546799, -0.05255889892578125, 0.9587870240211487] status=0x8203
joint_pos=[0.0, 0.0, 0.0, 0.0, 0.0, 0.0] joint_vel=[0.0, 0.0, 0.0, 0.0, 0.0, 0.0] imu_ang_vel=[0.09853695333003998, 0.0069242180325090885, 0.16138754785060883] imu_quat_wxyz=[-0.27820536494255066, -0.03540418669581413, -0.051626693457365036, 0.9584795832633972] status=0x8203
joint_pos=[0.0, 0.0, 0.0, 0.0, 0.0, 0.0] joint_vel=[0.0, 0.0, 0.0, 0.0, 0.0, 0.0] imu_ang_vel=[0.10439590364694595, 0.01118527539074421, 0.2087918221950531] imu_quat_wxyz=[-0.27983570098876953, -0.03584316372871399, -0.050681084394454956, 0.9580390453338623] status=0x8203
joint_pos=[0.0, 0.0, 0.0, 0.0, 0.0, 0.0] joint_vel=[0.0, 0.0, 0.0, 0.0, 0.0, 0.0] imu_ang_vel=[0.1209075003862381, 0.022903183475136757, 0.2652508318424225] imu_quat_wxyz=[-0.2819459140300751, -0.036408595740795135, -0.04957067593932152, 0.9574568867683411] status=0x8203
joint_pos=[0.0, 0.0, 0.0, 0.0, 0.0, 0.0] joint_vel=[0.0, 0.0, 0.0, 0.0, 0.0, 0.0] imu_ang_vel=[0.1065264344215393, 0.02609897591173649, 0.3099919259548187] imu_quat_wxyz=[-0.28451913595199585, -0.037030547857284546, -0.04847269877791405, 0.9567278623580933] status=0x8203
joint_pos=[0.0, 0.0, 0.0, 0.0, 0.0, 0.0] joint_vel=[0.0, 0.0, 0.0, 0.0, 0.0, 0.0] imu_ang_vel=[0.09587378799915314, 0.026631608605384827, 0.3488740921020508] imu_quat_wxyz=[-0.285745769739151, -0.03661676123738289, -0.04836219176650047, 0.9563836455345154] status=0x8203
joint_pos=[0.0, 0.0, 0.0, 0.0, 0.0, 0.0] joint_vel=[0.0, 0.0, 0.0, 0.0, 0.0, 0.0] imu_ang_vel=[0.09427589178085327, 0.029827401041984558, 0.40107202529907227] imu_quat_wxyz=[-0.2907197177410126, -0.03761552646756172, -0.04703131318092346, 0.9549111723899841] status=0x8203
joint_pos=[0.0, 0.0, 0.0, 0.0, 0.0, 0.0] joint_vel=[0.0, 0.0, 0.0, 0.0, 0.0, 0.0] imu_ang_vel=[0.07066253572702408, 0.029117226600646973, 0.4193590581417084] imu_quat_wxyz=[-0.294536828994751, -0.03830256685614586, -0.04619673639535904, 0.9537540674209595] status=0x8203
joint_pos=[0.0, 0.0, 0.0, 0.0, 0.0, 0.0] joint_vel=[0.0, 0.0, 0.0, 0.0, 0.0, 0.0] imu_ang_vel=[0.020240023732185364, 0.01757686212658882, 0.4138551950454712] imu_quat_wxyz=[-0.2984398901462555, -0.03888488933444023, -0.04559602960944176, 0.9525453448295593] status=0x8203
joint_pos=[0.0, 0.0, 0.0, 0.0, 0.0, 0.0] joint_vel=[0.0, 0.0, 0.0, 0.0, 0.0, 0.0] imu_ang_vel=[-0.017044229432940483, 0.013848436065018177, 0.41598573327064514] imu_quat_wxyz=[-0.30234330892562866, -0.039226632565259933, -0.04540909826755524, 0.9513084888458252] status=0x8203
joint_pos=[0.0, 0.0, 0.0, 0.0, 0.0, 0.0] joint_vel=[0.0, 0.0, 0.0, 0.0, 0.0, 0.0] imu_ang_vel=[-0.02556634321808815, 0.03355582803487778, 0.39201727509498596] imu_quat_wxyz=[-0.3061746656894684, -0.039579346776008606, -0.045265212655067444, 0.9500746130943298] status=0x8203
joint_pos=[0.0, 0.0, 0.0, 0.0, 0.0, 0.0] joint_vel=[0.0, 0.0, 0.0, 0.0, 0.0, 0.0] imu_ang_vel=[-0.023435816168785095, 0.027696872130036354, 0.3536677360534668] imu_quat_wxyz=[-0.3097413182258606, -0.03992772474884987, -0.04547669738531113, 0.9488930702209473] status=0x8203
joint_pos=[0.0, 0.0, 0.0, 0.0, 0.0, 0.0] joint_vel=[0.0, 0.0, 0.0, 0.0, 0.0, 0.0] imu_ang_vel=[-0.041545309126377106, 0.012250539846718311, 0.39254990220069885] imu_quat_wxyz=[-0.31318262219429016, -0.04016190394759178, -0.045837800949811935, 0.947735607624054] status=0x8203
joint_pos=[0.0, 0.0, 0.0, 0.0, 0.0, 0.0] joint_vel=[0.0, 0.0, 0.0, 0.0, 0.0, 0.0] imu_ang_vel=[-0.12357066571712494, -0.005858954042196274, 0.4181162714958191] imu_quat_wxyz=[-0.3169580101966858, -0.040130604058504105, -0.046311214566230774, 0.9464579224586487] status=0x8203
joint_pos=[0.0, 0.0, 0.0, 0.0, 0.0, 0.0] joint_vel=[0.0, 0.0, 0.0, 0.0, 0.0, 0.0] imu_ang_vel=[-0.15020227432250977, 0.01810949295759201, 0.5555353164672852] imu_quat_wxyz=[-0.3212888836860657, -0.0398305207490921, -0.04756464064121246, 0.9449468851089478] status=0x8203
joint_pos=[0.0, 0.0, 0.0, 0.0, 0.0, 0.0] joint_vel=[0.0, 0.0, 0.0, 0.0, 0.0, 0.0] imu_ang_vel=[-0.1539306938648224, 0.02556634321808815, 0.6301038265228271] imu_quat_wxyz=[-0.323934406042099, -0.03979918360710144, -0.048137906938791275, 0.9440155029296875] status=0x8203
joint_pos=[0.0, 0.0, 0.0, 0.0, 0.0, 0.0] joint_vel=[0.0, 0.0, 0.0, 0.0, 0.0, 0.0] imu_ang_vel=[-0.18748652935028076, 0.022903183475136757, 0.68070387840271] imu_quat_wxyz=[-0.332893043756485, -0.03985224664211273, -0.050191592425107956, 0.9407841563224792] status=0x8203
joint_pos=[0.0, 0.0, 0.0, 0.0, 0.0, 0.0] joint_vel=[0.0, 0.0, 0.0, 0.0, 0.0, 0.0] imu_ang_vel=[-0.19600863754749298, 0.027696872130036354, 0.7131944894790649] imu_quat_wxyz=[-0.33946141600608826, -0.03972726687788963, -0.05176178738474846, 0.9383541345596313] status=0x8203
joint_pos=[0.0, 0.0, 0.0, 0.0, 0.0, 0.0] joint_vel=[0.0, 0.0, 0.0, 0.0, 0.0, 0.0] imu_ang_vel=[-0.22690129280090332, 0.041545309126377106, 0.7819039821624756] imu_quat_wxyz=[-0.3463605046272278, -0.039676468819379807, -0.05354539304971695, 0.9357312917709351] status=0x8203
joint_pos=[0.0, 0.0, 0.0, 0.0, 0.0, 0.0] joint_vel=[0.0, 0.0, 0.0, 0.0, 0.0, 0.0] imu_ang_vel=[-0.24501079320907593, 0.05912217125296593, 0.8064050674438477] imu_quat_wxyz=[-0.3538084030151367, -0.03964385762810707, -0.0555914081633091, 0.9328224658966064] status=0x8203
joint_pos=[0.0, 0.0, 0.0, 0.0, 0.0, 0.0] joint_vel=[0.0, 0.0, 0.0, 0.0, 0.0, 0.0] imu_ang_vel=[-0.2737729549407959, 0.07403586804866791, 0.8234493136405945] imu_quat_wxyz=[-0.3614094853401184, -0.03955107554793358, -0.05809224396944046, 0.929754912853241] status=0x8203
joint_pos=[0.0, 0.0, 0.0, 0.0, 0.0, 0.0] joint_vel=[0.0, 0.0, 0.0, 0.0, 0.0, 0.0] imu_ang_vel=[-0.2700445055961609, 0.09108009934425354, 0.8143945932388306] imu_quat_wxyz=[-0.3691084682941437, -0.03968340903520584, -0.060778483748435974, 0.9265474081039429] status=0x8203
joint_pos=[0.0, 0.0, 0.0, 0.0, 0.0, 0.0] joint_vel=[0.0, 0.0, 0.0, 0.0, 0.0, 0.0] imu_ang_vel=[-0.26312029361724854, 0.07616639882326126, 0.7526092529296875] imu_quat_wxyz=[-0.3765159249305725, -0.039955589920282364, -0.063347227871418, 0.9233777523040771] status=0x8203
joint_pos=[0.0, 0.0, 0.0, 0.0, 0.0, 0.0] joint_vel=[0.0, 0.0, 0.0, 0.0, 0.0, 0.0] imu_ang_vel=[-0.1619201898574829, 0.028229504823684692, 0.6029396057128906] imu_quat_wxyz=[-0.3829560875892639, -0.04015183821320534, -0.06531962007284164, 0.9205790758132935] status=0x8203
joint_pos=[0.0, 0.0, 0.0, 0.0, 0.0, 0.0] joint_vel=[0.0, 0.0, 0.0, 0.0, 0.0, 0.0] imu_ang_vel=[-0.045273736119270325, 0.0015978964511305094, 0.49481528997421265] imu_quat_wxyz=[-0.3880367875099182, -0.04039556160569191, -0.06619670242071152, 0.918375551700592] status=0x8203
joint_pos=[0.0, 0.0, 0.0, 0.0, 0.0, 0.0] joint_vel=[0.0, 0.0, 0.0, 0.0, 0.0, 0.0] imu_ang_vel=[-0.07616640627384186, -0.01118527539074421, 0.3707119822502136] imu_quat_wxyz=[-0.39025256037712097, -0.04023009538650513, -0.06660746783018112, 0.9174137711524963] status=0x8203
joint_pos=[0.0, 0.0, 0.0, 0.0, 0.0, 0.0] joint_vel=[0.0, 0.0, 0.0, 0.0, 0.0, 0.0] imu_ang_vel=[-0.03302319347858429, -0.04474110156297684, 0.20293286442756653] imu_quat_wxyz=[-0.3949824869632721, -0.0400349460542202, -0.06725466996431351, 0.9153485894203186] status=0x8203
joint_pos=[0.0, 0.0, 0.0, 0.0, 0.0, 0.0] joint_vel=[0.0, 0.0, 0.0, 0.0, 0.0, 0.0] imu_ang_vel=[-0.01810949295759201, -0.09374326467514038, -0.05752427503466606] imu_quat_wxyz=[-0.39622190594673157, -0.03942200914025307, -0.06726234406232834, 0.9148386716842651] status=0x8203
joint_pos=[0.0, 0.0, 0.0, 0.0, 0.0, 0.0] joint_vel=[0.0, 0.0, 0.0, 0.0, 0.0, 0.0] imu_ang_vel=[0.01438106782734394, -0.13209277391433716, -0.27537083625793457] imu_quat_wxyz=[-0.3950585424900055, -0.038261886686086655, -0.06696213781833649, 0.9154130816459656] status=0x8203
joint_pos=[0.0, 0.0, 0.0, 0.0, 0.0, 0.0] joint_vel=[0.0, 0.0, 0.0, 0.0, 0.0, 0.0] imu_ang_vel=[0.06231796368956566, -0.14700648188591003, -0.31425297260284424] imu_quat_wxyz=[-0.3923995792865753, -0.0368729867041111, -0.0664067491889, 0.9166532754898071] status=0x8203
joint_pos=[0.0, 0.0, 0.0, 0.0, 0.0, 0.0] joint_vel=[0.0, 0.0, 0.0, 0.0, 0.0, 0.0] imu_ang_vel=[-0.016511596739292145, -0.17097492516040802, -0.20666128396987915] imu_quat_wxyz=[-0.39013952016830444, -0.034928951412439346, -0.06640421599149704, 0.9176936745643616] status=0x8203
joint_pos=[0.0, 0.0, 0.0, 0.0, 0.0, 0.0] joint_vel=[0.0, 0.0, 0.0, 0.0, 0.0, 0.0] imu_ang_vel=[-0.0015978964511305094, -0.16564860939979553, -0.13102751970291138] imu_quat_wxyz=[-0.388532817363739, -0.03316517919301987, -0.06593727320432663, 0.9184740781784058] status=0x8203
joint_pos=[0.0, 0.0, 0.0, 0.0, 0.0, 0.0] joint_vel=[0.0, 0.0, 0.0, 0.0, 0.0, 0.0] imu_ang_vel=[0.02556634321808815, -0.1619201898574829, 0.0511326864361763] imu_quat_wxyz=[-0.3878910541534424, -0.031640734523534775, -0.06525211781263351, 0.918847918510437] status=0x8203
joint_pos=[0.0, 0.0, 0.0, 0.0, 0.0, 0.0] joint_vel=[0.0, 0.0, 0.0, 0.0, 0.0, 0.0] imu_ang_vel=[0.03515372425317764, -0.20719391107559204, 0.049002159386873245] imu_quat_wxyz=[-0.38855278491973877, -0.030174778774380684, -0.06426496058702469, 0.9186872839927673] status=0x8203
joint_pos=[0.0, 0.0, 0.0, 0.0, 0.0, 0.0] joint_vel=[0.0, 0.0, 0.0, 0.0, 0.0, 0.0] imu_ang_vel=[0.0463389977812767, -0.24767395853996277, -0.009587379172444344] imu_quat_wxyz=[-0.3888774514198303, -0.02823824994266033, -0.06309779733419418, 0.9186923503875732] status=0x8203
joint_pos=[0.0, 0.0, 0.0, 0.0, 0.0, 0.0] joint_vel=[0.0, 0.0, 0.0, 0.0, 0.0, 0.0] imu_ang_vel=[0.056459009647369385, -0.2609897553920746, -0.04687163233757019] imu_quat_wxyz=[-0.38938283920288086, -0.027294231578707695, -0.06356624513864517, 0.918474555015564] status=0x8203
joint_pos=[0.0, 0.0, 0.0, 0.0, 0.0, 0.0] joint_vel=[0.0, 0.0, 0.0, 0.0, 0.0, 0.0] imu_ang_vel=[0.06391586363315582, -0.2838929295539856, -0.06444849073886871] imu_quat_wxyz=[-0.3889211118221283, -0.0239129438996315, -0.061275310814380646, 0.9189199805259705] status=0x8203
joint_pos=[0.0, 0.0, 0.0, 0.0, 0.0, 0.0] joint_vel=[0.0, 0.0, 0.0, 0.0, 0.0, 0.0] imu_ang_vel=[0.06391586363315582, -0.3062635064125061, -0.038349516689777374] imu_quat_wxyz=[-0.38852259516716003, -0.02143190987408161, -0.05958043783903122, 0.9192611575126648] status=0x8203
joint_pos=[0.0, 0.0, 0.0, 0.0, 0.0, 0.0] joint_vel=[0.0, 0.0, 0.0, 0.0, 0.0, 0.0] imu_ang_vel=[0.06178533285856247, -0.3249056339263916, -0.014913700520992279] imu_quat_wxyz=[-0.38838571310043335, -0.01874591037631035, -0.057812102138996124, 0.91949063539505] status=0x8203
joint_pos=[0.0, 0.0, 0.0, 0.0, 0.0, 0.0] joint_vel=[0.0, 0.0, 0.0, 0.0, 0.0, 0.0] imu_ang_vel=[0.05699164420366287, -0.3344930112361908, 0.008522114716470242] imu_quat_wxyz=[-0.3884630799293518, -0.01589352637529373, -0.05600890517234802, 0.9196233153343201] status=0x8203
joint_pos=[0.0, 0.0, 0.0, 0.0, 0.0, 0.0] joint_vel=[0.0, 0.0, 0.0, 0.0, 0.0, 0.0] imu_ang_vel=[0.05912217125296593, -0.32969930768013, 0.023968446999788284] imu_quat_wxyz=[-0.3889603912830353, -0.012750325724482536, -0.05516490340232849, 0.9195129871368408] status=0x8203
joint_pos=[0.0, 0.0, 0.0, 0.0, 0.0, 0.0] joint_vel=[0.0, 0.0, 0.0, 0.0, 0.0, 0.0] imu_ang_vel=[0.08042745292186737, -0.3201119303703308, -0.01118527539074421] imu_quat_wxyz=[-0.38921770453453064, -0.009978150948882103, -0.05333099886775017, 0.9195465445518494] status=0x8203
joint_pos=[0.0, 0.0, 0.0, 0.0, 0.0, 0.0] joint_vel=[0.0, 0.0, 0.0, 0.0, 0.0, 0.0] imu_ang_vel=[0.07297060638666153, -0.31904667615890503, -0.04367583990097046] imu_quat_wxyz=[-0.38914379477500916, -0.007324214559048414, -0.05139642208814621, 0.9197129607200623] status=0x8203
joint_pos=[0.0, 0.0, 0.0, 0.0, 0.0, 0.0] joint_vel=[0.0, 0.0, 0.0, 0.0, 0.0, 0.0] imu_ang_vel=[0.06178533285856247, -0.3435477614402771, -0.08042746037244797] imu_quat_wxyz=[-0.38876429200172424, -0.004536670632660389, -0.049538664519786835, 0.9199934005737305] status=0x8203
joint_pos=[0.0, 0.0, 0.0, 0.0, 0.0, 0.0] joint_vel=[0.0, 0.0, 0.0, 0.0, 0.0, 0.0] imu_ang_vel=[0.07456851005554199, -0.37444043159484863, -0.09693905711174011] imu_quat_wxyz=[-0.38807567954063416, -0.0014772197464480996, -0.04758080467581749, 0.9203972816467285] status=0x8203
joint_pos=[0.0, 0.0, 0.0, 0.0, 0.0, 0.0] joint_vel=[0.0, 0.0, 0.0, 0.0, 0.0, 0.0] imu_ang_vel=[0.0697748139500618, -0.39681094884872437, -0.08255799114704132] imu_quat_wxyz=[-0.38777104020118713, 0.00012740408419631422, -0.046737585216760635, 0.9205700755119324] status=0x8203
joint_pos=[0.0, 0.0, 0.0, 0.0, 0.0, 0.0] joint_vel=[0.0, 0.0, 0.0, 0.0, 0.0, 0.0] imu_ang_vel=[0.07616640627384186, -0.4314320683479309, -0.0649811252951622] imu_quat_wxyz=[-0.3868783712387085, 0.00531926890835166, -0.043442681431770325, 0.9210915565490723] status=0x8203
joint_pos=[0.0, 0.0, 0.0, 0.0, 0.0, 0.0] joint_vel=[0.0, 0.0, 0.0, 0.0, 0.0, 0.0] imu_ang_vel=[0.08149272203445435, -0.45753103494644165, -0.05486111342906952] imu_quat_wxyz=[-0.38646745681762695, 0.009116285480558872, -0.0410381481051445, 0.921344518661499] status=0x8203
joint_pos=[0.0, 0.0, 0.0, 0.0, 0.0, 0.0] joint_vel=[0.0, 0.0, 0.0, 0.0, 0.0, 0.0] imu_ang_vel=[0.12144013494253159, -0.20772653818130493, 0.16458334028720856] imu_quat_wxyz=[-0.38659927248954773, 0.012600691989064217, -0.038689106702804565, 0.921349823474884] status=0x8203
joint_pos=[0.0, 0.0, 0.0, 0.0, 0.0, 0.0] joint_vel=[0.0, 0.0, 0.0, 0.0, 0.0, 0.0] imu_ang_vel=[0.08735167235136032, -0.25406554341316223, 0.11185275763273239] imu_quat_wxyz=[-0.38820499181747437, 0.013786128722131252, -0.03685446083545685, 0.9207326769828796] status=0x8203
joint_pos=[0.0, 0.0, 0.0, 0.0, 0.0, 0.0] joint_vel=[0.0, 0.0, 0.0, 0.0, 0.0, 0.0] imu_ang_vel=[0.08735167980194092, -0.26258766651153564, 0.07084007561206818] imu_quat_wxyz=[-0.38916072249412537, 0.016330208629369736, -0.03540295362472534, 0.9203445315361023] status=0x8203
joint_pos=[0.0, 0.0, 0.0, 0.0, 0.0, 0.0] joint_vel=[0.0, 0.0, 0.0, 0.0, 0.0, 0.0] imu_ang_vel=[0.05912217125296593, -0.16138754785060883, 0.08681904524564743] imu_quat_wxyz=[-0.3899722397327423, 0.018069662153720856, -0.03380126506090164, 0.9200286269187927] status=0x8203
joint_pos=[0.0, 0.0, 0.0, 0.0, 0.0, 0.0] joint_vel=[0.0, 0.0, 0.0, 0.0, 0.0, 0.0] imu_ang_vel=[0.010652642697095871, -0.16405071318149567, 0.07669903337955475] imu_quat_wxyz=[-0.39071813225746155, 0.019384833052754402, -0.03284860774874687, 0.9197198748588562] status=0x8203
joint_pos=[0.0, 0.0, 0.0, 0.0, 0.0, 0.0] joint_vel=[0.0, 0.0, 0.0, 0.0, 0.0, 0.0] imu_ang_vel=[0.04367583990097046, -0.17097492516040802, 0.020772654563188553] imu_quat_wxyz=[-0.3912847638130188, 0.02075851708650589, -0.03194572404026985, 0.9194807410240173] status=0x8203
joint_pos=[0.0, 0.0, 0.0, 0.0, 0.0, 0.0] joint_vel=[0.0, 0.0, 0.0, 0.0, 0.0, 0.0] imu_ang_vel=[0.042610570788383484, -0.13156014680862427, -0.04420846700668335] imu_quat_wxyz=[-0.39127057790756226, 0.02217291109263897, -0.03095545805990696, 0.9194876551628113] status=0x8203
joint_pos=[0.0, 0.0, 0.0, 0.0, 0.0, 0.0] joint_vel=[0.0, 0.0, 0.0, 0.0, 0.0, 0.0] imu_ang_vel=[0.01118527539074421, -0.07723166793584824, -0.05326321721076965] imu_quat_wxyz=[-0.39102408289909363, 0.023736927658319473, -0.030747640877962112, 0.919560432434082] status=0x8203
joint_pos=[0.0, 0.0, 0.0, 0.0, 0.0, 0.0] joint_vel=[0.0, 0.0, 0.0, 0.0, 0.0, 0.0] imu_ang_vel=[0.02929477021098137, -0.05379585176706314, -0.06870955228805542] imu_quat_wxyz=[-0.3902539908885956, 0.024764003232121468, -0.030022986233234406, 0.9198843836784363] status=0x8203
joint_pos=[0.0, 0.0, 0.0, 0.0, 0.0, 0.0] joint_vel=[0.0, 0.0, 0.0, 0.0, 0.0, 0.0] imu_ang_vel=[0.031425297260284424, -0.015446333214640617, -0.0463389977812767] imu_quat_wxyz=[-0.3896387815475464, 0.025114817544817924, -0.029611989855766296, 0.9201489090919495] status=0x8203
joint_pos=[0.0, 0.0, 0.0, 0.0, 0.0, 0.0] joint_vel=[0.0, 0.0, 0.0, 0.0, 0.0, 0.0] imu_ang_vel=[0.020240023732185364, 0.015978965908288956, -0.009054746478796005] imu_quat_wxyz=[-0.3892536759376526, 0.025059813633561134, -0.02928021177649498, 0.9203240871429443] status=0x8203
joint_pos=[0.0, 0.0, 0.0, 0.0, 0.0, 0.0] joint_vel=[0.0, 0.0, 0.0, 0.0, 0.0, 0.0] imu_ang_vel=[0.020240021869540215, 0.03994741290807724, 0.049534790217876434] imu_quat_wxyz=[-0.38933396339416504, 0.024789860472083092, -0.02922987937927246, 0.9202989935874939] status=0x8203
joint_pos=[0.0, 0.0, 0.0, 0.0, 0.0, 0.0] joint_vel=[0.0, 0.0, 0.0, 0.0, 0.0, 0.0] imu_ang_vel=[0.02556634321808815, 0.05805690586566925, 0.07030744850635529] imu_quat_wxyz=[-0.3893028199672699, 0.026376906782388687, -0.028517885133624077, 0.9202902913093567] status=0x8203
joint_pos=[0.0, 0.0, 0.0, 0.0, 0.0, 0.0] joint_vel=[0.0, 0.0, 0.0, 0.0, 0.0, 0.0] imu_ang_vel=[0.01633405312895775, 0.08664149791002274, 0.05255303904414177] imu_quat_wxyz=[-0.38990518450737, 0.025729971006512642, -0.028647826984524727, 0.9200496673583984] status=0x8203
joint_pos=[0.0, 0.0, 0.0, 0.0, 0.0, 0.0] joint_vel=[0.0, 0.0, 0.0, 0.0, 0.0, 0.0] imu_ang_vel=[0.004793689586222172, 0.09480852633714676, -0.017044229432940483] imu_quat_wxyz=[-0.3901609480381012, 0.024874718859791756, -0.028942767530679703, 0.9199554324150085] status=0x8203
joint_pos=[0.0, 0.0, 0.0, 0.0, 0.0, 0.0] joint_vel=[0.0, 0.0, 0.0, 0.0, 0.0, 0.0] imu_ang_vel=[0.012783171609044075, 0.09480852633714676, -0.04740426316857338] imu_quat_wxyz=[-0.38985079526901245, 0.02402350679039955, -0.029292535036802292, 0.9200984835624695] status=0x8203
joint_pos=[0.0, 0.0, 0.0, 0.0, 0.0, 0.0] joint_vel=[0.0, 0.0, 0.0, 0.0, 0.0, 0.0] imu_ang_vel=[0.0069242180325090885, 0.08042745292186737, -0.04420846700668335] imu_quat_wxyz=[-0.38933858275413513, 0.023222943767905235, -0.029562052339315414, 0.9203272461891174] status=0x8203
joint_pos=[0.0, 0.0, 0.0, 0.0, 0.0, 0.0] joint_vel=[0.0, 0.0, 0.0, 0.0, 0.0, 0.0] imu_ang_vel=[0.007989482954144478, 0.08575378358364105, 0.0026631609071046114] imu_quat_wxyz=[-0.38931044936180115, 0.023158574476838112, -0.03002568893134594, 0.9203258156776428] status=0x8203
joint_pos=[0.0, 0.0, 0.0, 0.0, 0.0, 0.0] joint_vel=[0.0, 0.0, 0.0, 0.0, 0.0, 0.0] imu_ang_vel=[0.004793689586222172, 0.10546117275953293, 0.04687163233757019] imu_quat_wxyz=[-0.38931673765182495, 0.021933820098638535, -0.03046894073486328, 0.9203385710716248] status=0x8203
joint_pos=[0.0, 0.0, 0.0, 0.0, 0.0, 0.0] joint_vel=[0.0, 0.0, 0.0, 0.0, 0.0, 0.0] imu_ang_vel=[-0.0015978964511305094, 0.10972222685813904, 0.02609897591173649] imu_quat_wxyz=[-0.38965052366256714, 0.020965149626135826, -0.03087419457733631, 0.9202063083648682] status=0x8203
joint_pos=[0.0, 0.0, 0.0, 0.0, 0.0, 0.0] joint_vel=[0.0, 0.0, 0.0, 0.0, 0.0, 0.0] imu_ang_vel=[0.0, 0.09054747223854065, 0.0021305286791175604] imu_quat_wxyz=[-0.3897307515144348, 0.019959427416324615, -0.03139582648873329, 0.9201771020889282] status=0x8203
joint_pos=[0.0, 0.0, 0.0, 0.0, 0.0, 0.0] joint_vel=[0.0, 0.0, 0.0, 0.0, 0.0, 0.0] imu_ang_vel=[-0.005326321814209223, 0.08255799114704132, 0.01118527539074421] imu_quat_wxyz=[-0.38970428705215454, 0.019206516444683075, -0.03176216781139374, 0.9201918244361877] status=0x8203
joint_pos=[0.0, 0.0, 0.0, 0.0, 0.0, 0.0] joint_vel=[0.0, 0.0, 0.0, 0.0, 0.0, 0.0] imu_ang_vel=[-0.0053263213485479355, 0.1065264344215393, 0.024501079693436623] imu_quat_wxyz=[-0.39034610986709595, 0.019020652398467064, -0.032988931983709335, 0.9198804497718811] status=0x8203
joint_pos=[0.0, 0.0, 0.0, 0.0, 0.0, 0.0] joint_vel=[0.0, 0.0, 0.0, 0.0, 0.0, 0.0] imu_ang_vel=[-0.009587379172444344, 0.11558118462562561, 0.012783171609044075] imu_quat_wxyz=[-0.3904670178890228, 0.018062731251120567, -0.033521395176649094, 0.9198290705680847] status=0x8203
joint_pos=[0.0, 0.0, 0.0, 0.0, 0.0, 0.0] joint_vel=[0.0, 0.0, 0.0, 0.0, 0.0, 0.0] imu_ang_vel=[-0.014913700520992279, 0.11078749597072601, 0.017044229432940483] imu_quat_wxyz=[-0.3905007243156433, 0.0171066801995039, -0.034127090126276016, 0.9198108911514282] status=0x8203
joint_pos=[0.0, 0.0, 0.0, 0.0, 0.0, 0.0] joint_vel=[0.0, 0.0, 0.0, 0.0, 0.0, 0.0] imu_ang_vel=[-0.015446333214640617, 0.12197276949882507, 0.0063915858045220375] imu_quat_wxyz=[-0.3905642330646515, 0.016167141497135162, -0.03471182659268379, 0.9197789430618286] status=0x8203
joint_pos=[0.0, 0.0, 0.0, 0.0, 0.0, 0.0] joint_vel=[0.0, 0.0, 0.0, 0.0, 0.0, 0.0] imu_ang_vel=[-0.013315804302692413, 0.12783172726631165, -0.019174758344888687] imu_quat_wxyz=[-0.3904478847980499, 0.015097178518772125, -0.03535839915275574, 0.9198219180107117] status=0x8203
joint_pos=[0.0, 0.0, 0.0, 0.0, 0.0, 0.0] joint_vel=[0.0, 0.0, 0.0, 0.0, 0.0, 0.0] imu_ang_vel=[-0.009587379172444344, 0.10120011121034622, -0.011717908084392548] imu_quat_wxyz=[-0.3906862437725067, 0.014974730089306831, -0.03622053191065788, 0.9196892380714417] status=0x8203
joint_pos=[0.0, 0.0, 0.0, 0.0, 0.0, 0.0] joint_vel=[0.0, 0.0, 0.0, 0.0, 0.0, 0.0] imu_ang_vel=[0.0015978964511305094, 0.0559263750910759, -0.009587379172444344] imu_quat_wxyz=[-0.39042043685913086, 0.01373608224093914, -0.03697792813181877, 0.9197911620140076] status=0x8203
joint_pos=[0.0, 0.0, 0.0, 0.0, 0.0, 0.0] joint_vel=[0.0, 0.0, 0.0, 0.0, 0.0, 0.0] imu_ang_vel=[-0.0005326321697793901, -0.0021305286791175604, -0.01757686212658882] imu_quat_wxyz=[-0.39025479555130005, 0.013420788571238518, -0.037151433527469635, 0.9198592305183411] status=0x8203
joint_pos=[0.0, 0.0, 0.0, 0.0, 0.0, 0.0] joint_vel=[0.0, 0.0, 0.0, 0.0, 0.0, 0.0] imu_ang_vel=[0.004261057358235121, 0.02876213751733303, -0.0031957929022610188] imu_quat_wxyz=[-0.3901158571243286, 0.013641715049743652, -0.03704538568854332, 0.9199190735816956] status=0x8203
joint_pos=[0.0, 0.0, 0.0, 0.0, 0.0, 0.0] joint_vel=[0.0, 0.0, 0.0, 0.0, 0.0, 0.0] imu_ang_vel=[0.01757686212658882, 0.03941478207707405, 0.009587379172444344] imu_quat_wxyz=[-0.39010557532310486, 0.013300123624503613, -0.03717726096510887, 0.9199231863021851] status=0x8203
joint_pos=[0.0, 0.0, 0.0, 0.0, 0.0, 0.0] joint_vel=[0.0, 0.0, 0.0, 0.0, 0.0, 0.0] imu_ang_vel=[0.023435816168785095, 0.008522114716470242, -0.0005326321697793901] imu_quat_wxyz=[-0.3904929757118225, 0.0129426633939147, -0.03767700120806694, 0.9197435975074768] status=0x8203
joint_pos=[0.0, 0.0, 0.0, 0.0, 0.0, 0.0] joint_vel=[0.0, 0.0, 0.0, 0.0, 0.0, 0.0] imu_ang_vel=[0.02609897591173649, 0.0053263213485479355, 0.0063915858045220375] imu_quat_wxyz=[-0.3904925584793091, 0.012802944518625736, -0.03749498352408409, 0.9197531342506409] status=0x8203
joint_pos=[0.0, 0.0, 0.0, 0.0, 0.0, 0.0] joint_vel=[0.0, 0.0, 0.0, 0.0, 0.0, 0.0] imu_ang_vel=[0.02183791995048523, -0.009587379172444344, 0.015978965908288956] imu_quat_wxyz=[-0.39051827788352966, 0.012765240855515003, -0.03731179237365723, 0.9197502136230469] status=0x8203
joint_pos=[0.0, 0.0, 0.0, 0.0, 0.0, 0.0] joint_vel=[0.0, 0.0, 0.0, 0.0, 0.0, 0.0] imu_ang_vel=[0.02556634321808815, -0.01864212565124035, 0.02183791995048523] imu_quat_wxyz=[-0.3906746506690979, 0.012808582745492458, -0.03703587129712105, 0.9196943640708923] status=0x8203
joint_pos=[0.0, 0.0, 0.0, 0.0, 0.0, 0.0] joint_vel=[0.0, 0.0, 0.0, 0.0, 0.0, 0.0] imu_ang_vel=[0.023435816168785095, -0.02183791995048523, 0.013315804302692413] imu_quat_wxyz=[-0.3908275365829468, 0.012922873720526695, -0.03677389398217201, 0.9196382164955139] status=0x8203
joint_pos=[0.0, 0.0, 0.0, 0.0, 0.0, 0.0] joint_vel=[0.0, 0.0, 0.0, 0.0, 0.0, 0.0] imu_ang_vel=[0.023435816168785095, -0.026631608605384827, 0.0005326321697793901] imu_quat_wxyz=[-0.3915249705314636, 0.01331242360174656, -0.03747884929180145, 0.9193075895309448] status=0x8203
joint_pos=[0.0, 0.0, 0.0, 0.0, 0.0, 0.0] joint_vel=[0.0, 0.0, 0.0, 0.0, 0.0, 0.0] imu_ang_vel=[0.023435816168785095, -0.02556634321808815, -0.0069242180325090885] imu_quat_wxyz=[-0.3914945125579834, 0.013603202998638153, -0.037057098001241684, 0.9193333983421326] status=0x8203
joint_pos=[0.0, 0.0, 0.0, 0.0, 0.0, 0.0] joint_vel=[0.0, 0.0, 0.0, 0.0, 0.0, 0.0] imu_ang_vel=[0.019707389175891876, -0.02929477021098137, -0.009054746478796005] imu_quat_wxyz=[-0.391399621963501, 0.013806536793708801, -0.0367739275097847, 0.9193820953369141] status=0x8203
joint_pos=[0.0, 0.0, 0.0, 0.0, 0.0, 0.0] joint_vel=[0.0, 0.0, 0.0, 0.0, 0.0, 0.0] imu_ang_vel=[0.020240023732185364, -0.03621898591518402, -0.0069242180325090885] imu_quat_wxyz=[-0.3913056552410126, 0.014049625024199486, -0.03649354726076126, 0.9194295406341553] status=0x8203
joint_pos=[0.0, 0.0, 0.0, 0.0, 0.0, 0.0] joint_vel=[0.0, 0.0, 0.0, 0.0, 0.0, 0.0] imu_ang_vel=[0.02609897591173649, -0.0511326864361763, -0.023435816168785095] imu_quat_wxyz=[-0.3911726772785187, 0.014391926117241383, -0.036158487200737, 0.919494092464447] status=0x8203
joint_pos=[0.0, 0.0, 0.0, 0.0, 0.0, 0.0] joint_vel=[0.0, 0.0, 0.0, 0.0, 0.0, 0.0] imu_ang_vel=[0.0324905626475811, -0.07297060638666153, -0.03515372425317764] imu_quat_wxyz=[-0.39153778553009033, 0.015130833722651005, -0.03652201220393181, 0.9193124771118164] status=0x8203
joint_pos=[0.0, 0.0, 0.0, 0.0, 0.0, 0.0] joint_vel=[0.0, 0.0, 0.0, 0.0, 0.0, 0.0] imu_ang_vel=[0.03621898591518402, -0.10333064198493958, -0.030892666429281235] imu_quat_wxyz=[-0.39121752977371216, 0.01581934094429016, -0.03592240810394287, 0.9194608330726624] status=0x8203
joint_pos=[0.0, 0.0, 0.0, 0.0, 0.0, 0.0] joint_vel=[0.0, 0.0, 0.0, 0.0, 0.0, 0.0] imu_ang_vel=[0.0463389977812767, -0.13102751970291138, -0.0053263213485479355] imu_quat_wxyz=[-0.3910125195980072, 0.016742095351219177, -0.03517567738890648, 0.9195605516433716] status=0x8203
joint_pos=[0.0, 0.0, 0.0, 0.0, 0.0, 0.0] joint_vel=[0.0, 0.0, 0.0, 0.0, 0.0, 0.0] imu_ang_vel=[0.05805690586566925, -0.14966964721679688, 0.0021305286791175604] imu_quat_wxyz=[-0.39103806018829346, 0.01786397211253643, -0.034193769097328186, 0.9195655584335327] status=0x8203
joint_pos=[0.0, 0.0, 0.0, 0.0, 0.0, 0.0] joint_vel=[0.0, 0.0, 0.0, 0.0, 0.0, 0.0] imu_ang_vel=[0.04367583990097046, -0.1901496946811676, -0.06125269830226898] imu_quat_wxyz=[-0.39096564054489136, 0.019250281155109406, -0.03303460031747818, 0.9196109175682068] status=0x8203
joint_pos=[0.0, 0.0, 0.0, 0.0, 0.0, 0.0] joint_vel=[0.0, 0.0, 0.0, 0.0, 0.0, 0.0] imu_ang_vel=[0.01810949295759201, -0.16884440183639526, -0.03888215124607086] imu_quat_wxyz=[-0.3915390372276306, 0.019740087911486626, -0.03338303416967392, 0.9193438291549683] status=0x8203
joint_pos=[0.0, 0.0, 0.0, 0.0, 0.0, 0.0] joint_vel=[0.0, 0.0, 0.0, 0.0, 0.0, 0.0] imu_ang_vel=[0.02183791995048523, -0.16085492074489594, -0.020240021869540215] imu_quat_wxyz=[-0.3909785747528076, 0.022033728659152985, -0.03214579075574875, 0.9195743203163147] status=0x8203
joint_pos=[0.0, 0.0, 0.0, 0.0, 0.0, 0.0] joint_vel=[0.0, 0.0, 0.0, 0.0, 0.0, 0.0] imu_ang_vel=[0.020772654563188553, -0.17363807559013367, 0.01438106782734394] imu_quat_wxyz=[-0.39095339179039, 0.02347756177186966, -0.03136839717626572, 0.919576108455658] status=0x8203
joint_pos=[0.0, 0.0, 0.0, 0.0, 0.0, 0.0] joint_vel=[0.0, 0.0, 0.0, 0.0, 0.0, 0.0] imu_ang_vel=[0.016511596739292145, -0.2183791846036911, -0.034621089696884155] imu_quat_wxyz=[-0.3909851014614105, 0.025150321424007416, -0.030442064628005028, 0.9195496439933777] status=0x8203
joint_pos=[0.0, 0.0, 0.0, 0.0, 0.0, 0.0] joint_vel=[0.0, 0.0, 0.0, 0.0, 0.0, 0.0] imu_ang_vel=[0.04261057451367378, -0.19121494889259338, -0.03888215124607086] imu_quat_wxyz=[-0.3906479775905609, 0.02698841318488121, -0.029425157234072685, 0.9196739196777344] status=0x8203
joint_pos=[0.0, 0.0, 0.0, 0.0, 0.0, 0.0] joint_vel=[0.0, 0.0, 0.0, 0.0, 0.0, 0.0] imu_ang_vel=[0.01118527539074421, -0.1954759955406189, -0.045273736119270325] imu_quat_wxyz=[-0.39045336842536926, 0.02895788475871086, -0.028696684166789055, 0.9197196364402771] status=0x8203
joint_pos=[0.0, 0.0, 0.0, 0.0, 0.0, 0.0] joint_vel=[0.0, 0.0, 0.0, 0.0, 0.0, 0.0] imu_ang_vel=[0.030360035598278046, -0.1858886331319809, -0.02929477021098137] imu_quat_wxyz=[-0.39011150598526, 0.03074277937412262, -0.027859363704919815, 0.9198324680328369] status=0x8203
joint_pos=[0.0, 0.0, 0.0, 0.0, 0.0, 0.0] joint_vel=[0.0, 0.0, 0.0, 0.0, 0.0, 0.0] imu_ang_vel=[0.030892666429281235, -0.15552859008312225, -0.017044229432940483] imu_quat_wxyz=[-0.38988345861434937, 0.03209720924496651, -0.026945773512125015, 0.9199100732803345] status=0x8203
joint_pos=[0.0, 0.0, 0.0, 0.0, 0.0, 0.0] joint_vel=[0.0, 0.0, 0.0, 0.0, 0.0, 0.0] imu_ang_vel=[0.01864212565124035, -0.17310544848442078, -0.028229504823684692] imu_quat_wxyz=[-0.38968077301979065, 0.03353511914610863, -0.02605769969522953, 0.9199702739715576] status=0x8203
joint_pos=[0.0, 0.0, 0.0, 0.0, 0.0, 0.0] joint_vel=[0.0, 0.0, 0.0, 0.0, 0.0, 0.0] imu_ang_vel=[0.03515372425317764, -0.14168015122413635, -0.005326321814209223] imu_quat_wxyz=[-0.3895176649093628, 0.03493965417146683, -0.025155872106552124, 0.9200122356414795] status=0x8203
joint_pos=[0.0, 0.0, 0.0, 0.0, 0.0, 0.0] joint_vel=[0.0, 0.0, 0.0, 0.0, 0.0, 0.0] imu_ang_vel=[0.03195793181657791, -0.11238538473844528, -0.02503371238708496] imu_quat_wxyz=[-0.3897009789943695, 0.03672239929437637, -0.024770043790340424, 0.9198756217956543] status=0x8203
joint_pos=[0.0, 0.0, 0.0, 0.0, 0.0, 0.0] joint_vel=[0.0, 0.0, 0.0, 0.0, 0.0, 0.0] imu_ang_vel=[0.011717908084392548, -0.08681903779506683, -0.05326321721076965] imu_quat_wxyz=[-0.389387845993042, 0.037652965635061264, -0.024185841903090477, 0.9199861884117126] status=0x8203
joint_pos=[0.0, 0.0, 0.0, 0.0, 0.0, 0.0] joint_vel=[0.0, 0.0, 0.0, 0.0, 0.0, 0.0] imu_ang_vel=[0.013315804302692413, -0.08202535659074783, -0.08255799114704132] imu_quat_wxyz=[-0.38880592584609985, 0.0383879616856575, -0.023700136691331863, 0.9202145338058472] status=0x8203
joint_pos=[0.0, 0.0, 0.0, 0.0, 0.0, 0.0] joint_vel=[0.0, 0.0, 0.0, 0.0, 0.0, 0.0] imu_ang_vel=[0.012250539846718311, -0.07989482581615448, -0.10066747665405273] imu_quat_wxyz=[-0.38797229528427124, 0.03915272653102875, -0.023273857310414314, 0.9205448627471924] status=0x8203
joint_pos=[0.0, 0.0, 0.0, 0.0, 0.0, 0.0] joint_vel=[0.0, 0.0, 0.0, 0.0, 0.0, 0.0] imu_ang_vel=[0.0, -0.06285059452056885, -0.1113201230764389] imu_quat_wxyz=[-0.3869795799255371, 0.039866119623184204, -0.022905763238668442, 0.9209412932395935] status=0x8203
joint_pos=[0.0, 0.0, 0.0, 0.0, 0.0, 0.0] joint_vel=[0.0, 0.0, 0.0, 0.0, 0.0, 0.0] imu_ang_vel=[-0.0021305286791175604, -0.05486111342906952, -0.11558118462562561] imu_quat_wxyz=[-0.3859533965587616, 0.04127417132258415, -0.022820398211479187, 0.9213119745254517] status=0x8203
joint_pos=[0.0, 0.0, 0.0, 0.0, 0.0, 0.0] joint_vel=[0.0, 0.0, 0.0, 0.0, 0.0, 0.0] imu_ang_vel=[-0.005326321814209223, -0.05858954042196274, -0.10812433063983917] imu_quat_wxyz=[-0.38487234711647034, 0.04186681658029556, -0.02261151373386383, 0.9217424392700195] status=0x8203
joint_pos=[0.0, 0.0, 0.0, 0.0, 0.0, 0.0] joint_vel=[0.0, 0.0, 0.0, 0.0, 0.0, 0.0] imu_ang_vel=[0.0031957929022610188, -0.05219795182347298, -0.09161273390054703] imu_quat_wxyz=[-0.38389354944229126, 0.04245862737298012, -0.02240554802119732, 0.9221286177635193] status=0x8203
joint_pos=[0.0, 0.0, 0.0, 0.0, 0.0, 0.0] joint_vel=[0.0, 0.0, 0.0, 0.0, 0.0, 0.0] imu_ang_vel=[0.0026631606742739677, -0.052730582654476166, -0.07030744850635529] imu_quat_wxyz=[-0.38309168815612793, 0.042993735522031784, -0.022176681086421013, 0.9224427342414856] status=0x8203
joint_pos=[0.0, 0.0, 0.0, 0.0, 0.0, 0.0] joint_vel=[0.0, 0.0, 0.0, 0.0, 0.0, 0.0] imu_ang_vel=[0.0074568502604961395, -0.060187436640262604, -0.049002159386873245] imu_quat_wxyz=[-0.3824760615825653, 0.04353779926896095, -0.021918656304478645, 0.9226787686347961] status=0x8203
joint_pos=[0.0, 0.0, 0.0, 0.0, 0.0, 0.0] joint_vel=[0.0, 0.0, 0.0, 0.0, 0.0, 0.0] imu_ang_vel=[0.0037284251302480698, -0.05699164420366287, -0.013848436065018177] imu_quat_wxyz=[-0.3826444447040558, 0.04406305029988289, -0.02219500206410885, 0.922577440738678] status=0x8203
joint_pos=[0.0, 0.0, 0.0, 0.0, 0.0, 0.0] joint_vel=[0.0, 0.0, 0.0, 0.0, 0.0, 0.0] imu_ang_vel=[0.0, -0.06125269830226898, 0.022903183475136757] imu_quat_wxyz=[-0.3824571967124939, 0.04485927149653435, -0.021867234259843826, 0.9226244688034058] status=0x8203
joint_pos=[0.0, 0.0, 0.0, 0.0, 0.0, 0.0] joint_vel=[0.0, 0.0, 0.0, 0.0, 0.0, 0.0] imu_ang_vel=[0.007989482954144478, -0.07936219871044159, 0.004793689586222172] imu_quat_wxyz=[-0.38259249925613403, 0.04552474617958069, -0.02163519710302353, 0.9225412607192993] status=0x8203
joint_pos=[0.0, 0.0, 0.0, 0.0, 0.0, 0.0] joint_vel=[0.0, 0.0, 0.0, 0.0, 0.0, 0.0] imu_ang_vel=[0.006924218498170376, -0.038349516689777374, 0.016511596739292145] imu_quat_wxyz=[-0.3826819360256195, 0.0460960790514946, -0.021305644884705544, 0.9224835634231567] status=0x8203
joint_pos=[0.0, 0.0, 0.0, 0.0, 0.0, 0.0] joint_vel=[0.0, 0.0, 0.0, 0.0, 0.0, 0.0] imu_ang_vel=[-0.005858954042196274, -0.049534790217876434, 0.023968446999788284] imu_quat_wxyz=[-0.38280749320983887, 0.04651137441396713, -0.02118622325360775, 0.9224133491516113] status=0x8203
joint_pos=[0.0, 0.0, 0.0, 0.0, 0.0, 0.0] joint_vel=[0.0, 0.0, 0.0, 0.0, 0.0, 0.0] imu_ang_vel=[0.023968446999788284, -0.05699164420366287, 0.03355582803487778] imu_quat_wxyz=[-0.3842453956604004, 0.04805384948849678, -0.022101260721683502, 0.9217146039009094] status=0x8203
joint_pos=[0.0, 0.0, 0.0, 0.0, 0.0, 0.0] joint_vel=[0.0, 0.0, 0.0, 0.0, 0.0, 0.0] imu_ang_vel=[0.01757686212658882, -0.04367583617568016, 0.03621898591518402] imu_quat_wxyz=[-0.3845464289188385, 0.04850706458091736, -0.021715233102440834, 0.9215745329856873] status=0x8203
joint_pos=[0.0, 0.0, 0.0, 0.0, 0.0, 0.0] joint_vel=[0.0, 0.0, 0.0, 0.0, 0.0, 0.0] imu_ang_vel=[0.01864212565124035, -0.022903183475136757, 0.030360033735632896] imu_quat_wxyz=[-0.3848341703414917, 0.04881398379802704, -0.021459640935063362, 0.921444296836853] status=0x8203
joint_pos=[0.0, 0.0, 0.0, 0.0, 0.0, 0.0] joint_vel=[0.0, 0.0, 0.0, 0.0, 0.0, 0.0] imu_ang_vel=[0.02609897591173649, -0.019174758344888687, 0.03888215124607086] imu_quat_wxyz=[-0.3851155638694763, 0.04895838722586632, -0.02123713679611683, 0.9213240742683411] status=0x8203
joint_pos=[0.0, 0.0, 0.0, 0.0, 0.0, 0.0] joint_vel=[0.0, 0.0, 0.0, 0.0, 0.0, 0.0] imu_ang_vel=[0.023435816168785095, -0.0069242180325090885, 0.03515372425317764] imu_quat_wxyz=[-0.38545235991477966, 0.049059800803661346, -0.020984278991818428, 0.9211836457252502] status=0x8203
