Log file: /home/cx/robot_deploy/log/2026-07-23_17-39-56.txt
Connected to /dev/ttyACM0 at 921600 baud; loop rate 200 Hz.
joint_pos=[0.0, 0.0, 0.0, 0.0, 0.0, 0.0] joint_vel=[0.0, 0.0, 0.0, 0.0, 0.0, 0.0] imu_ang_vel=[0.015978965908288956, 0.004793689586222172, 0.0069242180325090885] imu_quat_wxyz=[0.19266194105148315, -0.024307731539011, -0.022731084376573563, 0.980700671672821] status=0x8603
motion_test: initial joint positions=[0.0, 0.0, 0.0, 0.0, 0.0, 0.0]
motion_test: holding initial positions
joint_pos=[0.0, 0.0, 0.0, 0.0, 0.0, 0.0] joint_vel=[0.0, 0.0, 0.0, 0.0, 0.0, 0.0] imu_ang_vel=[0.016511596739292145, 0.0026631606742739677, 0.0069242180325090885] imu_quat_wxyz=[0.19263778626918793, -0.024283483624458313, -0.022611025720834732, 0.9807087779045105] status=0x8203
joint_pos=[0.0, 0.0, 0.0, 0.0, 0.0, 0.0] joint_vel=[0.0, 0.0, 0.0, 0.0, 0.0, 0.0] imu_ang_vel=[0.01438106782734394, 0.004261057358235121, 0.0074568502604961395] imu_quat_wxyz=[0.19270120561122894, -0.024384692311286926, -0.02310955338180065, 0.9806822538375854] status=0x8203
joint_pos=[0.0, 0.0, 0.0, 0.0, 0.0, 0.0] joint_vel=[0.0, 0.0, 0.0, 0.0, 0.0, 0.0] imu_ang_vel=[0.017044229432940483, 0.0037284251302480698, 0.005858954042196274] imu_quat_wxyz=[0.19267411530017853, -0.024365415796637535, -0.022990046069025993, 0.9806908965110779] status=0x8203
joint_pos=[0.0, 0.0, 0.0, 0.0, 0.0, 0.0] joint_vel=[0.0, 0.0, 0.0, 0.0, 0.0, 0.0] imu_ang_vel=[0.016511596739292145, 0.0026631606742739677, 0.005858954042196274] imu_quat_wxyz=[0.19265079498291016, -0.024339115247130394, -0.02286655642092228, 0.9806989431381226] status=0x8203
joint_pos=[0.0, 0.0, 0.0, 0.0, 0.0, 0.0] joint_vel=[0.0, 0.0, 0.0, 0.0, 0.0, 0.0] imu_ang_vel=[0.016511596739292145, 0.0031957929022610188, 0.0074568502604961395] imu_quat_wxyz=[0.19262897968292236, -0.02431504614651203, -0.022747641429305077, 0.9807065725326538] status=0x8203
joint_pos=[0.0, 0.0, 0.0, 0.0, 0.0, 0.0] joint_vel=[0.0, 0.0, 0.0, 0.0, 0.0, 0.0] imu_ang_vel=[0.01810949295759201, 0.004793689586222172, 0.009587379172444344] imu_quat_wxyz=[0.19260874390602112, -0.02429145760834217, -0.022630218416452408, 0.9807139039039612] status=0x8203
joint_pos=[0.0, 0.0, 0.0, 0.0, 0.0, 0.0] joint_vel=[0.0, 0.0, 0.0, 0.0, 0.0, 0.0] imu_ang_vel=[0.015978965908288956, 0.0015978964511305094, 0.007989482954144478] imu_quat_wxyz=[0.19257429242134094, -0.02440006658434868, -0.023131506517529488, 0.9807063341140747] status=0x8203
joint_pos=[0.0, 0.0, 0.0, 0.0, 0.0, 0.0] joint_vel=[0.0, 0.0, 0.0, 0.0, 0.0, 0.0] imu_ang_vel=[0.017044229432940483, 0.0031957929022610188, 0.0069242180325090885] imu_quat_wxyz=[0.19254620373249054, -0.024365274235606194, -0.02301453985273838, 0.9807153940200806] status=0x8203
joint_pos=[0.0, 0.0, 0.0, 0.0, 0.0, 0.0] joint_vel=[0.0, 0.0, 0.0, 0.0, 0.0, 0.0] imu_ang_vel=[0.017044229432940483, 0.0031957929022610188, 0.0074568502604961395] imu_quat_wxyz=[0.19252194464206696, -0.0243409164249897, -0.022891325876116753, 0.9807236790657043] status=0x8203
joint_pos=[0.0, 0.0, 0.0, 0.0, 0.0, 0.0] joint_vel=[0.0, 0.0, 0.0, 0.0, 0.0, 0.0] imu_ang_vel=[0.015978965908288956, 0.0031957929022610188, 0.0063915858045220375] imu_quat_wxyz=[0.1925002783536911, -0.02431386150419712, -0.02276984043419361, 0.9807314276695251] status=0x8203
joint_pos=[0.0, 0.0, 0.0, 0.0, 0.0, 0.0] joint_vel=[0.0, 0.0, 0.0, 0.0, 0.0, 0.0] imu_ang_vel=[0.01757686212658882, 0.0037284251302480698, 0.005858954042196274] imu_quat_wxyz=[0.1924787014722824, -0.02429281547665596, -0.02263970673084259, 0.980739176273346] status=0x8203
joint_pos=[0.0, 0.0, 0.0, 0.0, 0.0, 0.0] joint_vel=[0.0, 0.0, 0.0, 0.0, 0.0, 0.0] imu_ang_vel=[0.01668914221227169, 0.0035508808214217424, 0.006746673956513405] imu_quat_wxyz=[0.19249236583709717, -0.024388188496232033, -0.023100193589925766, 0.9807233810424805] status=0x8203
joint_pos=[0.0, 0.0, 0.0, 0.0, 0.0, 0.0] joint_vel=[0.0, 0.0, 0.0, 0.0, 0.0, 0.0] imu_ang_vel=[0.01757686212658882, 0.004261057358235121, 0.005858954042196274] imu_quat_wxyz=[0.192482590675354, -0.024376975372433662, -0.023038100451231003, 0.9807270169258118] status=0x8203
joint_pos=[0.0, 0.0, 0.0, 0.0, 0.0, 0.0] joint_vel=[0.0, 0.0, 0.0, 0.0, 0.0, 0.0] imu_ang_vel=[0.015978965908288956, 0.004261057358235121, 0.007989482954144478] imu_quat_wxyz=[0.1924518495798111, -0.02433909848332405, -0.022854236885905266, 0.9807382822036743] status=0x8203
joint_pos=[0.0, 0.0, 0.0, 0.0, 0.0, 0.0] joint_vel=[0.0, 0.0, 0.0, 0.0, 0.0, 0.0] imu_ang_vel=[0.016511596739292145, 0.005326321814209223, 0.0069242180325090885] imu_quat_wxyz=[0.19242461025714874, -0.0243171826004982, -0.02273499220609665, 0.9807469844818115] status=0x8203
joint_pos=[0.0, 0.0, 0.0, 0.0, 0.0, 0.0] joint_vel=[0.0, 0.0, 0.0, 0.0, 0.0, 0.0] imu_ang_vel=[0.015978965908288956, 0.0021305286791175604, 0.0063915858045220375] imu_quat_wxyz=[0.19239787757396698, -0.024296825751662254, -0.022611171007156372, 0.9807555675506592] status=0x8203
joint_pos=[0.0, 0.0, 0.0, 0.0, 0.0, 0.0] joint_vel=[0.0, 0.0, 0.0, 0.0, 0.0, 0.0] imu_ang_vel=[0.017044229432940483, 0.0015978964511305094, 0.0063915858045220375] imu_quat_wxyz=[0.1923963725566864, -0.024381916970014572, -0.02306024357676506, 0.9807433485984802] status=0x8203
joint_pos=[0.0, 0.0, 0.0, 0.0, 0.0, 0.0] joint_vel=[0.0, 0.0, 0.0, 0.0, 0.0, 0.0] imu_ang_vel=[0.017044229432940483, 0.0031957929022610188, 0.0074568502604961395] imu_quat_wxyz=[0.19237390160560608, -0.024350963532924652, -0.02293926663696766, 0.9807513952255249] status=0x8203
joint_pos=[0.0, 0.0, 0.0, 0.0, 0.0, 0.0] joint_vel=[0.0, 0.0, 0.0, 0.0, 0.0, 0.0] imu_ang_vel=[0.017044229432940483, 0.0031957929022610188, 0.0074568502604961395] imu_quat_wxyz=[0.19234439730644226, -0.024327173829078674, -0.022814691066741943, 0.9807605743408203] status=0x8203
joint_pos=[0.0, 0.0, 0.0, 0.0, 0.0, 0.0] joint_vel=[0.0, 0.0, 0.0, 0.0, 0.0, 0.0] imu_ang_vel=[0.01757686212658882, 0.0031957929022610188, 0.0063915858045220375] imu_quat_wxyz=[0.19231976568698883, -0.024305060505867004, -0.022690119221806526, 0.9807688593864441] status=0x8203
joint_pos=[0.0, 0.0, 0.0, 0.0, 0.0, 0.0] joint_vel=[0.0, 0.0, 0.0, 0.0, 0.0, 0.0] imu_ang_vel=[0.015446333214640617, 0.0037284251302480698, 0.0069242180325090885] imu_quat_wxyz=[0.19229649007320404, -0.0242774561047554, -0.02256891503930092, 0.9807769060134888] status=0x8203
joint_pos=[0.0, 0.0, 0.0, 0.0, 0.0, 0.0] joint_vel=[0.0, 0.0, 0.0, 0.0, 0.0, 0.0] imu_ang_vel=[0.015446333214640617, 0.0031957929022610188, 0.0069242180325090885] imu_quat_wxyz=[0.192325159907341, -0.024385694414377213, -0.023088129237294197, 0.9807565212249756] status=0x8203
joint_pos=[0.0, 0.0, 0.0, 0.0, 0.0, 0.0] joint_vel=[0.0, 0.0, 0.0, 0.0, 0.0, 0.0] imu_ang_vel=[0.014913700520992279, 0.0031957929022610188, 0.0063915858045220375] imu_quat_wxyz=[0.19230416417121887, -0.024357693269848824, -0.022965028882026672, 0.9807642102241516] status=0x8203
joint_pos=[0.0, 0.0, 0.0, 0.0, 0.0, 0.0] joint_vel=[0.0, 0.0, 0.0, 0.0, 0.0, 0.0] imu_ang_vel=[0.017044229432940483, 0.0037284251302480698, 0.005858954042196274] imu_quat_wxyz=[0.192276269197464, -0.024328216910362244, -0.02284974791109562, 0.9807731509208679] status=0x8203
joint_pos=[0.0, 0.0, 0.0, 0.0, 0.0, 0.0] joint_vel=[0.0, 0.0, 0.0, 0.0, 0.0, 0.0] imu_ang_vel=[0.015446333214640617, 0.004261057358235121, 0.005326321814209223] imu_quat_wxyz=[0.19225800037384033, -0.02429959550499916, -0.022727472707629204, 0.980780303478241] status=0x8203
joint_pos=[0.0, 0.0, 0.0, 0.0, 0.0, 0.0] joint_vel=[0.0, 0.0, 0.0, 0.0, 0.0, 0.0] imu_ang_vel=[0.017044229432940483, 0.004261057358235121, 0.0074568502604961395] imu_quat_wxyz=[0.1922491192817688, -0.02428615279495716, -0.022666754201054573, 0.9807838201522827] status=0x8203
joint_pos=[0.0, 0.0, 0.0, 0.0, 0.0, 0.0] joint_vel=[0.0, 0.0, 0.0, 0.0, 0.0, 0.0] imu_ang_vel=[0.015446333214640617, 0.004261057358235121, 0.0069242180325090885] imu_quat_wxyz=[0.19224974513053894, -0.024379070848226547, -0.02308364026248455, 0.980771541595459] status=0x8203
joint_pos=[0.0, 0.0, 0.0, 0.0, 0.0, 0.0] joint_vel=[0.0, 0.0, 0.0, 0.0, 0.0, 0.0] imu_ang_vel=[0.015978965908288956, 0.0021305286791175604, 0.0063915858045220375] imu_quat_wxyz=[0.19223125278949738, -0.02435717172920704, -0.022962085902690887, 0.9807786345481873] status=0x8203
joint_pos=[0.0, 0.0, 0.0, 0.0, 0.0, 0.0] joint_vel=[0.0, 0.0, 0.0, 0.0, 0.0, 0.0] imu_ang_vel=[0.01757686212658882, 0.0037284251302480698, 0.0074568502604961395] imu_quat_wxyz=[0.19220969080924988, -0.024329060688614845, -0.022845299914479256, 0.9807862639427185] status=0x8203
joint_pos=[0.0, 0.0, 0.0, 0.0, 0.0, 0.0] joint_vel=[0.0, 0.0, 0.0, 0.0, 0.0, 0.0] imu_ang_vel=[0.015978965908288956, 0.0015978964511305094, 0.0074568502604961395] imu_quat_wxyz=[0.192180797457695, -0.024307793006300926, -0.022721828892827034, 0.9807953834533691] status=0x8203
joint_pos=[0.0, 0.0, 0.0, 0.0, 0.0, 0.0] joint_vel=[0.0, 0.0, 0.0, 0.0, 0.0, 0.0] imu_ang_vel=[0.01810949295759201, 0.0031957929022610188, 0.005326321814209223] imu_quat_wxyz=[0.19215677678585052, -0.02427786774933338, -0.02259993739426136, 0.9808035492897034] status=0x8203
joint_pos=[0.0, 0.0, 0.0, 0.0, 0.0, 0.0] joint_vel=[0.0, 0.0, 0.0, 0.0, 0.0, 0.0] imu_ang_vel=[0.017044229432940483, 0.0026631606742739677, 0.0074568502604961395] imu_quat_wxyz=[0.19228623807430267, -0.024376042187213898, -0.02307656966149807, 0.9807646870613098] status=0x8203
joint_pos=[0.0, 0.0, 0.0, 0.0, 0.0, 0.0] joint_vel=[0.0, 0.0, 0.0, 0.0, 0.0, 0.0] imu_ang_vel=[0.01438106782734394, 0.0026631606742739677, 0.0069242180325090885] imu_quat_wxyz=[0.19226397573947906, -0.024346228688955307, -0.02294972352683544, 0.9807727336883545] status=0x8203
joint_pos=[0.0, 0.0, 0.0, 0.0, 0.0, 0.0] joint_vel=[0.0, 0.0, 0.0, 0.0, 0.0, 0.0] imu_ang_vel=[0.015978965908288956, 0.004793689586222172, 0.0074568502604961395] imu_quat_wxyz=[0.19224321842193604, -0.02432245761156082, -0.022830968722701073, 0.9807801842689514] status=0x8203
joint_pos=[0.0, 0.0, 0.0, 0.0, 0.0, 0.0] joint_vel=[0.0, 0.0, 0.0, 0.0, 0.0, 0.0] imu_ang_vel=[0.017044229432940483, 0.0037284251302480698, 0.005858954042196274] imu_quat_wxyz=[0.1922196000814438, -0.024300338700413704, -0.022705085575580597, 0.9807883501052856] status=0x8203
joint_pos=[0.0, 0.0, 0.0, 0.0, 0.0, 0.0] joint_vel=[0.0, 0.0, 0.0, 0.0, 0.0, 0.0] imu_ang_vel=[0.01757686212658882, 0.0021305286791175604, 0.005858954042196274] imu_quat_wxyz=[0.19220508635044098, -0.024279477074742317, -0.022576600313186646, 0.9807946085929871] status=0x8203
joint_pos=[0.0, 0.0, 0.0, 0.0, 0.0, 0.0] joint_vel=[0.0, 0.0, 0.0, 0.0, 0.0, 0.0] imu_ang_vel=[0.014913700520992279, 0.004261057358235121, 0.0069242180325090885] imu_quat_wxyz=[0.1922641545534134, -0.024394450709223747, -0.02317083068192005, 0.9807662963867188] status=0x8203
joint_pos=[0.0, 0.0, 0.0, 0.0, 0.0, 0.0] joint_vel=[0.0, 0.0, 0.0, 0.0, 0.0, 0.0] imu_ang_vel=[0.01810949295759201, 0.0031957929022610188, 0.0069242180325090885] imu_quat_wxyz=[0.1922275424003601, -0.02435709536075592, -0.02298925630748272, 0.980778694152832] status=0x8203
joint_pos=[0.0, 0.0, 0.0, 0.0, 0.0, 0.0] joint_vel=[0.0, 0.0, 0.0, 0.0, 0.0, 0.0] imu_ang_vel=[0.01757686212658882, 0.004261057358235121, 0.0069242180325090885] imu_quat_wxyz=[0.19220523536205292, -0.02433561533689499, -0.022858718410134315, 0.9807867407798767] status=0x8203
joint_pos=[0.0, 0.0, 0.0, 0.0, 0.0, 0.0] joint_vel=[0.0, 0.0, 0.0, 0.0, 0.0, 0.0] imu_ang_vel=[0.015978965908288956, 0.0026631606742739677, 0.004793689586222172] imu_quat_wxyz=[0.19218631088733673, -0.024308310821652412, -0.02273007296025753, 0.9807939529418945] status=0x8203
joint_pos=[0.0, 0.0, 0.0, 0.0, 0.0, 0.0] joint_vel=[0.0, 0.0, 0.0, 0.0, 0.0, 0.0] imu_ang_vel=[0.017044229432940483, 0.0037284251302480698, 0.004793689586222172] imu_quat_wxyz=[0.19216574728488922, -0.024279385805130005, -0.02260441519320011, 0.9808017015457153] status=0x8203
joint_pos=[0.0, 0.0, 0.0, 0.0, 0.0, 0.0] joint_vel=[0.0, 0.0, 0.0, 0.0, 0.0, 0.0] imu_ang_vel=[0.01757686212658882, 0.0026631606742739677, 0.0074568502604961395] imu_quat_wxyz=[0.19209474325180054, -0.024377930909395218, -0.02309057116508484, 0.9808018207550049] status=0x8203
joint_pos=[0.0, 0.0, 0.0, 0.0, 0.0, 0.0] joint_vel=[0.0, 0.0, 0.0, 0.0, 0.0, 0.0] imu_ang_vel=[0.015978965908288956, 0.0037284251302480698, 0.007989482954144478] imu_quat_wxyz=[0.1920672208070755, -0.02434549666941166, -0.022965485230088234, 0.9808109402656555] status=0x8203
joint_pos=[0.0, 0.0, 0.0, 0.0, 0.0, 0.0] joint_vel=[0.0, 0.0, 0.0, 0.0, 0.0, 0.0] imu_ang_vel=[0.01810949295759201, 0.0037284251302480698, 0.005858954042196274] imu_quat_wxyz=[0.19204312562942505, -0.02432314120233059, -0.02284502424299717, 0.9808189868927002] status=0x8203
joint_pos=[0.0, 0.0, 0.0, 0.0, 0.0, 0.0] joint_vel=[0.0, 0.0, 0.0, 0.0, 0.0, 0.0] imu_ang_vel=[0.016511596739292145, 0.004261057358235121, 0.0063915858045220375] imu_quat_wxyz=[0.19202551245689392, -0.024298489093780518, -0.022719724103808403, 0.9808260202407837] status=0x8203
joint_pos=[0.0, 0.0, 0.0, 0.0, 0.0, 0.0] joint_vel=[0.0, 0.0, 0.0, 0.0, 0.0, 0.0] imu_ang_vel=[0.01810949295759201, 0.0037284251302480698, 0.0069242180325090885] imu_quat_wxyz=[0.19199812412261963, -0.024274706840515137, -0.02259383536875248, 0.9808348417282104] status=0x8203
joint_pos=[0.0, 0.0, 0.0, 0.0, 0.0, 0.0] joint_vel=[0.0, 0.0, 0.0, 0.0, 0.0, 0.0] imu_ang_vel=[0.016511596739292145, 0.004793689586222172, 0.005858954042196274] imu_quat_wxyz=[0.1921675056219101, -0.02437158115208149, -0.02308996394276619, 0.9807877540588379] status=0x8203
joint_pos=[0.0, 0.0, 0.0, 0.0, 0.0, 0.0] joint_vel=[0.0, 0.0, 0.0, 0.0, 0.0, 0.0] imu_ang_vel=[0.017044229432940483, 0.0026631606742739677, 0.0069242180325090885] imu_quat_wxyz=[0.19214846193790436, -0.024343863129615784, -0.02297406829893589, 0.9807948470115662] status=0x8203
joint_pos=[0.0, 0.0, 0.0, 0.0, 0.0, 0.0] joint_vel=[0.0, 0.0, 0.0, 0.0, 0.0, 0.0] imu_ang_vel=[0.016511596739292145, 0.0037284251302480698, 0.0069242180325090885] imu_quat_wxyz=[0.1921365112066269, -0.024328723549842834, -0.02290976792573929, 0.9807990789413452] status=0x8203
joint_pos=[0.0, 0.0, 0.0, 0.0, 0.0, 0.0] joint_vel=[0.0, 0.0, 0.0, 0.0, 0.0, 0.0] imu_ang_vel=[0.017044229432940483, 0.0031957929022610188, 0.0063915858045220375] imu_quat_wxyz=[0.19210003316402435, -0.024294791743159294, -0.022720027714967728, 0.9808115363121033] status=0x8203
joint_pos=[0.0, 0.0, 0.0, 0.0, 0.0, 0.0] joint_vel=[0.0, 0.0, 0.0, 0.0, 0.0, 0.0] imu_ang_vel=[0.01757686212658882, 0.0026631606742739677, 0.0069242180325090885] imu_quat_wxyz=[0.19207707047462463, -0.024271124973893166, -0.022595351561903954, 0.9808194637298584] status=0x8203
joint_pos=[0.0, 0.0, 0.0, 0.0, 0.0, 0.0] joint_vel=[0.0, 0.0, 0.0, 0.0, 0.0, 0.0] imu_ang_vel=[0.015446333214640617, 0.0010652643395587802, 0.0063915858045220375] imu_quat_wxyz=[0.1920759230852127, -0.024366259574890137, -0.023109352216124535, 0.9808053970336914] status=0x8203
joint_pos=[0.0, 0.0, 0.0, 0.0, 0.0, 0.0] joint_vel=[0.0, 0.0, 0.0, 0.0, 0.0, 0.0] imu_ang_vel=[0.017044229432940483, 0.0026631606742739677, 0.0074568502604961395] imu_quat_wxyz=[0.19205178320407867, -0.02433076500892639, -0.022988760843873024, 0.9808138012886047] status=0x8203
joint_pos=[0.0, 0.0, 0.0, 0.0, 0.0, 0.0] joint_vel=[0.0, 0.0, 0.0, 0.0, 0.0, 0.0] imu_ang_vel=[0.015978965908288956, 0.0031957929022610188, 0.0063915858045220375] imu_quat_wxyz=[0.19202294945716858, -0.02430182881653309, -0.022866344079375267, 0.9808230400085449] status=0x8203
joint_pos=[0.0, 0.0, 0.0, 0.0, 0.0, 0.0] joint_vel=[0.0, 0.0, 0.0, 0.0, 0.0, 0.0] imu_ang_vel=[0.015978965908288956, 0.0031957929022610188, 0.0063915858045220375] imu_quat_wxyz=[0.19200539588928223, -0.02427193522453308, -0.022746361792087555, 0.9808300137519836] status=0x8203
joint_pos=[0.0, 0.0, 0.0, 0.0, 0.0, 0.0] joint_vel=[0.0, 0.0, 0.0, 0.0, 0.0, 0.0] imu_ang_vel=[0.016511596739292145, 0.0037284251302480698, 0.0063915858045220375] imu_quat_wxyz=[0.19198516011238098, -0.024247607216238976, -0.022626837715506554, 0.980837345123291] status=0x8203
joint_pos=[0.0, 0.0, 0.0, 0.0, 0.0, 0.0] joint_vel=[0.0, 0.0, 0.0, 0.0, 0.0, 0.0] imu_ang_vel=[0.015446333214640617, 0.004261057358235121, 0.0074568502604961395] imu_quat_wxyz=[0.1918925940990448, -0.024350330233573914, -0.023142552003264427, 0.9808408617973328] status=0x8203
joint_pos=[0.0, 0.0, 0.0, 0.0, 0.0, 0.0] joint_vel=[0.0, 0.0, 0.0, 0.0, 0.0, 0.0] imu_ang_vel=[0.017044229432940483, 0.005326321814209223, 0.0074568502604961395] imu_quat_wxyz=[0.19186298549175262, -0.024331005290150642, -0.02302163653075695, 0.9808499813079834] status=0x8203
joint_pos=[0.0, 0.0, 0.0, 0.0, 0.0, 0.0] joint_vel=[0.0, 0.0, 0.0, 0.0, 0.0, 0.0] imu_ang_vel=[0.015978965908288956, 0.0026631606742739677, 0.0063915858045220375] imu_quat_wxyz=[0.19183719158172607, -0.024312445893883705, -0.022893402725458145, 0.9808585047721863] status=0x8203
joint_pos=[0.0, 0.0, 0.0, 0.0, 0.0, 0.0] joint_vel=[0.0, 0.0, 0.0, 0.0, 0.0, 0.0] imu_ang_vel=[0.017044229432940483, 0.0037284251302480698, 0.0069242180325090885] imu_quat_wxyz=[0.19181717932224274, -0.02428681217133999, -0.02277163602411747, 0.9808658957481384] status=0x8203
joint_pos=[0.0, 0.0, 0.0, 0.0, 0.0, 0.0] joint_vel=[0.0, 0.0, 0.0, 0.0, 0.0, 0.0] imu_ang_vel=[0.01757686212658882, 0.004793689586222172, 0.005858954042196274] imu_quat_wxyz=[0.19179244339466095, -0.02426357939839363, -0.02264639362692833, 0.980874240398407] status=0x8203
joint_pos=[0.0, 0.0, 0.0, 0.0, 0.0, 0.0] joint_vel=[0.0, 0.0, 0.0, 0.0, 0.0, 0.0] imu_ang_vel=[0.017044229432940483, 0.0031957929022610188, 0.005326321814209223] imu_quat_wxyz=[0.1917409598827362, -0.024364136159420013, -0.023117633536458015, 0.9808707237243652] status=0x8203
joint_pos=[0.0, 0.0, 0.0, 0.0, 0.0, 0.0] joint_vel=[0.0, 0.0, 0.0, 0.0, 0.0, 0.0] imu_ang_vel=[0.016511596739292145, 0.0015978964511305094, 0.0069242180325090885] imu_quat_wxyz=[0.19171622395515442, -0.024341030046343803, -0.022990757599473, 0.9808791875839233] status=0x8203
joint_pos=[0.0, 0.0, 0.0, 0.0, 0.0, 0.0] joint_vel=[0.0, 0.0, 0.0, 0.0, 0.0, 0.0] imu_ang_vel=[0.01810949295759201, 0.0031957929022610188, 0.0069242180325090885] imu_quat_wxyz=[0.19169402122497559, -0.024315282702445984, -0.022868068888783455, 0.9808869957923889] status=0x8203
joint_pos=[0.0, 0.0, 0.0, 0.0, 0.0, 0.0] joint_vel=[0.0, 0.0, 0.0, 0.0, 0.0, 0.0] imu_ang_vel=[0.015978965908288956, 0.0010652643395587802, 0.0074568502604961395] imu_quat_wxyz=[0.19167204201221466, -0.024286804720759392, -0.022745277732610703, 0.9808948636054993] status=0x8203
joint_pos=[0.0, 0.0, 0.0, 0.0, 0.0, 0.0] joint_vel=[0.0, 0.0, 0.0, 0.0, 0.0, 0.0] imu_ang_vel=[0.01420352328568697, 0.004261057358235121, 0.006746673956513405] imu_quat_wxyz=[0.191646009683609, -0.02425636723637581, -0.022627050057053566, 0.9809033870697021] status=0x8203
joint_pos=[0.0, 0.0, 0.0, 0.0, 0.0, 0.0] joint_vel=[0.0, 0.0, 0.0, 0.0, 0.0, 0.0] imu_ang_vel=[0.014913700520992279, 0.0037284251302480698, 0.005858954042196274] imu_quat_wxyz=[0.1916942000389099, -0.024351701140403748, -0.02309747226536274, 0.980880618095398] status=0x8203
joint_pos=[0.0, 0.0, 0.0, 0.0, 0.0, 0.0] joint_vel=[0.0, 0.0, 0.0, 0.0, 0.0, 0.0] imu_ang_vel=[0.015978965908288956, 0.0037284251302480698, 0.0074568502604961395] imu_quat_wxyz=[0.19167515635490417, -0.024327745661139488, -0.02297857590019703, 0.980887770652771] status=0x8203
joint_pos=[0.0, 0.0, 0.0, 0.0, 0.0, 0.0] joint_vel=[0.0, 0.0, 0.0, 0.0, 0.0, 0.0] imu_ang_vel=[0.01864212565124035, 0.004261057358235121, 0.0063915858045220375] imu_quat_wxyz=[0.19164858758449554, -0.024305665865540504, -0.022862330079078674, 0.9808962941169739] status=0x8203
joint_pos=[0.0, 0.0, 0.0, 0.0, 0.0, 0.0] joint_vel=[0.0, 0.0, 0.0, 0.0, 0.0, 0.0] imu_ang_vel=[0.016511596739292145, 0.0031957929022610188, 0.0063915858045220375] imu_quat_wxyz=[0.19162346422672272, -0.02427998185157776, -0.022738231346011162, 0.9809046983718872] status=0x8203
joint_pos=[0.0, 0.0, 0.0, 0.0, 0.0, 0.0] joint_vel=[0.0, 0.0, 0.0, 0.0, 0.0, 0.0] imu_ang_vel=[0.017044229432940483, 0.0021305286791175604, 0.005326321814209223] imu_quat_wxyz=[0.1916029453277588, -0.024257002398371696, -0.022618209943175316, 0.9809119701385498] status=0x8203
joint_pos=[0.0, 0.0, 0.0, 0.0, 0.0, 0.0] joint_vel=[0.0, 0.0, 0.0, 0.0, 0.0, 0.0] imu_ang_vel=[0.015978965908288956, 0.0031957929022610188, 0.0063915858045220375] imu_quat_wxyz=[0.19152826070785522, -0.024353964254260063, -0.02314690500497818, 0.9809118509292603] status=0x8203
joint_pos=[0.0, 0.0, 0.0, 0.0, 0.0, 0.0] joint_vel=[0.0, 0.0, 0.0, 0.0, 0.0, 0.0] imu_ang_vel=[0.017044229432940483, 0.004261057358235121, 0.0074568502604961395] imu_quat_wxyz=[0.19150419533252716, -0.024325961247086525, -0.02302374504506588, 0.980920135974884] status=0x8203
joint_pos=[0.0, 0.0, 0.0, 0.0, 0.0, 0.0] joint_vel=[0.0, 0.0, 0.0, 0.0, 0.0, 0.0] imu_ang_vel=[0.016511596739292145, 0.0021305286791175604, 0.0063915858045220375] imu_quat_wxyz=[0.19147683680057526, -0.02430005930364132, -0.022900542244315147, 0.9809290766716003] status=0x8203
joint_pos=[0.0, 0.0, 0.0, 0.0, 0.0, 0.0] joint_vel=[0.0, 0.0, 0.0, 0.0, 0.0, 0.0] imu_ang_vel=[0.016511596739292145, 0.004793689586222172, 0.0063915858045220375] imu_quat_wxyz=[0.19145594537258148, -0.02427438460290432, -0.022776084020733833, 0.980936586856842] status=0x8203
joint_pos=[0.0, 0.0, 0.0, 0.0, 0.0, 0.0] joint_vel=[0.0, 0.0, 0.0, 0.0, 0.0, 0.0] imu_ang_vel=[0.016511596739292145, 0.0037284251302480698, 0.0074568502604961395] imu_quat_wxyz=[0.19143733382225037, -0.024252887815237045, -0.022653574123978615, 0.9809436798095703] status=0x8203
joint_pos=[0.0, 0.0, 0.0, 0.0, 0.0, 0.0] joint_vel=[0.0, 0.0, 0.0, 0.0, 0.0, 0.0] imu_ang_vel=[0.015978965908288956, 0.005326321814209223, 0.0063915858045220375] imu_quat_wxyz=[0.1913951337337494, -0.024350954219698906, -0.023148810490965843, 0.9809378981590271] status=0x8203
joint_pos=[0.0, 0.0, 0.0, 0.0, 0.0, 0.0] joint_vel=[0.0, 0.0, 0.0, 0.0, 0.0, 0.0] imu_ang_vel=[0.015978965908288956, 0.005326321814209223, 0.0063915858045220375] imu_quat_wxyz=[0.19137243926525116, -0.02433200180530548, -0.02302594669163227, 0.9809456467628479] status=0x8203
joint_pos=[0.0, 0.0, 0.0, 0.0, 0.0, 0.0] joint_vel=[0.0, 0.0, 0.0, 0.0, 0.0, 0.0] imu_ang_vel=[0.015978965908288956, 0.004793689586222172, 0.0074568502604961395] imu_quat_wxyz=[0.1913522481918335, -0.024308938533067703, -0.022903230041265488, 0.9809530973434448] status=0x8203
joint_pos=[0.0, 0.0, 0.0, 0.0, 0.0, 0.0] joint_vel=[0.0, 0.0, 0.0, 0.0, 0.0, 0.0] imu_ang_vel=[0.016511596739292145, 0.0031957929022610188, 0.0069242180325090885] imu_quat_wxyz=[0.19133131206035614, -0.02428761124610901, -0.02277993969619274, 0.980960488319397] status=0x8203
joint_pos=[0.0, 0.0, 0.0, 0.0, 0.0, 0.0] joint_vel=[0.0, 0.0, 0.0, 0.0, 0.0, 0.0] imu_ang_vel=[0.017044229432940483, 0.0031957929022610188, 0.0074568502604961395] imu_quat_wxyz=[0.1913212239742279, -0.024273905903100967, -0.022719483822584152, 0.9809642434120178] status=0x8203
joint_pos=[0.0, 0.0, 0.0, 0.0, 0.0, 0.0] joint_vel=[0.0, 0.0, 0.0, 0.0, 0.0, 0.0] imu_ang_vel=[0.015978965908288956, 0.0026631606742739677, 0.0074568502604961395] imu_quat_wxyz=[0.19130215048789978, -0.024354491382837296, -0.023131679743528366, 0.9809563159942627] status=0x8203
joint_pos=[0.0, 0.0, 0.0, 0.0, 0.0, 0.0] joint_vel=[0.0, 0.0, 0.0, 0.0, 0.0, 0.0] imu_ang_vel=[0.013848436065018177, 0.0037284251302480698, 0.0069242180325090885] imu_quat_wxyz=[0.19127637147903442, -0.02433185838162899, -0.023016005754470825, 0.9809646606445312] status=0x8203
joint_pos=[0.0, 0.0, 0.0, 0.0, 0.0, 0.0] joint_vel=[0.0, 0.0, 0.0, 0.0, 0.0, 0.0] imu_ang_vel=[0.017044229432940483, 0.004261057358235121, 0.0063915858045220375] imu_quat_wxyz=[0.1912589818239212, -0.024306446313858032, -0.022897891700267792, 0.9809714555740356] status=0x8203
joint_pos=[0.0, 0.0, 0.0, 0.0, 0.0, 0.0] joint_vel=[0.0, 0.0, 0.0, 0.0, 0.0, 0.0] imu_ang_vel=[0.017044229432940483, 0.004261057358235121, 0.0069242180325090885] imu_quat_wxyz=[0.1912330538034439, -0.024283288046717644, -0.022776218131184578, 0.9809799194335938] status=0x8203
joint_pos=[0.0, 0.0, 0.0, 0.0, 0.0, 0.0] joint_vel=[0.0, 0.0, 0.0, 0.0, 0.0, 0.0] imu_ang_vel=[0.01757686212658882, 0.0031957929022610188, 0.0063915858045220375] imu_quat_wxyz=[0.1912100911140442, -0.02425934560596943, -0.022659046575427055, 0.9809877276420593] status=0x8203
joint_pos=[0.0, 0.0, 0.0, 0.0, 0.0, 0.0] joint_vel=[0.0, 0.0, 0.0, 0.0, 0.0, 0.0] imu_ang_vel=[0.016511596739292145, 0.0026631606742739677, 0.0069242180325090885] imu_quat_wxyz=[0.19109371304512024, -0.02436203323304653, -0.02317693643271923, 0.980995774269104] status=0x8203
joint_pos=[0.0, 0.0, 0.0, 0.0, 0.0, 0.0] joint_vel=[0.0, 0.0, 0.0, 0.0, 0.0, 0.0] imu_ang_vel=[0.015978965908288956, 0.004261057358235121, 0.0069242180325090885] imu_quat_wxyz=[0.19107048213481903, -0.02433439902961254, -0.023051025345921516, 0.9810038208961487] status=0x8203
joint_pos=[0.0, 0.0, 0.0, 0.0, 0.0, 0.0] joint_vel=[0.0, 0.0, 0.0, 0.0, 0.0, 0.0] imu_ang_vel=[0.015978965908288956, 0.0031957929022610188, 0.0069242180325090885] imu_quat_wxyz=[0.19104993343353271, -0.024309508502483368, -0.022926827892661095, 0.9810113906860352] status=0x8203
joint_pos=[0.0, 0.0, 0.0, 0.0, 0.0, 0.0] joint_vel=[0.0, 0.0, 0.0, 0.0, 0.0, 0.0] imu_ang_vel=[0.017044229432940483, 0.0015978964511305094, 0.0069242180325090885] imu_quat_wxyz=[0.19102801382541656, -0.0242875088006258, -0.022807931527495384, 0.9810190796852112] status=0x8203
joint_pos=[0.0, 0.0, 0.0, 0.0, 0.0, 0.0] joint_vel=[0.0, 0.0, 0.0, 0.0, 0.0, 0.0] imu_ang_vel=[0.017044229432940483, 0.0026631606742739677, 0.008522114716470242] imu_quat_wxyz=[0.19100446999073029, -0.02425878867506981, -0.02268691174685955, 0.9810270667076111] status=0x8203
joint_pos=[0.0, 0.0, 0.0, 0.0, 0.0, 0.0] joint_vel=[0.0, 0.0, 0.0, 0.0, 0.0, 0.0] imu_ang_vel=[0.01864212565124035, 0.0037284251302480698, 0.0074568502604961395] imu_quat_wxyz=[0.19095604121685028, -0.024367395788431168, -0.023228246718645096, 0.9810212254524231] status=0x8203
joint_pos=[0.0, 0.0, 0.0, 0.0, 0.0, 0.0] joint_vel=[0.0, 0.0, 0.0, 0.0, 0.0, 0.0] imu_ang_vel=[0.017044229432940483, 0.0037284251302480698, 0.005858954042196274] imu_quat_wxyz=[0.1909206062555313, -0.024330880492925644, -0.023043133318424225, 0.9810333251953125] status=0x8203
joint_pos=[0.0, 0.0, 0.0, 0.0, 0.0, 0.0] joint_vel=[0.0, 0.0, 0.0, 0.0, 0.0, 0.0] imu_ang_vel=[0.01757686212658882, 0.0026631606742739677, 0.005858954042196274] imu_quat_wxyz=[0.19090308248996735, -0.024305598810315132, -0.022912537679076195, 0.9810404777526855] status=0x8203
joint_pos=[0.0, 0.0, 0.0, 0.0, 0.0, 0.0] joint_vel=[0.0, 0.0, 0.0, 0.0, 0.0, 0.0] imu_ang_vel=[0.01757686212658882, 0.0031957929022610188, 0.0069242180325090885] imu_quat_wxyz=[0.1908806562423706, -0.024274226278066635, -0.022784842178225517, 0.9810485243797302] status=0x8203
joint_pos=[0.0, 0.0, 0.0, 0.0, 0.0, 0.0] joint_vel=[0.0, 0.0, 0.0, 0.0, 0.0, 0.0] imu_ang_vel=[0.015446333214640617, 0.0015978964511305094, 0.0063915858045220375] imu_quat_wxyz=[0.1908564567565918, -0.02424490451812744, -0.02266394905745983, 0.9810568690299988] status=0x8203
joint_pos=[0.0, 0.0, 0.0, 0.0, 0.0, 0.0] joint_vel=[0.0, 0.0, 0.0, 0.0, 0.0, 0.0] imu_ang_vel=[0.017044229432940483, 0.0031957929022610188, 0.0074568502604961395] imu_quat_wxyz=[0.19079284369945526, -0.024336379021406174, -0.023137027397751808, 0.9810558557510376] status=0x8203
joint_pos=[0.0, 0.0, 0.0, 0.0, 0.0, 0.0] joint_vel=[0.0, 0.0, 0.0, 0.0, 0.0, 0.0] imu_ang_vel=[0.01757686212658882, 0.0031957929022610188, 0.005326321814209223] imu_quat_wxyz=[0.19077011942863464, -0.02430657297372818, -0.023010378703475, 0.981063961982727] status=0x8203
joint_pos=[0.0, 0.0, 0.0, 0.0, 0.0, 0.0] joint_vel=[0.0, 0.0, 0.0, 0.0, 0.0, 0.0] imu_ang_vel=[0.01810949295759201, 0.0026631606742739677, 0.0069242180325090885] imu_quat_wxyz=[0.19075113534927368, -0.024281825870275497, -0.02288690209388733, 0.9810711741447449] status=0x8203
joint_pos=[0.0, 0.0, 0.0, 0.0, 0.0, 0.0] joint_vel=[0.0, 0.0, 0.0, 0.0, 0.0, 0.0] imu_ang_vel=[0.017044229432940483, 0.0037284251302480698, 0.0069242180325090885] imu_quat_wxyz=[0.19073013961315155, -0.024259619414806366, -0.02275993674993515, 0.9810788035392761] status=0x8203
joint_pos=[0.0, 0.0, 0.0, 0.0, 0.0, 0.0] joint_vel=[0.0, 0.0, 0.0, 0.0, 0.0, 0.0] imu_ang_vel=[0.016511596739292145, 0.0021305286791175604, 0.007989482954144478] imu_quat_wxyz=[0.19070543348789215, -0.024233121424913406, -0.02263486385345459, 0.9810871481895447] status=0x8203
motion_test: joint 1 -> 20.000 deg
joint_pos=[0.0, 0.0, 0.0, 0.0, 0.0, 0.0] joint_vel=[0.0, 0.0, 0.0, 0.0, 0.0, 0.0] imu_ang_vel=[0.015978965908288956, 0.004261057358235121, 0.0063915858045220375] imu_quat_wxyz=[0.19077636301517487, -0.024331144988536835, -0.023116670548915863, 0.9810596704483032] status=0x8203
joint_pos=[0.0, 0.0, 0.0, 0.0, 0.0, 0.0] joint_vel=[0.0, 0.0, 0.0, 0.0, 0.0, 0.0] imu_ang_vel=[0.017044229432940483, 0.0037284251302480698, 0.0074568502604961395] imu_quat_wxyz=[0.19075556099414825, -0.024313079193234444, -0.022998163476586342, 0.9810670018196106] status=0x8203
joint_pos=[0.0, 0.0, 0.0, 0.0, 0.0, 0.0] joint_vel=[0.0, 0.0, 0.0, 0.0, 0.0, 0.0] imu_ang_vel=[0.01810949295759201, 0.0037284251302480698, 0.004793689586222172] imu_quat_wxyz=[0.19073162972927094, -0.02429000288248062, -0.02287312224507332, 0.9810751080513] status=0x8203
joint_pos=[0.0, 0.0, 0.0, 0.0, 0.0, 0.0] joint_vel=[0.0, 0.0, 0.0, 0.0, 0.0, 0.0] imu_ang_vel=[0.017044229432940483, 0.0021305286791175604, 0.0074568502604961395] imu_quat_wxyz=[0.19072212278842926, -0.0242756474763155, -0.022810515016317368, 0.9810788035392761] status=0x8203
joint_pos=[0.0, 0.0, 0.0, 0.0, 0.0, 0.0] joint_vel=[0.0, 0.0, 0.0, 0.0, 0.0, 0.0] imu_ang_vel=[0.015978965908288956, 0.0021305286791175604, 0.0069242180325090885] imu_quat_wxyz=[0.19068244099617004, -0.02423279546201229, -0.022630153223872185, 0.9810916781425476] status=0x8203
joint_pos=[0.0, 0.0, 0.0, 0.0, 0.0, 0.0] joint_vel=[0.0, 0.0, 0.0, 0.0, 0.0, 0.0] imu_ang_vel=[0.015978965908288956, 0.0031957929022610188, 0.0063915858045220375] imu_quat_wxyz=[0.19074711203575134, -0.024329889565706253, -0.02311069704592228, 0.9810655117034912] status=0x8203
joint_pos=[0.0, 0.0, 0.0, 0.0, 0.0, 0.0] joint_vel=[0.0, 0.0, 0.0, 0.0, 0.0, 0.0] imu_ang_vel=[0.017044229432940483, 0.004261057358235121, 0.0063915858045220375] imu_quat_wxyz=[0.19072997570037842, -0.024300049990415573, -0.022990282624959946, 0.9810724258422852] status=0x8203
joint_pos=[0.0, 0.0, 0.0, 0.0, 0.0, 0.0] joint_vel=[0.0, 0.0, 0.0, 0.0, 0.0, 0.0] imu_ang_vel=[0.01757686212658882, 0.0031957929022610188, 0.0063915858045220375] imu_quat_wxyz=[0.1907106190919876, -0.02426871284842491, -0.022861940786242485, 0.9810799360275269] status=0x8203
joint_pos=[0.0, 0.0, 0.0, 0.0, 0.0, 0.0] joint_vel=[0.0, 0.0, 0.0, 0.0, 0.0, 0.0] imu_ang_vel=[0.015978965908288956, 0.0031957929022610188, 0.0069242180325090885] imu_quat_wxyz=[0.19068756699562073, -0.024240639060735703, -0.022734733298420906, 0.9810880422592163] status=0x8203
joint_pos=[0.0, 0.0, 0.0, 0.0, 0.0, 0.0] joint_vel=[0.0, 0.0, 0.0, 0.0, 0.0, 0.0] imu_ang_vel=[0.016511596739292145, 0.0026631606742739677, 0.0074568502604961395] imu_quat_wxyz=[0.19066055119037628, -0.02421574853360653, -0.02261519804596901, 0.9810967445373535] status=0x8203
joint_pos=[0.0, 0.0, 0.0, 0.0, 0.0, 0.0] joint_vel=[0.0, 0.0, 0.0, 0.0, 0.0, 0.0] imu_ang_vel=[0.015978965908288956, 0.0037284251302480698, 0.0074568502604961395] imu_quat_wxyz=[0.19065193831920624, -0.02430945448577404, -0.023111702874302864, 0.9810844659805298] status=0x8203
joint_pos=[0.0, 0.0, 0.0, 0.0, 0.0, 0.0] joint_vel=[0.0, 0.0, 0.0, 0.0, 0.0, 0.0] imu_ang_vel=[0.016511596739292145, 0.0021305286791175604, 0.0069242180325090885] imu_quat_wxyz=[0.19062884151935577, -0.024284178391098976, -0.022987106814980507, 0.9810925126075745] status=0x8203
joint_pos=[0.0, 0.0, 0.0, 0.0, 0.0, 0.0] joint_vel=[0.0, 0.0, 0.0, 0.0, 0.0, 0.0] imu_ang_vel=[0.017044229432940483, 0.004261057358235121, 0.0069242180325090885] imu_quat_wxyz=[0.19060586392879486, -0.02425159513950348, -0.022862138226628304, 0.9811007976531982] status=0x8203
joint_pos=[0.0, 0.0, 0.0, 0.0, 0.0, 0.0] joint_vel=[0.0, 0.0, 0.0, 0.0, 0.0, 0.0] imu_ang_vel=[0.016511596739292145, 0.0026631606742739677, 0.0069242180325090885] imu_quat_wxyz=[0.19058281183242798, -0.024231627583503723, -0.022733358666300774, 0.9811086654663086] status=0x8203
joint_pos=[0.0, 0.0, 0.0, 0.0, 0.0, 0.0] joint_vel=[0.0, 0.0, 0.0, 0.0, 0.0, 0.0] imu_ang_vel=[0.015978965908288956, 0.0037284251302480698, 0.005858954042196274] imu_quat_wxyz=[0.19057075679302216, -0.024218767881393433, -0.022666359320282936, 0.9811129570007324] status=0x8203
joint_pos=[0.0, 0.0, 0.0, 0.0, 0.0, 0.0] joint_vel=[0.0, 0.0, 0.0, 0.0, 0.0, 0.0] imu_ang_vel=[0.015978965908288956, 0.0031957929022610188, 0.0069242180325090885] imu_quat_wxyz=[0.19057011604309082, -0.024301523342728615, -0.023094965144991875, 0.9811010360717773] status=0x8203
joint_pos=[0.0, 0.0, 0.0, 0.0, 0.0, 0.0] joint_vel=[0.0, 0.0, 0.0, 0.0, 0.0, 0.0] imu_ang_vel=[0.016511596739292145, 0.004261057358235121, 0.0063915858045220375] imu_quat_wxyz=[0.19054755568504333, -0.024270053952932358, -0.02297339029610157, 0.9811089634895325] status=0x8203
joint_pos=[0.0, 0.0, 0.0, 0.0, 0.0, 0.0] joint_vel=[0.0, 0.0, 0.0, 0.0, 0.0, 0.0] imu_ang_vel=[0.015978965908288956, 0.004261057358235121, 0.0063915858045220375] imu_quat_wxyz=[0.1905263215303421, -0.024244144558906555, -0.022850312292575836, 0.9811166524887085] status=0x8203
joint_pos=[0.0, 0.0, 0.0, 0.0, 0.0, 0.0] joint_vel=[0.0, 0.0, 0.0, 0.0, 0.0, 0.0] imu_ang_vel=[0.016511596739292145, 0.0021305286791175604, 0.004261057358235121] imu_quat_wxyz=[0.19050437211990356, -0.024219995364546776, -0.022728020325303078, 0.9811243414878845] status=0x8203
joint_pos=[0.0, 0.0, 0.0, 0.0, 0.0, 0.0] joint_vel=[0.0, 0.0, 0.0, 0.0, 0.0, 0.0] imu_ang_vel=[0.016511596739292145, 0.0037284251302480698, 0.005858954042196274] imu_quat_wxyz=[0.1904829889535904, -0.0241914764046669, -0.022606605663895607, 0.9811319708824158] status=0x8203
joint_pos=[0.0, 0.0, 0.0, 0.0, 0.0, 0.0] joint_vel=[0.0, 0.0, 0.0, 0.0, 0.0, 0.0] imu_ang_vel=[0.016511596739292145, 0.0037284251302480698, 0.0063915858045220375] imu_quat_wxyz=[0.19044864177703857, -0.024297615513205528, -0.023109959438443184, 0.9811243414878845] status=0x8203
joint_pos=[0.0, 0.0, 0.0, 0.0, 0.0, 0.0] joint_vel=[0.0, 0.0, 0.0, 0.0, 0.0, 0.0] imu_ang_vel=[0.015446333214640617, 0.004261057358235121, 0.0063915858045220375] imu_quat_wxyz=[0.19042900204658508, -0.024270765483379364, -0.022982141003012657, 0.9811318516731262] status=0x8203
joint_pos=[0.0, 0.0, 0.0, 0.0, 0.0, 0.0] joint_vel=[0.0, 0.0, 0.0, 0.0, 0.0, 0.0] imu_ang_vel=[0.015978965908288956, 0.0026631606742739677, 0.0069242180325090885] imu_quat_wxyz=[0.19040547311306, -0.024247290566563606, -0.022861924022436142, 0.9811397194862366] status=0x8203
joint_pos=[0.0, 0.0, 0.0, 0.0, 0.0, 0.0] joint_vel=[0.0, 0.0, 0.0, 0.0, 0.0, 0.0] imu_ang_vel=[0.014913700520992279, 0.0037284251302480698, 0.0074568502604961395] imu_quat_wxyz=[0.1903831958770752, -0.024218624457716942, -0.022746581584215164, 0.9811475276947021] status=0x8203
joint_pos=[0.0, 0.0, 0.0, 0.0, 0.0, 0.0] joint_vel=[0.0, 0.0, 0.0, 0.0, 0.0, 0.0] imu_ang_vel=[0.015978965908288956, 0.004261057358235121, 0.004793689586222172] imu_quat_wxyz=[0.19035810232162476, -0.024199357256293297, -0.022624637931585312, 0.9811556339263916] status=0x8203
joint_pos=[0.0, 0.0, 0.0, 0.0, 0.0, 0.0] joint_vel=[0.0, 0.0, 0.0, 0.0, 0.0, 0.0] imu_ang_vel=[0.01757686212658882, 0.005326321814209223, 0.0074568502604961395] imu_quat_wxyz=[0.19045214354991913, -0.024300867691636086, -0.023092234507203102, 0.9811239838600159] status=0x8203
joint_pos=[0.0, 0.0, 0.0, 0.0, 0.0, 0.0] joint_vel=[0.0, 0.0, 0.0, 0.0, 0.0, 0.0] imu_ang_vel=[0.015446333214640617, 0.0031957929022610188, 0.0069242180325090885] imu_quat_wxyz=[0.19042979180812836, -0.024276625365018845, -0.022967921569943428, 0.9811317920684814] status=0x8203
joint_pos=[0.0, 0.0, 0.0, 0.0, 0.0, 0.0] joint_vel=[0.0, 0.0, 0.0, 0.0, 0.0, 0.0] imu_ang_vel=[0.017044229432940483, 0.0031957929022610188, 0.0063915858045220375] imu_quat_wxyz=[0.19040705263614655, -0.024249758571386337, -0.022847725078463554, 0.9811397194862366] status=0x8203
joint_pos=[0.0, 0.0, 0.0, 0.0, 0.0, 0.0] joint_vel=[0.0, 0.0, 0.0, 0.0, 0.0, 0.0] imu_ang_vel=[0.016511596739292145, 0.0026631606742739677, 0.0074568502604961395] imu_quat_wxyz=[0.1903800070285797, -0.024224495515227318, -0.022720104083418846, 0.9811485409736633] status=0x8203
joint_pos=[0.0, 0.0, 0.0, 0.0, 0.0, 0.0] joint_vel=[0.0, 0.0, 0.0, 0.0, 0.0, 0.0] imu_ang_vel=[0.015446333214640617, 0.0037284251302480698, 0.005858954042196274] imu_quat_wxyz=[0.19035202264785767, -0.02419734001159668, -0.022600071504712105, 0.9811574220657349] status=0x8203
joint_pos=[0.0, 0.0, 0.0, 0.0, 0.0, 0.0] joint_vel=[0.0, 0.0, 0.0, 0.0, 0.0, 0.0] imu_ang_vel=[0.016511596739292145, 0.0015978964511305094, 0.005326321814209223] imu_quat_wxyz=[0.19039927423000336, -0.02430199459195137, -0.02309647761285305, 0.9811341166496277] status=0x8203
joint_pos=[0.0, 0.0, 0.0, 0.0, 0.0, 0.0] joint_vel=[0.0, 0.0, 0.0, 0.0, 0.0, 0.0] imu_ang_vel=[0.01757686212658882, 0.0037284251302480698, 0.0069242180325090885] imu_quat_wxyz=[0.19037887454032898, -0.024274978786706924, -0.022973427549004555, 0.9811415672302246] status=0x8203
joint_pos=[0.0, 0.0, 0.0, 0.0, 0.0, 0.0] joint_vel=[0.0, 0.0, 0.0, 0.0, 0.0, 0.0] imu_ang_vel=[0.017044229432940483, 0.0026631606742739677, 0.0063915858045220375] imu_quat_wxyz=[0.1903580278158188, -0.024249883368611336, -0.0228472538292408, 0.9811491966247559] status=0x8203
joint_pos=[0.0, 0.0, 0.0, 0.0, 0.0, 0.0] joint_vel=[0.0, 0.0, 0.0, 0.0, 0.0, 0.0] imu_ang_vel=[0.016511596739292145, 0.0021305286791175604, 0.005858954042196274] imu_quat_wxyz=[0.1903315931558609, -0.02421966753900051, -0.022721966728568077, 0.9811580777168274] status=0x8203
joint_pos=[0.0, 0.0, 0.0, 0.0, 0.0, 0.0] joint_vel=[0.0, 0.0, 0.0, 0.0, 0.0, 0.0] imu_ang_vel=[0.015978965908288956, 0.0037284251302480698, 0.0074568502604961395] imu_quat_wxyz=[0.19030748307704926, -0.024190645664930344, -0.022602127864956856, 0.9811661839485168] status=0x8203
joint_pos=[0.0, 0.0, 0.0, 0.0, 0.0, 0.0] joint_vel=[0.0, 0.0, 0.0, 0.0, 0.0, 0.0] imu_ang_vel=[0.01757686212658882, 0.0021305286791175604, 0.0069242180325090885] imu_quat_wxyz=[0.19032618403434753, -0.02429836057126522, -0.02310311235487461, 0.9811482429504395] status=0x8203
joint_pos=[0.0, 0.0, 0.0, 0.0, 0.0, 0.0] joint_vel=[0.0, 0.0, 0.0, 0.0, 0.0, 0.0] imu_ang_vel=[0.017044229432940483, 0.0031957929022610188, 0.0063915858045220375] imu_quat_wxyz=[0.1903156191110611, -0.0242829117923975, -0.023041365668177605, 0.9811521172523499] status=0x8203
joint_pos=[0.0, 0.0, 0.0, 0.0, 0.0, 0.0] joint_vel=[0.0, 0.0, 0.0, 0.0, 0.0, 0.0] imu_ang_vel=[0.015446333214640617, 0.0037284251302480698, 0.0069242180325090885] imu_quat_wxyz=[0.19028262794017792, -0.02424217201769352, -0.022848723456263542, 0.9811640381813049] status=0x8203
joint_pos=[0.0, 0.0, 0.0, 0.0, 0.0, 0.0] joint_vel=[0.0, 0.0, 0.0, 0.0, 0.0, 0.0] imu_ang_vel=[0.015978965908288956, 0.0037284251302480698, 0.0069242180325090885] imu_quat_wxyz=[0.1902589350938797, -0.024215616285800934, -0.02273338846862316, 0.9811720252037048] status=0x8203
joint_pos=[0.0, 0.0, 0.0, 0.0, 0.0, 0.0] joint_vel=[0.0, 0.0, 0.0, 0.0, 0.0, 0.0] imu_ang_vel=[0.01757686212658882, 0.0031957929022610188, 0.0074568502604961395] imu_quat_wxyz=[0.19023363292217255, -0.02419361099600792, -0.022612174972891808, 0.9811801910400391] status=0x8203
joint_pos=[0.0, 0.0, 0.0, 0.0, 0.0, 0.0] joint_vel=[0.0, 0.0, 0.0, 0.0, 0.0, 0.0] imu_ang_vel=[0.017044229432940483, 0.0021305286791175604, 0.0069242180325090885] imu_quat_wxyz=[0.19041672348976135, -0.024307306855916977, -0.02312186174094677, 0.9811300039291382] status=0x8203
joint_pos=[0.0, 0.0, 0.0, 0.0, 0.0, 0.0] joint_vel=[0.0, 0.0, 0.0, 0.0, 0.0, 0.0] imu_ang_vel=[0.015978965908288956, 0.0037284251302480698, 0.005858954042196274] imu_quat_wxyz=[0.190398707985878, -0.02427687495946884, -0.02300582453608513, 0.9811369776725769] status=0x8203
joint_pos=[0.0, 0.0, 0.0, 0.0, 0.0, 0.0] joint_vel=[0.0, 0.0, 0.0, 0.0, 0.0, 0.0] imu_ang_vel=[0.016511596739292145, 0.0021305286791175604, 0.0063915858045220375] imu_quat_wxyz=[0.19037364423274994, -0.024250749498605728, -0.022886542603373528, 0.9811452627182007] status=0x8203
joint_pos=[0.0, 0.0, 0.0, 0.0, 0.0, 0.0] joint_vel=[0.0, 0.0, 0.0, 0.0, 0.0, 0.0] imu_ang_vel=[0.015978965908288956, 0.0026631606742739677, 0.0074568502604961395] imu_quat_wxyz=[0.19035087525844574, -0.024222329258918762, -0.022762790322303772, 0.9811533093452454] status=0x8203
joint_pos=[0.0, 0.0, 0.0, 0.0, 0.0, 0.0] joint_vel=[0.0, 0.0, 0.0, 0.0, 0.0, 0.0] imu_ang_vel=[0.016511596739292145, 0.0026631606742739677, 0.0069242180325090885] imu_quat_wxyz=[0.19032905995845795, -0.024197569116950035, -0.02264738827943802, 0.9811607599258423] status=0x8203
joint_pos=[0.0, 0.0, 0.0, 0.0, 0.0, 0.0] joint_vel=[0.0, 0.0, 0.0, 0.0, 0.0, 0.0] imu_ang_vel=[0.015978965908288956, 0.0026631606742739677, 0.0063915858045220375] imu_quat_wxyz=[0.1904108226299286, -0.024300001561641693, -0.02313588559627533, 0.9811309576034546] status=0x8203
joint_pos=[0.0, 0.0, 0.0, 0.0, 0.0, 0.0] joint_vel=[0.0, 0.0, 0.0, 0.0, 0.0, 0.0] imu_ang_vel=[0.01810949295759201, 0.0037284251302480698, 0.005326321814209223] imu_quat_wxyz=[0.19038864970207214, -0.024279486387968063, -0.023014221340417862, 0.9811386466026306] status=0x8203
joint_pos=[0.0, 0.0, 0.0, 0.0, 0.0, 0.0] joint_vel=[0.0, 0.0, 0.0, 0.0, 0.0, 0.0] imu_ang_vel=[0.017044229432940483, 0.0031957929022610188, 0.0063915858045220375] imu_quat_wxyz=[0.19037656486034393, -0.02426905557513237, -0.022953536361455917, 0.9811426997184753] status=0x8203
joint_pos=[0.0, 0.0, 0.0, 0.0, 0.0, 0.0] joint_vel=[0.0, 0.0, 0.0, 0.0, 0.0, 0.0] imu_ang_vel=[0.015446333214640617, 0.0031957929022610188, 0.0069242180325090885] imu_quat_wxyz=[0.19034451246261597, -0.024233300238847733, -0.022765392437577248, 0.9811541438102722] status=0x8203
joint_pos=[0.0, 0.0, 0.0, 0.0, 0.0, 0.0] joint_vel=[0.0, 0.0, 0.0, 0.0, 0.0, 0.0] imu_ang_vel=[0.015978965908288956, 0.0031957929022610188, 0.0074568502604961395] imu_quat_wxyz=[0.19032040238380432, -0.024206308647990227, -0.022646289318799973, 0.9811623096466064] status=0x8203
joint_pos=[0.0, 0.0, 0.0, 0.0, 0.0, 0.0] joint_vel=[0.0, 0.0, 0.0, 0.0, 0.0, 0.0] imu_ang_vel=[0.01757686212658882, 0.004793689586222172, 0.0063915858045220375] imu_quat_wxyz=[0.19038145244121552, -0.024313369765877724, -0.02315443754196167, 0.981135904788971] status=0x8203
joint_pos=[0.0, 0.0, 0.0, 0.0, 0.0, 0.0] joint_vel=[0.0, 0.0, 0.0, 0.0, 0.0, 0.0] imu_ang_vel=[0.017044229432940483, 0.0031957929022610188, 0.007989482954144478] imu_quat_wxyz=[0.19035589694976807, -0.024292951449751854, -0.023030418902635574, 0.9811443090438843] status=0x8203
joint_pos=[0.0, 0.0, 0.0, 0.0, 0.0, 0.0] joint_vel=[0.0, 0.0, 0.0, 0.0, 0.0, 0.0] imu_ang_vel=[0.014913700520992279, 0.0037284251302480698, 0.005858954042196274] imu_quat_wxyz=[0.19033516943454742, -0.024270810186862946, -0.02290528081357479, 0.9811517596244812] status=0x8203
joint_pos=[0.0, 0.0, 0.0, 0.0, 0.0, 0.0] joint_vel=[0.0, 0.0, 0.0, 0.0, 0.0, 0.0] imu_ang_vel=[0.017044229432940483, 0.0015978964511305094, 0.004793689586222172] imu_quat_wxyz=[0.19031614065170288, -0.024244507774710655, -0.02278684452176094, 0.981158971786499] status=0x8203
joint_pos=[0.0, 0.0, 0.0, 0.0, 0.0, 0.0] joint_vel=[0.0, 0.0, 0.0, 0.0, 0.0, 0.0] imu_ang_vel=[0.015978965908288956, 0.0031957929022610188, 0.0063915858045220375] imu_quat_wxyz=[0.19029539823532104, -0.02421528287231922, -0.022664645686745644, 0.9811665415763855] status=0x8203
joint_pos=[0.0, 0.0, 0.0, 0.0, 0.0, 0.0] joint_vel=[0.0, 0.0, 0.0, 0.0, 0.0, 0.0] imu_ang_vel=[0.01810949295759201, 0.0037284251302480698, 0.0074568502604961395] imu_quat_wxyz=[0.19045326113700867, -0.024318238720297813, -0.02314097061753273, 0.9811221361160278] status=0x8203
joint_pos=[0.0, 0.0, 0.0, 0.0, 0.0, 0.0] joint_vel=[0.0, 0.0, 0.0, 0.0, 0.0, 0.0] imu_ang_vel=[0.015978965908288956, 0.0031957929022610188, 0.005326321814209223] imu_quat_wxyz=[0.19043216109275818, -0.024288326501846313, -0.023015296086668968, 0.9811300039291382] status=0x8203
joint_pos=[0.0, 0.0, 0.0, 0.0, 0.0, 0.0] joint_vel=[0.0, 0.0, 0.0, 0.0, 0.0, 0.0] imu_ang_vel=[0.016511596739292145, 0.0031957929022610188, 0.0069242180325090885] imu_quat_wxyz=[0.19042563438415527, -0.024273069575428963, -0.02295496314764023, 0.981132984161377] status=0x8203
joint_pos=[0.0, 0.0, 0.0, 0.0, 0.0, 0.0] joint_vel=[0.0, 0.0, 0.0, 0.0, 0.0, 0.0] imu_ang_vel=[0.016511596739292145, 0.004261057358235121, 0.007989482954144478] imu_quat_wxyz=[0.19039283692836761, -0.02423213981091976, -0.022765491157770157, 0.9811447858810425] status=0x8203
joint_pos=[0.0, 0.0, 0.0, 0.0, 0.0, 0.0] joint_vel=[0.0, 0.0, 0.0, 0.0, 0.0, 0.0] imu_ang_vel=[0.016511596739292145, 0.004261057358235121, 0.0069242180325090885] imu_quat_wxyz=[0.19036607444286346, -0.024212442338466644, -0.022639073431491852, 0.9811534285545349] status=0x8203
joint_pos=[0.0, 0.0, 0.0, 0.0, 0.0, 0.0] joint_vel=[0.0, 0.0, 0.0, 0.0, 0.0, 0.0] imu_ang_vel=[0.016511596739292145, 0.0037284251302480698, 0.005858954042196274] imu_quat_wxyz=[0.1905192732810974, -0.024305397644639015, -0.023129375651478767, 0.9811099171638489] status=0x8203
joint_pos=[0.0, 0.0, 0.0, 0.0, 0.0, 0.0] joint_vel=[0.0, 0.0, 0.0, 0.0, 0.0, 0.0] imu_ang_vel=[0.016511596739292145, 0.0026631606742739677, 0.0063915858045220375] imu_quat_wxyz=[0.19049693644046783, -0.024288196116685867, -0.023007294163107872, 0.9811175465583801] status=0x8203
joint_pos=[0.0, 0.0, 0.0, 0.0, 0.0, 0.0] joint_vel=[0.0, 0.0, 0.0, 0.0, 0.0, 0.0] imu_ang_vel=[0.017044229432940483, 0.004793689586222172, 0.0063915858045220375] imu_quat_wxyz=[0.1904723197221756, -0.024264169856905937, -0.022882215678691864, 0.9811258912086487] status=0x8203
joint_pos=[0.0, 0.0, 0.0, 0.0, 0.0, 0.0] joint_vel=[0.0, 0.0, 0.0, 0.0, 0.0, 0.0] imu_ang_vel=[0.017044229432940483, 0.004793689586222172, 0.0074568502604961395] imu_quat_wxyz=[0.1904459297657013, -0.024238944053649902, -0.0227611493319273, 0.9811344146728516] status=0x8203
joint_pos=[0.0, 0.0, 0.0, 0.0, 0.0, 0.0] joint_vel=[0.0, 0.0, 0.0, 0.0, 0.0, 0.0] imu_ang_vel=[0.016511596739292145, 0.0026631606742739677, 0.0074568502604961395] imu_quat_wxyz=[0.1904236227273941, -0.02421480044722557, -0.0226370170712471, 0.9811422228813171] status=0x8203
joint_pos=[0.0, 0.0, 0.0, 0.0, 0.0, 0.0] joint_vel=[0.0, 0.0, 0.0, 0.0, 0.0, 0.0] imu_ang_vel=[0.01757686212658882, 0.0021305286791175604, 0.0069242180325090885] imu_quat_wxyz=[0.190271258354187, -0.024306628853082657, -0.023135434836149216, 0.9811579585075378] status=0x8203
joint_pos=[0.0, 0.0, 0.0, 0.0, 0.0, 0.0] joint_vel=[0.0, 0.0, 0.0, 0.0, 0.0, 0.0] imu_ang_vel=[0.017044229432940483, 0.004793689586222172, 0.0063915858045220375] imu_quat_wxyz=[0.19024942815303802, -0.02428619936108589, -0.023010581731796265, 0.9811656475067139] status=0x8203
joint_pos=[0.0, 0.0, 0.0, 0.0, 0.0, 0.0] joint_vel=[0.0, 0.0, 0.0, 0.0, 0.0, 0.0] imu_ang_vel=[0.016511596739292145, 0.0031957929022610188, 0.0063915858045220375] imu_quat_wxyz=[0.19022557139396667, -0.02426341362297535, -0.022888442501425743, 0.9811736941337585] status=0x8203
joint_pos=[0.0, 0.0, 0.0, 0.0, 0.0, 0.0] joint_vel=[0.0, 0.0, 0.0, 0.0, 0.0, 0.0] imu_ang_vel=[0.015446333214640617, 0.0026631606742739677, 0.0069242180325090885] imu_quat_wxyz=[0.19020132720470428, -0.02423623390495777, -0.022763514891266823, 0.9811819195747375] status=0x8203
joint_pos=[0.0, 0.0, 0.0, 0.0, 0.0, 0.0] joint_vel=[0.0, 0.0, 0.0, 0.0, 0.0, 0.0] imu_ang_vel=[0.01810949295759201, 0.0026631606742739677, 0.007989482954144478] imu_quat_wxyz=[0.19018065929412842, -0.024214299395680428, -0.022646239027380943, 0.9811891317367554] status=0x8203
joint_pos=[0.0, 0.0, 0.0, 0.0, 0.0, 0.0] joint_vel=[0.0, 0.0, 0.0, 0.0, 0.0, 0.0] imu_ang_vel=[0.017044229432940483, 0.0037284251302480698, 0.005858954042196274] imu_quat_wxyz=[0.19002406299114227, -0.024304205551743507, -0.023140832781791687, 0.9812057018280029] status=0x8203
joint_pos=[0.0, 0.0, 0.0, 0.0, 0.0, 0.0] joint_vel=[0.0, 0.0, 0.0, 0.0, 0.0, 0.0] imu_ang_vel=[0.015978964045643806, 0.0031957931350916624, 0.006746673956513405] imu_quat_wxyz=[0.1900039166212082, -0.024282196536660194, -0.023014968261122704, 0.9812131524085999] status=0x8203
joint_pos=[0.0, 0.0, 0.0, 0.0, 0.0, 0.0] joint_vel=[0.0, 0.0, 0.0, 0.0, 0.0, 0.0] imu_ang_vel=[0.015978965908288956, 0.0031957929022610188, 0.0069242180325090885] imu_quat_wxyz=[0.18998070061206818, -0.024252329021692276, -0.02289489097893238, 0.9812211990356445] status=0x8203
joint_pos=[0.0, 0.0, 0.0, 0.0, 0.0, 0.0] joint_vel=[0.0, 0.0, 0.0, 0.0, 0.0, 0.0] imu_ang_vel=[0.016511596739292145, 0.0031957929022610188, 0.0063915858045220375] imu_quat_wxyz=[0.18995806574821472, -0.02422613464295864, -0.02276797778904438, 0.9812291860580444] status=0x8203
joint_pos=[0.0, 0.0, 0.0, 0.0, 0.0, 0.0] joint_vel=[0.0, 0.0, 0.0, 0.0, 0.0, 0.0] imu_ang_vel=[0.017044229432940483, 0.0031957929022610188, 0.0074568502604961395] imu_quat_wxyz=[0.18993285298347473, -0.02420269139111042, -0.022646835073828697, 0.9812374114990234] status=0x8203
motion_test: joint 1 returning to start
joint_pos=[0.0, 0.0, 0.0, 0.0, 0.0, 0.0] joint_vel=[0.0, 0.0, 0.0, 0.0, 0.0, 0.0] imu_ang_vel=[0.016511596739292145, 0.0031957929022610188, 0.0074568502604961395] imu_quat_wxyz=[0.1898423135280609, -0.02429124154150486, -0.02313118800520897, 0.9812414050102234] status=0x8203
joint_pos=[0.0, 0.0, 0.0, 0.0, 0.0, 0.0] joint_vel=[0.0, 0.0, 0.0, 0.0, 0.0, 0.0] imu_ang_vel=[0.01864212565124035, 0.0031957929022610188, 0.0074568502604961395] imu_quat_wxyz=[0.1898183673620224, -0.024263901636004448, -0.02300877869129181, 0.9812496900558472] status=0x8203
joint_pos=[0.0, 0.0, 0.0, 0.0, 0.0, 0.0] joint_vel=[0.0, 0.0, 0.0, 0.0, 0.0, 0.0] imu_ang_vel=[0.017044229432940483, 0.0026631606742739677, 0.0069242180325090885] imu_quat_wxyz=[0.18979789316654205, -0.024239711463451385, -0.02288787066936493, 0.9812570810317993] status=0x8203
joint_pos=[0.0, 0.0, 0.0, 0.0, 0.0, 0.0] joint_vel=[0.0, 0.0, 0.0, 0.0, 0.0, 0.0] imu_ang_vel=[0.016511596739292145, 0.0031957929022610188, 0.0069242180325090885] imu_quat_wxyz=[0.1897740662097931, -0.024212313815951347, -0.022765034809708595, 0.9812651872634888] status=0x8203
joint_pos=[0.0, 0.0, 0.0, 0.0, 0.0, 0.0] joint_vel=[0.0, 0.0, 0.0, 0.0, 0.0, 0.0] imu_ang_vel=[0.015446333214640617, 0.0031957929022610188, 0.005858954042196274] imu_quat_wxyz=[0.18976423144340515, -0.02420014888048172, -0.022704944014549255, 0.9812687635421753] status=0x8203
joint_pos=[0.0, 0.0, 0.0, 0.0, 0.0, 0.0] joint_vel=[0.0, 0.0, 0.0, 0.0, 0.0, 0.0] imu_ang_vel=[0.014913700520992279, 0.004261057358235121, 0.0069242180325090885] imu_quat_wxyz=[0.1896890103816986, -0.024283122271299362, -0.02316078543663025, 0.9812706708908081] status=0x8203
joint_pos=[0.0, 0.0, 0.0, 0.0, 0.0, 0.0] joint_vel=[0.0, 0.0, 0.0, 0.0, 0.0, 0.0] imu_ang_vel=[0.016511596739292145, 0.0031957929022610188, 0.005858954042196274] imu_quat_wxyz=[0.18966548144817352, -0.024261610582470894, -0.023045169189572334, 0.9812784790992737] status=0x8203
joint_pos=[0.0, 0.0, 0.0, 0.0, 0.0, 0.0] joint_vel=[0.0, 0.0, 0.0, 0.0, 0.0, 0.0] imu_ang_vel=[0.015446333214640617, 0.0037284251302480698, 0.005858954042196274] imu_quat_wxyz=[0.18964186310768127, -0.02424086257815361, -0.022925112396478653, 0.981286346912384] status=0x8203
joint_pos=[0.0, 0.0, 0.0, 0.0, 0.0, 0.0] joint_vel=[0.0, 0.0, 0.0, 0.0, 0.0, 0.0] imu_ang_vel=[0.015978965908288956, 0.0037284251302480698, 0.0069242180325090885] imu_quat_wxyz=[0.18961581587791443, -0.024220604449510574, -0.022808529436588287, 0.9812946319580078] status=0x8203
joint_pos=[0.0, 0.0, 0.0, 0.0, 0.0, 0.0] joint_vel=[0.0, 0.0, 0.0, 0.0, 0.0, 0.0] imu_ang_vel=[0.017044229432940483, 0.0031957929022610188, 0.005326321814209223] imu_quat_wxyz=[0.18959489464759827, -0.024198316037654877, -0.022689273580908775, 0.9813019037246704] status=0x8203
joint_pos=[0.0, 0.0, 0.0, 0.0, 0.0, 0.0] joint_vel=[0.0, 0.0, 0.0, 0.0, 0.0, 0.0] imu_ang_vel=[0.017044229432940483, 0.004261057358235121, 0.008522114716470242] imu_quat_wxyz=[0.18933875858783722, -0.024291645735502243, -0.023185186088085175, 0.9813375473022461] status=0x8203
joint_pos=[0.0, 0.0, 0.0, 0.0, 0.0, 0.0] joint_vel=[0.0, 0.0, 0.0, 0.0, 0.0, 0.0] imu_ang_vel=[0.01757686212658882, 0.0037284251302480698, 0.0069242180325090885] imu_quat_wxyz=[0.1893099546432495, -0.02427191287279129, -0.023063896223902702, 0.9813463687896729] status=0x8203
joint_pos=[0.0, 0.0, 0.0, 0.0, 0.0, 0.0] joint_vel=[0.0, 0.0, 0.0, 0.0, 0.0, 0.0] imu_ang_vel=[0.015446333214640617, 0.004793689586222172, 0.0069242180325090885] imu_quat_wxyz=[0.18928703665733337, -0.02424968220293522, -0.022931480780243874, 0.9813544154167175] status=0x8203
joint_pos=[0.0, 0.0, 0.0, 0.0, 0.0, 0.0] joint_vel=[0.0, 0.0, 0.0, 0.0, 0.0, 0.0] imu_ang_vel=[0.016511596739292145, 0.004793689586222172, 0.0069242180325090885] imu_quat_wxyz=[0.18926464021205902, -0.02422911301255226, -0.022809138521552086, 0.9813621044158936] status=0x8203
joint_pos=[0.0, 0.0, 0.0, 0.0, 0.0, 0.0] joint_vel=[0.0, 0.0, 0.0, 0.0, 0.0, 0.0] imu_ang_vel=[0.017044229432940483, 0.0037284251302480698, 0.0063915858045220375] imu_quat_wxyz=[0.18924029171466827, -0.02420387789607048, -0.02268449403345585, 0.9813703894615173] status=0x8203
joint_pos=[0.0, 0.0, 0.0, 0.0, 0.0, 0.0] joint_vel=[0.0, 0.0, 0.0, 0.0, 0.0, 0.0] imu_ang_vel=[0.015978965908288956, 0.0026631606742739677, 0.0074568502604961395] imu_quat_wxyz=[0.18918488919734955, -0.02430279180407524, -0.023183101788163185, 0.9813669323921204] status=0x8203
joint_pos=[0.0, 0.0, 0.0, 0.0, 0.0, 0.0] joint_vel=[0.0, 0.0, 0.0, 0.0, 0.0, 0.0] imu_ang_vel=[0.01757686212658882, 0.0037284251302480698, 0.0074568502604961395] imu_quat_wxyz=[0.18917304277420044, -0.02428792603313923, -0.023121438920497894, 0.9813711047172546] status=0x8203
joint_pos=[0.0, 0.0, 0.0, 0.0, 0.0, 0.0] joint_vel=[0.0, 0.0, 0.0, 0.0, 0.0, 0.0] imu_ang_vel=[0.01757686212658882, 0.0026631606742739677, 0.005858954042196274] imu_quat_wxyz=[0.18913833796977997, -0.024247823283076286, -0.02293294295668602, 0.9813831448554993] status=0x8203
joint_pos=[0.0, 0.0, 0.0, 0.0, 0.0, 0.0] joint_vel=[0.0, 0.0, 0.0, 0.0, 0.0, 0.0] imu_ang_vel=[0.01757686212658882, 0.0015978964511305094, 0.005858954042196274] imu_quat_wxyz=[0.18912149965763092, -0.0242187287658453, -0.022806961089372635, 0.9813900589942932] status=0x8203
joint_pos=[0.0, 0.0, 0.0, 0.0, 0.0, 0.0] joint_vel=[0.0, 0.0, 0.0, 0.0, 0.0, 0.0] imu_ang_vel=[0.01757686212658882, 0.0021305286791175604, 0.005858954042196274] imu_quat_wxyz=[0.1891041249036789, -0.02418946661055088, -0.022684602066874504, 0.9813969731330872] status=0x8203
joint_pos=[0.0, 0.0, 0.0, 0.0, 0.0, 0.0] joint_vel=[0.0, 0.0, 0.0, 0.0, 0.0, 0.0] imu_ang_vel=[0.016511596739292145, 0.0031957929022610188, 0.0063915858045220375] imu_quat_wxyz=[0.18900083005428314, -0.024283399805426598, -0.02316519245505333, 0.9814032912254333] status=0x8203
joint_pos=[0.0, 0.0, 0.0, 0.0, 0.0, 0.0] joint_vel=[0.0, 0.0, 0.0, 0.0, 0.0, 0.0] imu_ang_vel=[0.015446333214640617, 0.0031957929022610188, 0.0063915858045220375] imu_quat_wxyz=[0.18897587060928345, -0.024259548634290695, -0.02304389700293541, 0.9814115762710571] status=0x8203
joint_pos=[0.0, 0.0, 0.0, 0.0, 0.0, 0.0] joint_vel=[0.0, 0.0, 0.0, 0.0, 0.0, 0.0] imu_ang_vel=[0.017044229432940483, 0.0031957929022610188, 0.005326321814209223] imu_quat_wxyz=[0.1889580339193344, -0.024233484640717506, -0.02292274497449398, 0.9814184308052063] status=0x8203
joint_pos=[0.0, 0.0, 0.0, 0.0, 0.0, 0.0] joint_vel=[0.0, 0.0, 0.0, 0.0, 0.0, 0.0] imu_ang_vel=[0.01757686212658882, 0.0031957929022610188, 0.0063915858045220375] imu_quat_wxyz=[0.1889367401599884, -0.02420991286635399, -0.02279648184776306, 0.9814261198043823] status=0x8203
joint_pos=[0.0, 0.0, 0.0, 0.0, 0.0, 0.0] joint_vel=[0.0, 0.0, 0.0, 0.0, 0.0, 0.0] imu_ang_vel=[0.01810949295759201, 0.0031957929022610188, 0.0063915858045220375] imu_quat_wxyz=[0.18890996277332306, -0.024182995781302452, -0.022673040628433228, 0.9814347624778748] status=0x8203
joint_pos=[0.0, 0.0, 0.0, 0.0, 0.0, 0.0] joint_vel=[0.0, 0.0, 0.0, 0.0, 0.0, 0.0] imu_ang_vel=[0.017044229432940483, 0.0031957929022610188, 0.0074568502604961395] imu_quat_wxyz=[0.18896570801734924, -0.024271640926599503, -0.023127732798457146, 0.9814112782478333] status=0x8203
joint_pos=[0.0, 0.0, 0.0, 0.0, 0.0, 0.0] joint_vel=[0.0, 0.0, 0.0, 0.0, 0.0, 0.0] imu_ang_vel=[0.01757686212658882, 0.004261057358235121, 0.0063915858045220375] imu_quat_wxyz=[0.18895243108272552, -0.024257458746433258, -0.023063428699970245, 0.9814156889915466] status=0x8203
joint_pos=[0.0, 0.0, 0.0, 0.0, 0.0, 0.0] joint_vel=[0.0, 0.0, 0.0, 0.0, 0.0, 0.0] imu_ang_vel=[0.01757686212658882, 0.004261057358235121, 0.0074568502604961395] imu_quat_wxyz=[0.18891918659210205, -0.024226445704698563, -0.02288447879254818, 0.981427013874054] status=0x8203
joint_pos=[0.0, 0.0, 0.0, 0.0, 0.0, 0.0] joint_vel=[0.0, 0.0, 0.0, 0.0, 0.0, 0.0] imu_ang_vel=[0.015978965908288956, 0.005326321814209223, 0.0069242180325090885] imu_quat_wxyz=[0.18889394402503967, -0.02420452982187271, -0.02276371605694294, 0.981435239315033] status=0x8203
joint_pos=[0.0, 0.0, 0.0, 0.0, 0.0, 0.0] joint_vel=[0.0, 0.0, 0.0, 0.0, 0.0, 0.0] imu_ang_vel=[0.016511596739292145, 0.0037284251302480698, 0.005858954042196274] imu_quat_wxyz=[0.18887032568454742, -0.02418523281812668, -0.022646337747573853, 0.9814429879188538] status=0x8203
joint_pos=[0.0, 0.0, 0.0, 0.0, 0.0, 0.0] joint_vel=[0.0, 0.0, 0.0, 0.0, 0.0, 0.0] imu_ang_vel=[0.01757686212658882, 0.0037284251302480698, 0.0074568502604961395] imu_quat_wxyz=[0.18881544470787048, -0.024279290810227394, -0.023119794204831123, 0.9814401865005493] status=0x8203
joint_pos=[0.0, 0.0, 0.0, 0.0, 0.0, 0.0] joint_vel=[0.0, 0.0, 0.0, 0.0, 0.0, 0.0] imu_ang_vel=[0.016511596739292145, 0.0037284251302480698, 0.005858954042196274] imu_quat_wxyz=[0.1887948364019394, -0.02425665408372879, -0.022995896637439728, 0.9814475178718567] status=0x8203
joint_pos=[0.0, 0.0, 0.0, 0.0, 0.0, 0.0] joint_vel=[0.0, 0.0, 0.0, 0.0, 0.0, 0.0] imu_ang_vel=[0.015446333214640617, 0.0031957929022610188, 0.0063915858045220375] imu_quat_wxyz=[0.18877647817134857, -0.02423495426774025, -0.02287137508392334, 0.9814545512199402] status=0x8203
joint_pos=[0.0, 0.0, 0.0, 0.0, 0.0, 0.0] joint_vel=[0.0, 0.0, 0.0, 0.0, 0.0, 0.0] imu_ang_vel=[0.016511596739292145, 0.004261057358235121, 0.0074568502604961395] imu_quat_wxyz=[0.18875379860401154, -0.024208592250943184, -0.022747879847884178, 0.9814624786376953] status=0x8203
joint_pos=[0.0, 0.0, 0.0, 0.0, 0.0, 0.0] joint_vel=[0.0, 0.0, 0.0, 0.0, 0.0, 0.0] imu_ang_vel=[0.015978965908288956, 0.004261057358235121, 0.0063915858045220375] imu_quat_wxyz=[0.1887310892343521, -0.02418113499879837, -0.022623278200626373, 0.9814703464508057] status=0x8203
joint_pos=[0.0, 0.0, 0.0, 0.0, 0.0, 0.0] joint_vel=[0.0, 0.0, 0.0, 0.0, 0.0, 0.0] imu_ang_vel=[0.017044229432940483, 0.0026631606742739677, 0.0069242180325090885] imu_quat_wxyz=[0.18878838419914246, -0.024277064949274063, -0.023107003420591354, 0.9814457297325134] status=0x8203
joint_pos=[0.0, 0.0, 0.0, 0.0, 0.0, 0.0] joint_vel=[0.0, 0.0, 0.0, 0.0, 0.0, 0.0] imu_ang_vel=[0.01757686212658882, 0.0015978964511305094, 0.0069242180325090885] imu_quat_wxyz=[0.1887698769569397, -0.024249408394098282, -0.022980906069278717, 0.9814529418945312] status=0x8203
joint_pos=[0.0, 0.0, 0.0, 0.0, 0.0, 0.0] joint_vel=[0.0, 0.0, 0.0, 0.0, 0.0, 0.0] imu_ang_vel=[0.017044229432940483, 0.0037284251302480698, 0.005858954042196274] imu_quat_wxyz=[0.18874873220920563, -0.02421642281115055, -0.022858301177620888, 0.981460690498352] status=0x8203
joint_pos=[0.0, 0.0, 0.0, 0.0, 0.0, 0.0] joint_vel=[0.0, 0.0, 0.0, 0.0, 0.0, 0.0] imu_ang_vel=[0.015446333214640617, 0.0021305286791175604, 0.0074568502604961395] imu_quat_wxyz=[0.18873760104179382, -0.02420317940413952, -0.022794539108872414, 0.9814646244049072] status=0x8203
joint_pos=[0.0, 0.0, 0.0, 0.0, 0.0, 0.0] joint_vel=[0.0, 0.0, 0.0, 0.0, 0.0, 0.0] imu_ang_vel=[0.017044229432940483, 0.0031957929022610188, 0.0069242180325090885] imu_quat_wxyz=[0.18870292603969574, -0.024161729961633682, -0.022609233856201172, 0.9814766049385071] status=0x8203
joint_pos=[0.0, 0.0, 0.0, 0.0, 0.0, 0.0] joint_vel=[0.0, 0.0, 0.0, 0.0, 0.0, 0.0] imu_ang_vel=[0.015978965908288956, 0.0031957929022610188, 0.005326321814209223] imu_quat_wxyz=[0.18868468701839447, -0.02425120584666729, -0.023101940751075745, 0.9814664125442505] status=0x8203
joint_pos=[0.0, 0.0, 0.0, 0.0, 0.0, 0.0] joint_vel=[0.0, 0.0, 0.0, 0.0, 0.0, 0.0] imu_ang_vel=[0.015978965908288956, 0.0021305286791175604, 0.0069242180325090885] imu_quat_wxyz=[0.18866389989852905, -0.024222377687692642, -0.022977590560913086, 0.981473982334137] status=0x8203
joint_pos=[0.0, 0.0, 0.0, 0.0, 0.0, 0.0] joint_vel=[0.0, 0.0, 0.0, 0.0, 0.0, 0.0] imu_ang_vel=[0.015978965908288956, 0.0021305286791175604, 0.0063915858045220375] imu_quat_wxyz=[0.1886371374130249, -0.024196989834308624, -0.02285723201930523, 0.9814826250076294] status=0x8203
